8.865144409234575917e+00 4.030116233692949690e-01 -1.771628915398889115e+00 -2.482053640553874008e-01 -1.021246155080368090e-01 1.385483127686304716e-01 -7.311421229517081621e-02 -8.492376282688032796e-02 5.819193297706926060e-02 8.284355284674287183e-06 4.193802140565833919e-02 1.031731869608193408e-01 8.759318496740529925e-02 -1.936342936571891493e-01 -2.303890189902103314e-01 1.772724824817479283e-01 -6.050871895833724590e-02 1.051037530488744681e-01 3.612054928199481263e-01 1.114540814229597471e-01 -2.138037105377417826e-02 -2.144469435193847584e-01 -1.188023397777136086e-01 -1.246743413067212675e-01 2.342590649164796035e-01 -1.343439756824280906e-01 4.180075259415351741e-01 5.298630312241307816e-02 -1.729357369327997884e-01 6.114902043249812458e-01 1.017453852112857882e-01 -5.572099143706131796e-01 -2.882488961654857684e-01 -1.025074081748269528e-01 -7.236856325711957250e-02 2.458047750263526732e-01 2.331357487304561993e-01 -1.038660348906906283e-01 -1.840228327378761408e+00 3.433811490647647457e-01
4.030116233692949690e-01 7.997102442500024999e+00 5.023951249111601181e-01 -1.560850910679363546e+00 -5.520613337864942460e-01 -2.445412266945866386e-02 3.364224617082774427e-01 1.395639790912368006e-01 -9.477269783506470091e-01 -2.648020143035864638e-01 -1.535178932082862102e-01 1.684371954766453738e-01 4.333634345831979817e-01 -7.720955418822786354e-02 -3.522951586259641665e-01 -1.235515322677353395e-01 4.642198164775648145e-02 -2.422330161883766778e-02 8.347498936597877450e-02 4.295451333783218972e-01 4.162209597338123457e-01 -3.963521526150486363e-01 -1.978943013091703229e-01 -1.367496708581093512e-01 -7.919239199608024693e-02 -1.898996244662582572e-02 -2.297326202919582894e-01 -1.559415134919177048e-01 2.193665770787662783e-01 2.617531125657718838e-01 1.578207396059838896e-01 -1.309494366154470013e-01 5.646774023156796857e-02 -1.485000581970401246e-02 7.293800465664095067e-02 1.090092063049805660e-01 -3.673465454516294804e-01 -3.005185786847069593e-02 -3.643292304688652283e-01 -2.033612814787036704e+00
-1.771628915398889115e+00 5.023951249111601181e-01 7.184061861591909626e+00 -2.689478760416454950e-01 -1.862037033023453914e+00 1.785518378867501643e-01 -4.316756145650253729e-02 2.740020334058985152e-01 -3.600105701474828890e-01 -4.883476882735558466e-01 -3.117659576333201704e-03 -4.297402043734159516e-02 -2.469943124536101708e-01 4.596698069170618295e-01 9.926444907571198295e-02 -4.941156917295865675e-02 1.009892702933775227e-01 -2.681080852009740667e-01 -3.054512166021099429e-01 9.765552785946023107e-02 3.598001303521742300e-01 1.497290807881817842e-01 -1.822450088228255716e-01 1.633978960811499348e-01 -4.584773114176545622e-02 2.416912904071551460e-01 3.316369973839053409e-01 -8.177426762105236557e-01 -5.974465058515083804e-01 -3.091970599606230219e-01 2.502125102398948253e-01 2.779962802365987251e-01 1.309046773571762579e-01 -3.481256694196271234e-02 -1.777286992745954752e-01 -6.340695607925957156e-02 -8.598530106838619610e-03 4.733937134175025818e-02 1.041881064974772148e-01 -1.039292396490874293e-01
-2.482053640553874008e-01 -1.560850910679363546e+00 -2.689478760416454950e-01 7.254521120999450012e+00 -1.062797656145300466e-02 -1.242959793917747469e+00 -5.769315587780527999e-01 -1.088057753865777910e-01 3.158847127571938751e-01 -3.207078272016356535e-01 -3.144770142974208094e-01 3.328321238769995638e-01 -3.966229438838125149e-02 -9.771130391028544360e-02 3.906775176725341137e-02 9.571777746015206270e-03 -8.608637997987871049e-02 2.485981333588513087e-01 -2.883238272989520623e-01 2.252688884374971778e-01 -5.366040259098926457e-01 -2.071827735100001677e-01 1.147507388063297024e-01 2.495999329634618694e-02 7.366198485694791520e-02 6.893310995399000787e-03 8.483045322235296948e-02 -2.418136693680613403e-01 4.591069470483420678e-02 4.282256550496836393e-03 -4.481075086718280115e-02 -2.437275723899590962e-01 -2.440882908675469642e-01 -6.585016495065719455e-02 6.435028772898104821e-01 -1.271703663333499934e-01 1.418893012662560960e-01 -5.133638470733116466e-02 5.552257563870174328e-01 1.617823201996475002e-01
-1.021246155080368090e-01 -5.520613337864942460e-01 -1.862037033023453914e+00 -1.062797656145300466e-02 7.917388412535197872e+00 6.596031138815207084e-01 -8.994365532937966812e-01 -7.263404613519058861e-01 -7.644004175302997195e-03 5.434571457861656629e-01 -1.386833794791061114e-01 -2.814043697377893727e-01 -1.169217887473405354e-01 4.051818080215929124e-02 2.693263789317527079e-01 -6.748714702963827528e-02 2.388532083034982864e-02 1.737576239176513715e-01 8.420563635363795263e-02 -4.176786050195522432e-02 -2.695145452970062472e-01 -1.333062446039906257e-01 -9.994028319333704558e-02 2.002269304689364426e-01 -3.187871771120338038e-01 -1.404098184615758527e-01 4.813350520580620406e-01 -4.564672060851414706e-03 1.017453852046058121e-01 -1.741397977741077630e-01 -3.295132626434987833e-01 -6.071545945662559784e-01 4.263835052366304196e-02 3.462896448177677639e-02 1.601156070299721013e-01 -7.085841571778508929e-03 -2.545542785137216643e-02 2.270107235274136659e-01 2.506533037640388262e-01 8.189335041276356308e-02
1.385483127686304716e-01 -2.445412266945866386e-02 1.785518378867501643e-01 -1.242959793917747469e+00 6.596031138815207084e-01 8.054672801139703964e+00 1.487061032604468203e+00 -1.889374019197647359e+00 -5.436291434542962486e-01 -3.520372770943960838e-01 6.910072272279761674e-02 2.063085501234927441e-02 -5.942900000000115313e-01 -3.363022324819182063e-01 -8.887193040365166941e-02 2.964066480841299200e-01 -4.081375806528675376e-01 -5.454699777932497939e-02 -1.027536344244999421e-02 1.929678435998224695e-01 5.022387648516688508e-01 1.315379823408321380e-01 -3.393843060898965591e-01 -4.785664285904638049e-02 7.591738932911439031e-02 -7.102418580768823930e-02 1.421226135585305639e-01 8.744842075149281135e-02 -2.119951404459948785e-01 1.168192321855829052e-01 -2.437199815476089326e-01 -2.654569696375256305e-01 2.237390353277694810e-01 1.384279713952142055e-01 -2.344097384012595528e-02 -2.416935280597287683e-01 2.108489879300048109e-01 -7.985101387098214598e-02 -1.098484684799444083e-01 -2.377964667783288855e-01
-7.311421229517081621e-02 3.364224617082774427e-01 -4.316756145650253729e-02 -5.769315587780527999e-01 -8.994365532937966812e-01 1.487061032604468203e+00 7.820596007093678637e+00 6.845393255962964885e-01 -2.600750542686411482e+00 -1.698298385777627373e-01 -8.770983952914548909e-02 -3.570220423840796131e-02 -4.085061292283079237e-01 -9.260861517192986447e-02 -4.049502676258665002e-01 5.657629281695798484e-01 2.439890349540168191e-03 -4.712188882687773361e-01 4.052172383655613941e-02 1.458950877800025414e-01 -2.551342773201886738e-01 -3.788160875720189991e-03 2.277043413422820128e-01 -6.462202933205655198e-01 8.763589806653507286e-02 -4.088244390270429768e-02 -6.442117434939240161e-02 1.297321001089481451e-01 8.732606095149628156e-02 8.631454002709276763e-02 1.060161687706788064e-01 1.970185906717521473e-01 1.131035809320682650e-01 -9.890538938386250756e-02 -7.804385004791528080e-02 1.023254746565199595e-02 2.900359192535015285e-01 8.228567108467906011e-02 6.959100997262988864e-02 1.848266377279469963e-01
-8.492376282688032796e-02 1.395639790912368006e-01 2.740020334058985152e-01 -1.088057753865777910e-01 -7.263404613519058861e-01 -1.889374019197647359e+00 6.845393255962964885e-01 9.480663472528828351e+00 8.146905412203816477e-01 -1.731397733650607673e+00 -4.840469734198094010e-01 1.824004391275508563e-01 2.659416870721543757e-01 1.046536660449262218e-01 -3.377454644712275800e-02 -2.294207623577836086e-01 2.996998204305369451e-01 -1.799773000327520023e-01 -4.392874819203730630e-03 -1.125116616658525942e-01 3.590069754217377618e-01 1.471419491940612334e-01 3.166340960347090450e-01 -2.047925204460919468e-02 1.295623935418897289e-02 2.858991041445617665e-01 -3.448928603690517014e-01 8.228439709308793537e-02 3.715088615447019182e-01 1.517138298065999480e-01 -1.488032677332268572e-01 2.460486843232188026e-01 -1.836087110896999497e-01 3.015618359472758692e-01 3.771786172635991918e-01 -2.172557904663016334e-02 -3.211402621042430683e-01 1.389909309358295375e-01 -1.884502771756473849e-01 2.314687715097873411e-01
5.819193297706926060e-02 -9.477269783506470091e-01 -3.600105701474828890e-01 3.158847127571938751e-01 -7.644004175302997195e-03 -5.436291434542962486e-01 -2.600750542686411482e+00 8.146905412203816477e-01 9.150221951865207259e+00 6.929083279060797018e-01 -2.400293971367899903e+00 -3.352332427868231352e-02 9.951681436202461373e-02 -7.555227203714781625e-02 5.730098213547821784e-01 -1.625365323577228904e-01 -2.728234819339405703e-01 3.014581537834615799e-01 -1.113555168093465358e-01 -9.169537338245928315e-02 -1.261267209451354121e-01 6.624177733441539984e-02 4.461016320935945467e-01 4.316109713738274789e-01 -1.296599412015743413e-01 3.276716798852923884e-01 5.772723443428090517e-02 -1.453273195500878745e-01 2.902300802723846440e-02 -4.760615392536189650e-02 1.357049554188820284e-01 1.926484087412786428e-01 -4.706952488431925125e-02 -2.330842955638908198e-01 -7.085511705917739433e-02 2.371939021321476521e-02 -1.785309329885231000e-01 6.073861100200673990e-02 7.107098750658114028e-02 1.589835140300835392e-01
8.284355284674287183e-06 -2.648020143035864638e-01 -4.883476882735558466e-01 -3.207078272016356535e-01 5.434571457861656629e-01 -3.520372770943960838e-01 -1.698298385777627373e-01 -1.731397733650607673e+00 6.929083279060797018e-01 9.396242559490312729e+00 -1.191455935566247820e-01 -1.848008194762095657e+00 5.317197399793225365e-01 2.749739340436312962e-01 4.629894651013097273e-02 3.260386630890920734e-01 2.021095621893742311e-01 -2.637825216765870562e-01 3.182677068065858927e-02 3.257438204125451264e-01 -3.983051178329751196e-01 -2.320780070066360556e-01 7.623612709581295555e-02 1.419025104154164885e-01 1.800420229965965513e-01 -5.129733618559750852e-01 -9.635451430115267446e-02 -5.146439562031067394e-02 1.647253223221511464e-01 2.641774508133335475e-01 2.268280643776990346e-02 1.292900997217802106e-01 -1.184087828668054787e-01 8.211266626427823900e-02 -3.181007087932010702e-01 -3.327213240236379654e-01 1.504699658345146074e-01 2.715368968390757254e-01 9.006367070039081324e-02 -2.085426573751343049e-01
4.193802140565833919e-02 -1.535178932082862102e-01 -3.117659576333201704e-03 -3.144770142974208094e-01 -1.386833794791061114e-01 6.910072272279761674e-02 -8.770983952914548909e-02 -4.840469734198094010e-01 -2.400293971367899903e+00 -1.191455935566247820e-01 9.701566161977220659e+00 2.142149909873301561e-01 -1.796560122407676374e+00 -1.168387883579345976e+00 -1.404710303480876388e-01 5.486179833519556626e-01 7.901958063707377189e-01 -1.025383064323534821e-01 3.286639716248407339e-02 1.734886869720924929e-01 -2.237217125874715329e-01 -8.316364634439674108e-02 1.376792818771858384e-01 -2.600962765578794800e-01 -6.938378503158458728e-03 -4.732510217243973139e-01 1.596412311222781544e-01 1.849822497950655287e-01 -2.675050301895182114e-01 4.978956412626188710e-01 9.008457450422421853e-02 -2.991422499787392830e-01 -3.481197077777652971e-01 3.508168814828256932e-01 -1.306787295835183660e-01 -2.390887593784727094e-01 -7.476303924129105993e-02 -7.319687838427799131e-02 -1.624518619462542515e-02 1.064428957663234449e-01
1.031731869608193408e-01 1.684371954766453738e-01 -4.297402043734159516e-02 3.328321238769995638e-01 -2.814043697377893727e-01 2.063085501234927441e-02 -3.570220423840796131e-02 1.824004391275508563e-01 -3.352332427868231352e-02 -1.848008194762095657e+00 2.142149909873301561e-01 8.509459937408566432e+00 6.536600469574572747e-01 -2.016198118784140014e+00 -7.460611144324187372e-01 -1.851119150240347622e-01 5.600296561157180886e-01 4.263091676890770065e-01 6.834138907235161320e-02 -1.395144548058874501e-01 -3.551303199097843866e-01 8.398635375797548763e-02 4.106427305213660728e-01 2.100781134523290253e-02 -4.207649400664080774e-01 1.147119073463714889e-01 2.097524513922729983e-01 -3.249690742676769606e-01 6.671722484953714061e-02 -5.289838980203882546e-01 -1.800619032127662167e-01 3.360901795005118153e-02 2.577959337795103778e-01 -3.541896580751965340e-01 -1.820981737225151886e-01 5.760030136186343637e-03 -7.580885031442669009e-01 -8.865324309640078282e-02 1.929697714662206853e-01 5.087793799549417822e-02
8.759318496740529925e-02 4.333634345831979817e-01 -2.469943124536101708e-01 -3.966229438838125149e-02 -1.169217887473405354e-01 -5.942900000000115313e-01 -4.085061292283079237e-01 2.659416870721543757e-01 9.951681436202461373e-02 5.317197399793225365e-01 -1.796560122407676374e+00 6.536600469574572747e-01 9.272564390617750618e+00 8.177840476483283494e-01 -1.747860966773591151e+00 -2.267467199404209210e-01 4.538305055282131073e-02 1.636381407857908366e-01 2.232704202470135735e-01 -1.553915082147757643e-01 -4.048682055518158796e-02 7.252359249468434688e-02 1.264220221073621975e-01 1.476209653051966386e-01 2.677487551436320556e-01 7.581745172641328467e-02 -2.034270332144950347e-03 8.928563804496977840e-02 4.752596921417513443e-01 -2.510649021192580266e-01 -8.555412539467923683e-01 -2.908820550042777731e-01 1.867808806511419006e-01 1.057047248469223655e-01 -2.770654478290922665e-02 -5.400332384039622236e-01 -2.241846862423801656e-01 1.381991199086156918e-01 1.139197161266376906e-01 3.753380596128774727e-01
-1.936342936571891493e-01 -7.720955418822786354e-02 4.596698069170618295e-01 -9.771130391028544360e-02 4.051818080215929124e-02 -3.363022324819182063e-01 -9.260861517192986447e-02 1.046536660449262218e-01 -7.555227203714781625e-02 2.749739340436312962e-01 -1.168387883579345976e+00 -2.016198118784140014e+00 8.177840476483283494e-01 9.802006900214468743e+00 3.372158883703150201e-01 -2.020056673125727453e+00 -2.965326261242088868e-01 -1.545981517193588672e-01 4.265100451694483485e-01 -8.283878623834577126e-02 -2.099091514985380880e-01 5.248363740039554970e-02 3.450399507108088959e-01 7.884598202471018724e-02 -7.460659718240573168e-01 -1.116589717616163074e-01 5.122423919155547622e-01 5.298507929789150750e-02 1.903716629681296846e-01 -3.142986117523277612e-01 -8.716772328669097902e-02 -3.295065042029763913e-01 -7.908325642270964961e-02 6.621611227293847102e-02 -4.436949972767895850e-02 -2.063935476680987813e-01 -2.775336059183229898e-01 -3.064571995588329933e-01 -2.439113687107223594e-01 2.872548672454178775e-01
-2.303890189902103314e-01 -3.522951586259641665e-01 9.926444907571198295e-02 3.906775176725341137e-02 2.693263789317527079e-01 -8.887193040365166941e-02 -4.049502676258665002e-01 -3.377454644712275800e-02 5.730098213547821784e-01 4.629894651013097273e-02 -1.404710303480876388e-01 -7.460611144324187372e-01 -1.747860966773591151e+00 3.372158883703150201e-01 9.122712175008070190e+00 4.766980862673474983e-01 -1.641473900264179608e+00 -7.093121914742049894e-01 2.020772919156495484e-01 5.856754409819294738e-01 -4.814098982211746126e-03 -6.585971513213671746e-02 -3.934167729004381386e-02 -8.937219091229821333e-02 4.385188606914725562e-01 1.431183701227241589e-01 -3.778051714844894715e-02 -1.825942816909863486e-01 -3.379148544190936909e-01 -1.113465969379741349e-01 1.352971276151490321e-01 3.985207771144974043e-01 -4.386522524781913956e-01 4.774182983900591981e-02 2.233237712763467501e-03 3.847626804472700779e-01 7.771838862521847358e-02 -4.452681795517441921e-01 -1.029112530300781425e-01 -3.082222004167414764e-02
1.772724824817479283e-01 -1.235515322677353395e-01 -4.941156917295865675e-02 9.571777746015206270e-03 -6.748714702963827528e-02 2.964066480841299200e-01 5.657629281695798484e-01 -2.294207623577836086e-01 -1.625365323577228904e-01 3.260386630890920734e-01 5.486179833519556626e-01 -1.851119150240347622e-01 -2.267467199404209210e-01 -2.020056673125727453e+00 4.766980862673474983e-01 1.005584531690207228e+01 5.046309995854605934e-02 -1.935822419045824860e+00 -7.891876466457947714e-02 -6.985256866322209213e-02 1.967201134987336675e-01 -4.209514338434714592e-02 2.542337114094956330e-01 2.943562883210533443e-02 3.779094172056157719e-02 -1.160340874394352462e-01 -2.130301766108392281e-01 -1.835150931671879759e-01 -6.643030131841486108e-02 2.977264891426901761e-01 -3.000332487472047172e-01 4.434044019732701347e-01 4.745944442409871789e-01 -2.618644752078181370e-01 4.921742231044349408e-02 4.002395237822663904e-02 5.558560312510764101e-01 1.771663725077157747e-01 -3.975378911830450557e-01 -1.684170863762391446e-01
-6.050871895833724590e-02 4.642198164775648145e-02 1.009892702933775227e-01 -8.608637997987871049e-02 2.388532083034982864e-02 -4.081375806528675376e-01 2.439890349540168191e-03 2.996998204305369451e-01 -2.728234819339405703e-01 2.021095621893742311e-01 7.901958063707377189e-01 5.600296561157180886e-01 4.538305055282131073e-02 -2.965326261242088868e-01 -1.641473900264179608e+00 5.046309995854605934e-02 8.526643036534640174e+00 7.737373112620469229e-01 -1.399134147130948191e+00 -7.720089399209673076e-01 5.356146175341223309e-02 3.977852470402644114e-01 8.323625078101599961e-02 4.297194062451260566e-01 -1.318785514146328663e-01 -9.903645082444871572e-02 -2.001700647519142895e-01 -2.739463063921943609e-01 2.885632516587628010e-02 -8.404489940153818395e-02 1.016464110522954656e-01 -1.502830514121752947e-01 3.128182766011948501e-02 1.752959993612429324e-01 -5.985604612047635831e-01 -4.679079745822223302e-01 -6.189697463165868413e-02 1.058127910488951273e-01 1.312620448161435638e-01 -1.604379422534343846e-01
1.051037530488744681e-01 -2.422330161883766778e-02 -2.681080852009740667e-01 2.485981333588513087e-01 1.737576239176513715e-01 -5.454699777932497939e-02 -4.712188882687773361e-01 -1.799773000327520023e-01 3.014581537834615799e-01 -2.637825216765870562e-01 -1.025383064323534821e-01 4.263091676890770065e-01 1.636381407857908366e-01 -1.545981517193588672e-01 -7.093121914742049894e-01 -1.935822419045824860e+00 7.737373112620469229e-01 8.243766452753565233e+00 6.791556266085350124e-01 -1.450843705902809200e+00 -4.119980806334883616e-01 -2.788141253902315930e-01 9.436862276421860429e-02 -2.802362839552524285e-02 4.153162934134809747e-01 -3.931192303479965622e-01 -1.403872402543365205e-01 1.513424775667749356e-01 1.532280982589752649e-01 1.616826588197243231e-01 -1.953789002063120728e-01 -6.869882833870314398e-01 -1.188052808989804726e-01 -1.341802703443959466e-01 -3.354874807072630305e-02 -2.367669586708143759e-01 -3.627671374529801707e-01 -1.737619015307604320e-01 2.263149733375993677e-01 7.670003167965415425e-02
3.612054928199481263e-01 8.347498936597877450e-02 -3.054512166021099429e-01 -2.883238272989520623e-01 8.420563635363795263e-02 -1.027536344244999421e-02 4.052172383655613941e-02 -4.392874819203730630e-03 -1.113555168093465358e-01 3.182677068065858927e-02 3.286639716248407339e-02 6.834138907235161320e-02 2.232704202470135735e-01 4.265100451694483485e-01 2.020772919156495484e-01 -7.891876466457947714e-02 -1.399134147130948191e+00 6.791556266085350124e-01 7.584523789919870751e+00 6.893341428881903932e-01 -1.831148520168972116e+00 -4.421331103629898562e-01 -4.580672874148318252e-01 2.637967194066473398e-01 4.423232128781626749e-01 6.558785525502849705e-03 -3.036669560212699182e-01 -4.324070949047145729e-01 -1.047320174411749683e-01 4.064856901750889540e-01 -4.444047136658214603e-01 1.188355373237851842e-01 2.377535051061543114e-01 2.730832362441212163e-02 2.961057911426658862e-01 3.459963736566576409e-02 -1.991646385245896544e-01 -4.569431676048632540e-01 -4.932578754541988020e-01 2.176982881641592871e-01
1.114540814229597471e-01 4.295451333783218972e-01 9.765552785946023107e-02 2.252688884374971778e-01 -4.176786050195522432e-02 1.929678435998224695e-01 1.458950877800025414e-01 -1.125116616658525942e-01 -9.169537338245928315e-02 3.257438204125451264e-01 1.734886869720924929e-01 -1.395144548058874501e-01 -1.553915082147757643e-01 -8.283878623834577126e-02 5.856754409819294738e-01 -6.985256866322209213e-02 -7.720089399209673076e-01 -1.450843705902809200e+00 6.893341428881903932e-01 8.505386463140595765e+00 8.035969286549397017e-01 -1.421120482581002653e+00 -7.770887800736698825e-01 -3.501407691300315039e-01 2.000491400732834768e-01 1.478835626989100371e-01 -4.297518045117266344e-02 3.821711756504846819e-02 -6.159307870445333150e-02 -1.518512383762136153e-01 -8.347657496622210016e-02 2.387730823544069181e-01 -2.027728494581083063e-01 -5.879417225270246877e-02 2.325100476746342348e-01 4.663035185914985586e-02 1.737542084215502602e-01 -9.203528300150198849e-02 -3.776821726727089823e-01 1.273342453040683941e-01
-2.138037105377417826e-02 4.162209597338123457e-01 3.598001303521742300e-01 -5.366040259098926457e-01 -2.695145452970062472e-01 5.022387648516688508e-01 -2.551342773201886738e-01 3.590069754217377618e-01 -1.261267209451354121e-01 -3.983051178329751196e-01 -2.237217125874715329e-01 -3.551303199097843866e-01 -4.048682055518158796e-02 -2.099091514985380880e-01 -4.814098982211746126e-03 1.967201134987336675e-01 5.356146175341223309e-02 -4.119980806334883616e-01 -1.831148520168972116e+00 8.035969286549397017e-01 7.938870310022128507e+00 7.125017251367767868e-01 -1.499963564742602395e+00 -5.954409373114852855e-01 -4.555349231759033835e-01 4.111402764977300506e-01 1.628471665462653123e-02 9.544000294513689531e-02 6.581533243121252819e-02 8.111042604196763706e-02 1.042163725077523834e-01 -1.226140557030909045e-01 -3.345167799871735514e-01 1.937771277209912602e-01 -5.464359918400658878e-02 4.573863065297127384e-01 3.445204661953107372e-01 -4.307511436016179807e-01 -1.715841016322889878e-01 -2.107561181969797026e-01
-2.144469435193847584e-01 -3.963521526150486363e-01 1.497290807881817842e-01 -2.071827735100001677e-01 -1.333062446039906257e-01 1.315379823408321380e-01 -3.788160875720189991e-03 1.471419491940612334e-01 6.624177733441539984e-02 -2.320780070066360556e-01 -8.316364634439674108e-02 8.398635375797548763e-02 7.252359249468434688e-02 5.248363740039554970e-02 -6.585971513213671746e-02 -4.209514338434714592e-02 3.977852470402644114e-01 -2.788141253902315930e-01 -4.421331103629898562e-01 -1.421120482581002653e+00 7.125017251367767868e-01 7.780407374716335589e+00 8.163280923398341660e-01 -1.341412712846965727e+00 -5.573192985590916804e-01 -5.887873258383498065e-01 8.608806743079901180e-02 4.085395423873585119e-01 -1.539276060348767905e-01 -3.099687124151154216e-01 3.014522461282753141e-01 4.504012653502794117e-01 -2.590036660427808557e-01 -3.563695023466935674e-01 5.444482553899578775e-02 -2.903560560965314785e-01 4.323153937751659792e-01 -1.173810516154610711e-01 4.338484348644637834e-01 1.701472174965434903e-01
-1.188023397777136086e-01 -1.978943013091703229e-01 -1.822450088228255716e-01 1.147507388063297024e-01 -9.994028319333704558e-02 -3.393843060898965591e-01 2.277043413422820128e-01 3.166340960347090450e-01 4.461016320935945467e-01 7.623612709581295555e-02 1.376792818771858384e-01 4.106427305213660728e-01 1.264220221073621975e-01 3.450399507108088959e-01 -3.934167729004381386e-02 2.542337114094956330e-01 8.323625078101599961e-02 9.436862276421860429e-02 -4.580672874148318252e-01 -7.770887800736698825e-01 -1.499963564742602395e+00 8.163280923398341660e-01 8.495202888274240749e+00 4.339761326952193965e-01 -1.658772906542664627e+00 -5.350848735465476569e-01 1.829280153409388598e-01 4.958556302417760353e-01 -1.390909753384061698e-01 -4.296878346135663551e-01 -7.483453190451680448e-02 -2.694052962481761557e-02 3.796550654333853969e-01 3.066944742735820684e-02 9.913816527309703142e-02 -2.646821721734425870e-01 -4.982257178734621900e-02 5.260927931261156765e-01 7.908148202417560058e-02 -4.953069643940214567e-02
-1.246743413067212675e-01 -1.367496708581093512e-01 1.633978960811499348e-01 2.495999329634618694e-02 2.002269304689364426e-01 -4.785664285904638049e-02 -6.462202933205655198e-01 -2.047925204460919468e-02 4.316109713738274789e-01 1.419025104154164885e-01 -2.600962765578794800e-01 2.100781134523290253e-02 1.476209653051966386e-01 7.884598202471018724e-02 -8.937219091229821333e-02 2.943562883210533443e-02 4.297194062451260566e-01 -2.802362839552524285e-02 2.637967194066473398e-01 -3.501407691300315039e-01 -5.954409373114852855e-01 -1.341412712846965727e+00 4.339761326952193965e-01 8.046241831425994917e+00 9.088132034729780040e-01 -1.786231758341922937e+00 -2.648182947334866144e-01 -4.066788299737004175e-01 2.087761759751907698e-01 -9.895004805985566088e-02 -3.512784024410209871e-01 1.579340007780769689e-02 3.044013107677793761e-01 4.145419339772963285e-01 5.233697430861294908e-01 -3.991736793450790799e-01 -4.726914911901617528e-02 1.520822370378818733e-01 1.667802613587293092e-01 -1.229581545881524435e-01
2.342590649164796035e-01 -7.919239199608024693e-02 -4.584773114176545622e-02 7.366198485694791520e-02 -3.187871771120338038e-01 7.591738932911439031e-02 8.763589806653507286e-02 1.295623935418897289e-02 -1.296599412015743413e-01 1.800420229965965513e-01 -6.938378503158458728e-03 -4.207649400664080774e-01 2.677487551436320556e-01 -7.460659718240573168e-01 4.385188606914725562e-01 3.779094172056157719e-02 -1.318785514146328663e-01 4.153162934134809747e-01 4.423232128781626749e-01 2.000491400732834768e-01 -4.555349231759033835e-01 -5.573192985590916804e-01 -1.658772906542664627e+00 9.088132034729780040e-01 8.897686413014238127e+00 1.053230247287171295e+00 -1.483608821858442450e+00 -7.264263683433033192e-01 -6.981861579485140745e-02 2.603883470251174836e-01 2.534706136236742832e-02 5.522107620304261832e-01 -2.227842201605828854e-01 4.570092344636383919e-02 -9.528629314524278415e-02 -5.629922104917820525e-01 -2.220263849385955834e-01 2.627688414096218117e-01 1.847776257704791536e-01 2.441547193117468151e-01
-1.343439756824280906e-01 -1.898996244662582572e-02 2.416912904071551460e-01 6.893310995399000787e-03 -1.404098184615758527e-01 -7.102418580768823930e-02 -4.088244390270429768e-02 2.858991041445617665e-01 3.276716798852923884e-01 -5.129733618559750852e-01 -4.732510217243973139e-01 1.147119073463714889e-01 7.581745172641328467e-02 -1.116589717616163074e-01 1.431183701227241589e-01 -1.160340874394352462e-01 -9.903645082444871572e-02 -3.931192303479965622e-01 6.558785525502849705e-03 1.478835626989100371e-01 4.111402764977300506e-01 -5.887873258383498065e-01 -5.350848735465476569e-01 -1.786231758341922937e+00 1.053230247287171295e+00 8.479072972188767210e+00 7.350607346338851045e-01 -1.595435115518903491e+00 -9.768637755937669143e-01 -4.771549334512877327e-01 5.659685392308791974e-01 3.710249556078813460e-01 -3.060797209123465312e-01 1.580891617925675452e-01 -1.218210483215366874e-01 4.028122406505316722e-01 3.442068952729407383e-01 -1.979490946286815434e-01 3.397697446960272049e-03 -2.453465145491978347e-02
4.180075259415351741e-01 -2.297326202919582894e-01 3.316369973839053409e-01 8.483045322235296948e-02 4.813350520580620406e-01 1.421226135585305639e-01 -6.442117434939240161e-02 -3.448928603690517014e-01 5.772723443428090517e-02 -9.635451430115267446e-02 1.596412311222781544e-01 2.097524513922729983e-01 -2.034270332144950347e-03 5.122423919155547622e-01 -3.778051714844894715e-02 -2.130301766108392281e-01 -2.001700647519142895e-01 -1.403872402543365205e-01 -3.036669560212699182e-01 -4.297518045117266344e-02 1.628471665462653123e-02 8.608806743079901180e-02 1.829280153409388598e-01 -2.648182947334866144e-01 -1.483608821858442450e+00 7.350607346338851045e-01 8.629361545228457331e+00 1.085097935484144571e+00 -1.739123547325926999e+00 -4.658110469196368730e-01 2.092703588617932653e-01 -2.837967820300704158e-01 7.387911246334515070e-02 1.054406863412780393e-01 -1.692212074611114947e-01 7.796699457991664028e-02 3.866405088500590170e-01 -1.341900474549890254e-01 -1.332226788173699328e-01 4.063483368475600543e-01
5.298630312241307816e-02 -1.559415134919177048e-01 -8.177426762105236557e-01 -2.418136693680613403e-01 -4.564672060851414706e-03 8.744842075149281135e-02 1.297321001089481451e-01 8.228439709308793537e-02 -1.453273195500878745e-01 -5.146439562031067394e-02 1.849822497950655287e-01 -3.249690742676769606e-01 8.928563804496977840e-02 5.298507929789150750e-02 -1.825942816909863486e-01 -1.835150931671879759e-01 -2.739463063921943609e-01 1.513424775667749356e-01 -4.324070949047145729e-01 3.821711756504846819e-02 9.544000294513689531e-02 4.085395423873585119e-01 4.958556302417760353e-01 -4.066788299737004175e-01 -7.264263683433033192e-01 -1.595435115518903491e+00 1.085097935484144571e+00 9.431172303419517178e+00 4.101905739363897463e-01 -1.542562703612377017e+00 7.795547750289986977e-02 -3.455098114150489397e-01 5.308436237942166791e-01 -9.383053017717614408e-02 -5.017793600135400656e-01 -1.890162482336935623e-01 5.785873123658498429e-02 3.218376147474437121e-01 -1.371300727649465423e-01 -2.073629981080715445e-01
-1.729357369327997884e-01 2.193665770787662783e-01 -5.974465058515083804e-01 4.591069470483420678e-02 1.017453852046058121e-01 -2.119951404459948785e-01 8.732606095149628156e-02 3.715088615447019182e-01 2.902300802723846440e-02 1.647253223221511464e-01 -2.675050301895182114e-01 6.671722484953714061e-02 4.752596921417513443e-01 1.903716629681296846e-01 -3.379148544190936909e-01 -6.643030131841486108e-02 2.885632516587628010e-02 1.532280982589752649e-01 -1.047320174411749683e-01 -6.159307870445333150e-02 6.581533243121252819e-02 -1.539276060348767905e-01 -1.390909753384061698e-01 2.087761759751907698e-01 -6.981861579485140745e-02 -9.768637755937669143e-01 -1.739123547325926999e+00 4.101905739363897463e-01 9.155757763573433294e+00 1.416142081971963673e+00 -1.511732111268986767e+00 -5.885402619105202238e-01 -1.595417600450292073e-01 4.474136400820906134e-01 1.574334133071409736e-01 -2.742764889984155574e-01 -3.505238324981128084e-01 -7.036564329746751445e-02 3.775780783254308048e-02 6.654559736030234152e-03
6.114902043249812458e-01 2.617531125657718838e-01 -3.091970599606230219e-01 4.282256550496836393e-03 -1.741397977741077630e-01 1.168192321855829052e-01 8.631454002709276763e-02 1.517138298065999480e-01 -4.760615392536189650e-02 2.641774508133335475e-01 4.978956412626188710e-01 -5.289838980203882546e-01 -2.510649021192580266e-01 -3.142986117523277612e-01 -1.113465969379741349e-01 2.977264891426901761e-01 -8.404489940153818395e-02 1.616826588197243231e-01 4.064856901750889540e-01 -1.518512383762136153e-01 8.111042604196763706e-02 -3.099687124151154216e-01 -4.296878346135663551e-01 -9.895004805985566088e-02 2.603883470251174836e-01 -4.771549334512877327e-01 -4.658110469196368730e-01 -1.542562703612377017e+00 1.416142081971963673e+00 9.733885002854497870e+00 4.200714291442467219e-01 -1.268474441415682330e+00 -1.460371515337519854e+00 2.936614664268497044e-02 8.664094421120533962e-01 6.850202331859175930e-02 -1.850636730335968871e-01 1.967400381923816166e-01 -6.357841249897655533e-02 -1.593326801404102711e-01
1.017453852112857882e-01 1.578207396059838896e-01 2.502125102398948253e-01 -4.481075086718280115e-02 -3.295132626434987833e-01 -2.437199815476089326e-01 1.060161687706788064e-01 -1.488032677332268572e-01 1.357049554188820284e-01 2.268280643776990346e-02 9.008457450422421853e-02 -1.800619032127662167e-01 -8.555412539467923683e-01 -8.716772328669097902e-02 1.352971276151490321e-01 -3.000332487472047172e-01 1.016464110522954656e-01 -1.953789002063120728e-01 -4.444047136658214603e-01 -8.347657496622210016e-02 1.042163725077523834e-01 3.014522461282753141e-01 -7.483453190451680448e-02 -3.512784024410209871e-01 2.534706136236742832e-02 5.659685392308791974e-01 2.092703588617932653e-01 7.795547750289986977e-02 -1.511732111268986767e+00 4.200714291442467219e-01 8.150581250135477518e+00 8.721656798335631899e-01 -1.624977117849414343e+00 -3.815485300538178359e-01 -5.356658350004512847e-01 8.323340503904021193e-02 8.071893951549682922e-02 2.144469552724612149e-02 -1.544765899393869546e-01 -1.413506083253400492e-01
-5.572099143706131796e-01 -1.309494366154470013e-01 2.779962802365987251e-01 -2.437275723899590962e-01 -6.071545945662559784e-01 -2.654569696375256305e-01 1.970185906717521473e-01 2.460486843232188026e-01 1.926484087412786428e-01 1.292900997217802106e-01 -2.991422499787392830e-01 3.360901795005118153e-02 -2.908820550042777731e-01 -3.295065042029763913e-01 3.985207771144974043e-01 4.434044019732701347e-01 -1.502830514121752947e-01 -6.869882833870314398e-01 1.188355373237851842e-01 2.387730823544069181e-01 -1.226140557030909045e-01 4.504012653502794117e-01 -2.694052962481761557e-02 1.579340007780769689e-02 5.522107620304261832e-01 3.710249556078813460e-01 -2.837967820300704158e-01 -3.455098114150489397e-01 -5.885402619105202238e-01 -1.268474441415682330e+00 8.721656798335631899e-01 9.056776750270895349e+00 3.462553457127485190e-01 -1.623214137259593404e+00 -2.525584702550938698e-01 -2.482129005372223363e-01 -2.037499855426797568e-01 -1.170574578271867255e-01 -5.826407924649547321e-02 8.964124636478511265e-02
-2.882488961654857684e-01 5.646774023156796857e-02 1.309046773571762579e-01 -2.440882908675469642e-01 4.263835052366304196e-02 2.237390353277694810e-01 1.131035809320682650e-01 -1.836087110896999497e-01 -4.706952488431925125e-02 -1.184087828668054787e-01 -3.481197077777652971e-01 2.577959337795103778e-01 1.867808806511419006e-01 -7.908325642270964961e-02 -4.386522524781913956e-01 4.745944442409871789e-01 3.128182766011948501e-02 -1.188052808989804726e-01 2.377535051061543114e-01 -2.027728494581083063e-01 -3.345167799871735514e-01 -2.590036660427808557e-01 3.796550654333853969e-01 3.044013107677793761e-01 -2.227842201605828854e-01 -3.060797209123465312e-01 7.387911246334515070e-02 5.308436237942166791e-01 -1.595417600450292073e-01 -1.460371515337519854e+00 -1.624977117849414343e+00 3.462553457127485190e-01 9.806034808289886939e+00 5.694485593790504785e-01 -1.912719693509104202e+00 -1.211362852683078195e+00 3.479359069345750455e-01 5.697530546435493337e-02 3.079135539630631913e-01 -9.182672108244747944e-02
-1.025074081748269528e-01 -1.485000581970401246e-02 -3.481256694196271234e-02 -6.585016495065719455e-02 3.462896448177677639e-02 1.384279713952142055e-01 -9.890538938386250756e-02 3.015618359472758692e-01 -2.330842955638908198e-01 8.211266626427823900e-02 3.508168814828256932e-01 -3.541896580751965340e-01 1.057047248469223655e-01 6.621611227293847102e-02 4.774182983900591981e-02 -2.618644752078181370e-01 1.752959993612429324e-01 -1.341802703443959466e-01 2.730832362441212163e-02 -5.879417225270246877e-02 1.937771277209912602e-01 -3.563695023466935674e-01 3.066944742735820684e-02 4.145419339772963285e-01 4.570092344636383919e-02 1.580891617925675452e-01 1.054406863412780393e-01 -9.383053017717614408e-02 4.474136400820906134e-01 2.936614664268497044e-02 -3.815485300538178359e-01 -1.623214137259593404e+00 5.694485593790504785e-01 8.884627052772966493e+00 3.791520348567423149e-01 -1.712078589573381215e+00 1.225123489603070909e-01 7.901615998827934972e-02 -9.409385933345663922e-02 2.204296146425401282e-01
-7.236856325711957250e-02 7.293800465664095067e-02 -1.777286992745954752e-01 6.435028772898104821e-01 1.601156070299721013e-01 -2.344097384012595528e-02 -7.804385004791528080e-02 3.771786172635991918e-01 -7.085511705917739433e-02 -3.181007087932010702e-01 -1.306787295835183660e-01 -1.820981737225151886e-01 -2.770654478290922665e-02 -4.436949972767895850e-02 2.233237712763467501e-03 4.921742231044349408e-02 -5.985604612047635831e-01 -3.354874807072630305e-02 2.961057911426658862e-01 2.325100476746342348e-01 -5.464359918400658878e-02 5.444482553899578775e-02 9.913816527309703142e-02 5.233697430861294908e-01 -9.528629314524278415e-02 -1.218210483215366874e-01 -1.692212074611114947e-01 -5.017793600135400656e-01 1.574334133071409736e-01 8.664094421120533962e-01 -5.356658350004512847e-01 -2.525584702550938698e-01 -1.912719693509104202e+00 3.791520348567423149e-01 9.475815851238381882e+00 1.011212676136069355e+00 -1.799218094182667205e+00 -4.724802715425088784e-01 -3.205760486031858925e-01 2.055807628768432371e-01
2.458047750263526732e-01 1.090092063049805660e-01 -6.340695607925957156e-02 -1.271703663333499934e-01 -7.085841571778508929e-03 -2.416935280597287683e-01 1.023254746565199595e-02 -2.172557904663016334e-02 2.371939021321476521e-02 -3.327213240236379654e-01 -2.390887593784727094e-01 5.760030136186343637e-03 -5.400332384039622236e-01 -2.063935476680987813e-01 3.847626804472700779e-01 4.002395237822663904e-02 -4.679079745822223302e-01 -2.367669586708143759e-01 3.459963736566576409e-02 4.663035185914985586e-02 4.573863065297127384e-01 -2.903560560965314785e-01 -2.646821721734425870e-01 -3.991736793450790799e-01 -5.629922104917820525e-01 4.028122406505316722e-01 7.796699457991664028e-02 -1.890162482336935623e-01 -2.742764889984155574e-01 6.850202331859175930e-02 8.323340503904021193e-02 -2.482129005372223363e-01 -1.211362852683078195e+00 -1.712078589573381215e+00 1.011212676136069355e+00 8.119480025800051237e+00 1.526985003829627319e-01 -1.465835578185223254e+00 -3.036739033737178017e-01 -5.238561042450786687e-01
2.331357487304561993e-01 -3.673465454516294804e-01 -8.598530106838619610e-03 1.418893012662560960e-01 -2.545542785137216643e-02 2.108489879300048109e-01 2.900359192535015285e-01 -3.211402621042430683e-01 -1.785309329885231000e-01 1.504699658345146074e-01 -7.476303924129105993e-02 -7.580885031442669009e-01 -2.241846862423801656e-01 -2.775336059183229898e-01 7.771838862521847358e-02 5.558560312510764101e-01 -6.189697463165868413e-02 -3.627671374529801707e-01 -1.991646385245896544e-01 1.737542084215502602e-01 3.445204661953107372e-01 4.323153937751659792e-01 -4.982257178734621900e-02 -4.726914911901617528e-02 -2.220263849385955834e-01 3.442068952729407383e-01 3.866405088500590170e-01 5.785873123658498429e-02 -3.505238324981128084e-01 -1.850636730335968871e-01 8.071893951549682922e-02 -2.037499855426797568e-01 3.479359069345750455e-01 1.225123489603070909e-01 -1.799218094182667205e+00 1.526985003829627319e-01 8.109880217334863417e+00 6.855194416637570010e-01 -2.032452736846126928e+00 2.015773141912183264e-01
-1.038660348906906283e-01 -3.005185786847069593e-02 4.733937134175025818e-02 -5.133638470733116466e-02 2.270107235274136659e-01 -7.985101387098214598e-02 8.228567108467906011e-02 1.389909309358295375e-01 6.073861100200673990e-02 2.715368968390757254e-01 -7.319687838427799131e-02 -8.865324309640078282e-02 1.381991199086156918e-01 -3.064571995588329933e-01 -4.452681795517441921e-01 1.771663725077157747e-01 1.058127910488951273e-01 -1.737619015307604320e-01 -4.569431676048632540e-01 -9.203528300150198849e-02 -4.307511436016179807e-01 -1.173810516154610711e-01 5.260927931261156765e-01 1.520822370378818733e-01 2.627688414096218117e-01 -1.979490946286815434e-01 -1.341900474549890254e-01 3.218376147474437121e-01 -7.036564329746751445e-02 1.967400381923816166e-01 2.144469552724612149e-02 -1.170574578271867255e-01 5.697530546435493337e-02 7.901615998827934972e-02 -4.724802715425088784e-01 -1.465835578185223254e+00 6.855194416637570010e-01 8.248650180298673362e+00 1.903156009296382567e-01 -1.522459604478746842e+00
-1.840228327378761408e+00 -3.643292304688652283e-01 1.041881064974772148e-01 5.552257563870174328e-01 2.506533037640388262e-01 -1.098484684799444083e-01 6.959100997262988864e-02 -1.884502771756473849e-01 7.107098750658114028e-02 9.006367070039081324e-02 -1.624518619462542515e-02 1.929697714662206853e-01 1.139197161266376906e-01 -2.439113687107223594e-01 -1.029112530300781425e-01 -3.975378911830450557e-01 1.312620448161435638e-01 2.263149733375993677e-01 -4.932578754541988020e-01 -3.776821726727089823e-01 -1.715841016322889878e-01 4.338484348644637834e-01 7.908148202417560058e-02 1.667802613587293092e-01 1.847776257704791536e-01 3.397697446960272049e-03 -1.332226788173699328e-01 -1.371300727649465423e-01 3.775780783254308048e-02 -6.357841249897655533e-02 -1.544765899393869546e-01 -5.826407924649547321e-02 3.079135539630631913e-01 -9.409385933345663922e-02 -3.205760486031858925e-01 -3.036739033737178017e-01 -2.032452736846126928e+00 1.903156009296382567e-01 8.503481104110958810e+00 1.646891306116166631e-01
