5.935581777483572630e+00 4.832108252137893856e-01 -1.145240443889868232e+00 -1.783629167986414965e-01 -2.150384175488316563e-01 1.120341206998533845e-01 1.420454331763326417e-01 2.619969717747664961e-01 3.190625340649789754e-01 6.413894244443113513e-02 -6.982833554167071355e-02 1.815355892505008534e-02 4.071167672598469123e-02 -1.962084531990874667e-02 1.579808680011975941e-01 2.362941568437601503e-01 -2.893163705745699921e-01 -5.754085152978774542e-02 -1.964877922300220514e-01 1.286972573722225052e-02 -3.803878424324694946e-02 3.729771270378449272e-02 2.084355432509215622e-01 1.803637219203583220e-01 5.220084716707388411e-02 -1.374983310726329323e-02 -2.417557661234780858e-02 1.935960596579008319e-01 -2.915949556183545233e-01 -6.497376636764294611e-02 1.568016979443081771e-01 -1.429648973169777015e-01 -8.396514337203167533e-02 5.980236433653137590e-02 -2.791261117356316768e-01 1.487148562710031152e-01 1.332799729979758652e-01 -1.293650851353747300e-01 -1.119485106965628418e+00 -4.592214414958564056e-02
4.832108252137893856e-01 5.993400112842552474e+00 4.961425363505803654e-01 -8.924555259676720809e-01 -3.793554967215322371e-01 1.898187748523331442e-01 -7.692156563712897188e-02 -6.142843569503952939e-02 6.651569670839323212e-02 -9.685737628011441280e-02 -5.827890215659100454e-02 9.289704027494839755e-02 1.741902327751840007e-01 2.171464956832319937e-01 -3.584478131017045099e-02 -1.224080484543239172e-01 8.141825909696634098e-03 2.425990727990053400e-02 -3.316711338764020134e-01 -3.993429394350545003e-03 2.705928298218489014e-01 2.445054795772126643e-01 -3.948185173753770288e-02 -4.687772223053159049e-02 2.676994130847046988e-02 -6.192772147407404199e-02 -1.722884376000297091e-01 -1.748975820167247841e-02 2.794334879314339659e-01 -6.734996524752147329e-02 -1.994844887794392785e-01 -4.950307233072289564e-02 3.010971220449524255e-01 2.569355798682569358e-01 7.310129380675431388e-02 1.098497168795513953e-03 -3.225583509425753448e-01 -8.610463267942012819e-03 -4.401220780282768530e-01 -1.455256864896168567e+00
-1.145240443889868232e+00 4.961425363505803654e-01 5.579381996567907009e+00 2.007645501668542387e-01 -1.800142876578712858e+00 2.016761798147136131e-01 -4.461031592618603520e-02 -3.103449715798891062e-01 1.252884711595829426e-01 -4.696358069549732422e-02 1.843975214516588024e-01 -1.325172783464885484e-01 1.449755195074490799e-01 6.146573694473808636e-02 -2.112998445996293329e-01 -5.528594198094981781e-03 2.195874031897860901e-01 8.039780225413996340e-03 -1.167857267677637617e-01 6.944773922597573257e-02 -5.330570065767173404e-02 -3.717393953024294984e-01 -8.670439503749934052e-02 1.296951653370458646e-01 1.101534260052063896e-01 -1.230340854748314047e-02 1.272847659180021962e-01 1.311319317706961807e-01 -1.459828822822490935e-01 4.428715227454913667e-02 -9.740088041383250517e-02 3.815973708629212813e-01 2.761408477016819019e-01 1.160143523260879217e-01 -5.178478757662588472e-02 -3.596271425455743187e-01 -1.168077284795095705e-01 1.903411017814199413e-01 3.075331794195475948e-02 2.821169946816274310e-01
-1.783629167986414965e-01 -8.924555259676720809e-01 2.007645501668542387e-01 5.473695493734199502e+00 -3.421272015226163310e-01 -1.465117579949750004e+00 -4.417641359354000478e-03 9.218266060783607274e-02 1.876127987505352146e-01 2.046244468134757744e-01 -2.758929597970704792e-02 -5.944829743895474299e-03 1.585404109089662006e-01 -1.037709844828207384e-01 -2.613862365999266579e-01 1.911746710315435638e-01 1.127256995838042258e-01 2.401695003166535725e-01 1.193913622997579971e-01 5.006187772389528862e-02 8.059983813458430554e-03 -3.989378546036988216e-02 -7.462258512263628130e-02 2.085618244428508739e-01 1.599852724123555781e-01 -9.114693103991156065e-02 2.040682054725849806e-02 -2.186393357144625627e-01 1.933829517144833310e-02 1.355763138924235556e-01 2.303716345288173151e-01 -2.354399332808280731e-01 -8.065842866287707691e-02 1.209790481697167880e-01 6.715437425086967504e-02 -6.343596282297553346e-02 2.297579205031937202e-02 -4.702236593381275802e-03 1.734309499303592905e-01 2.028176200909216631e-01
-2.150384175488316563e-01 -3.793554967215322371e-01 -1.800142876578712858e+00 -3.421272015226163310e-01 6.202814594562850559e+00 2.731808069144836537e-01 -5.252241703009988827e-01 -1.146566043898997467e-01 1.560798035561910928e-02 3.765017639173595665e-01 -1.219351502418386940e-01 3.503173127736014959e-03 -5.196660274246563127e-02 -7.929896682380349615e-02 2.210412381831517170e-01 -2.033663553020408354e-01 7.588845619531418840e-02 -9.581727954218603738e-02 1.200613057350471552e-01 -1.153151779111483491e-02 -1.078199198612054960e-01 6.623328197811920864e-03 -1.671880203902260664e-01 -7.313435418881286676e-02 -3.055960856372565981e-01 -9.291686144032797190e-02 -4.315829791422914896e-02 -5.634080716950950335e-02 -9.354050708044472917e-02 -2.992561468511065748e-01 1.866384445494446154e-01 -1.416963502502945338e-01 5.621239800707203763e-03 1.164247376520577137e-01 1.015465098446586972e-01 7.087500350707652552e-02 -4.309429669752354308e-03 -1.368835664085376325e-01 -1.361223932852663188e-01 -3.448651785174122186e-01
1.120341206998533845e-01 1.898187748523331442e-01 2.016761798147136131e-01 -1.465117579949750004e+00 2.731808069144836537e-01 5.917767497031854340e+00 7.092209956688393380e-01 -1.395950564570809016e+00 -4.667341717308828297e-01 4.296478320427788572e-02 5.446232045935488209e-02 -8.120073638465691301e-02 -2.719610492575604277e-01 1.625936024797681317e-02 1.083320618469389568e-01 -3.559540378459210563e-01 -8.208523692065583521e-02 9.165019636259276459e-02 -1.696056296654515350e-01 -2.142953429892211215e-01 1.110273954421790443e-01 -2.001452424360612159e-01 1.492954481645883957e-01 -7.793734660230201838e-02 -1.299045981067665362e-02 -1.182255212280461654e-01 1.418894093227422437e-01 -4.340236397623269821e-02 -2.890852662379316818e-01 6.824301650572905942e-02 6.249304380887617943e-02 -1.098119577121285106e-01 3.367865283921456926e-02 4.279114255001537637e-01 2.809983682547131240e-02 -2.608102339110838219e-01 1.536925349387866652e-02 -1.484920718610731882e-01 -1.646560080953758110e-01 -6.455431013248663641e-02
1.420454331763326417e-01 -7.692156563712897188e-02 -4.461031592618603520e-02 -4.417641359354000478e-03 -5.252241703009988827e-01 7.092209956688393380e-01 6.248512312236711885e+00 3.684824680245307738e-01 -1.615152722443798261e+00 4.054792964105917163e-01 -1.583671324473362729e-01 -1.569969466590680762e-01 2.092619927681363401e-01 -7.122366552106913773e-02 -2.518826824640751361e-01 9.513344526217729080e-02 6.586438168126573789e-02 7.726193546244071800e-03 5.680479706583040078e-02 -3.452680740580547220e-02 5.566879422392510780e-04 -7.311960778960432950e-02 1.547451355455176092e-01 -4.579665014917949639e-02 1.068367527898164554e-01 -9.747409446562624313e-02 -1.434980801100232684e-01 -1.070135637596978349e-02 4.679735824886574469e-02 -4.502306561700517712e-02 5.436763648329687171e-02 -2.863037797761918135e-01 -2.289474640612498835e-01 -2.207100231478969776e-01 1.401043786110611755e-01 1.433098081031067006e-01 1.832493059929252155e-01 1.610224264973308950e-01 9.536905510439719347e-02 1.681805593357556528e-01
2.619969717747664961e-01 -6.142843569503952939e-02 -3.103449715798891062e-01 9.218266060783607274e-02 -1.146566043898997467e-01 -1.395950564570809016e+00 3.684824680245307738e-01 6.797724458500562505e+00 7.146052458604891244e-01 -1.418359666199877411e+00 -4.636538508404883241e-01 1.083117632146614606e-01 2.073567757635935982e-01 -9.963745186665463882e-02 -6.490634650709745102e-03 1.857915110744054465e-01 1.829115087769605727e-02 -2.682826161519314967e-01 1.567078765987274525e-01 4.302466442400659785e-01 -4.594377385338691694e-02 -1.190092309377496216e-01 1.494162313416744770e-01 -5.393667844969720487e-02 -3.258137027214095399e-02 9.379760870241789228e-02 -3.141885100872911923e-02 -7.075307845079262248e-02 7.850173287940202804e-02 8.524510394070825003e-02 -4.197401381859973135e-01 5.883188548772810139e-02 -1.751601820107953345e-01 -7.308037303822553787e-02 -8.605972743100465117e-02 3.898157103315335048e-01 -2.858833506748898468e-01 -3.485667352585290063e-02 1.016328889768256943e-01 -4.043943429615514534e-02
3.190625340649789754e-01 6.651569670839323212e-02 1.252884711595829426e-01 1.876127987505352146e-01 1.560798035561910928e-02 -4.667341717308828297e-01 -1.615152722443798261e+00 7.146052458604891244e-01 7.094760395105433659e+00 4.224166333958770947e-01 -1.832033455851024062e+00 1.474614015305521775e-01 1.485349989647306024e-01 -2.727304548073243295e-01 -1.682666271994260332e-01 7.524354934400574735e-02 -9.113063268809359907e-02 6.198983350402887532e-02 7.242132721616724444e-02 1.473040993954347899e-01 1.701367250879881887e-01 8.231167492103415306e-02 -2.413618064043086264e-01 -2.016211251714830344e-01 1.183588985617287509e-01 2.703953734752683191e-01 4.366885493764457310e-02 -1.126810460762712601e-01 1.622670941893982199e-01 -1.405193895311660987e-02 -1.520843729081359230e-01 -1.372067963319981154e-01 8.334684431981188857e-02 -8.571597093074050100e-02 3.050936208349032119e-01 1.727260448018873018e-01 -3.494023565834560308e-01 -3.896411733054495896e-02 -1.418950530803440024e-01 7.367540878528294757e-02
6.413894244443113513e-02 -9.685737628011441280e-02 -4.696358069549732422e-02 2.046244468134757744e-01 3.765017639173595665e-01 4.296478320427788572e-02 4.054792964105917163e-01 -1.418359666199877411e+00 4.224166333958770947e-01 6.687121819478945461e+00 -3.335455721019764397e-01 -1.264077119237112967e+00 1.477903269144502651e-01 -2.027847842163671421e-02 -9.011737292627704232e-02 -1.805495312724265326e-04 1.083304804366702206e-01 9.518147294918510859e-02 -1.032439910604834171e-01 -2.303693549139471108e-01 2.551902030195757898e-01 3.594742539026029582e-01 -1.025484446181890719e-01 -1.673377898045261269e-01 6.143484529689188095e-02 4.116795799068489331e-02 -2.907204607632994306e-03 -2.500285960192947035e-02 3.017812603268028027e-01 -6.909123936688346679e-02 1.821925577096029231e-02 2.010293935498838058e-01 4.449855060808988877e-02 1.289764781584136211e-01 1.408991283673102224e-01 1.710946478813430982e-01 1.057929152251340238e-01 1.104442289844042024e-01 -9.811552179314593850e-03 1.539929175265750128e-01
-6.982833554167071355e-02 -5.827890215659100454e-02 1.843975214516588024e-01 -2.758929597970704792e-02 -1.219351502418386940e-01 5.446232045935488209e-02 -1.583671324473362729e-01 -4.636538508404883241e-01 -1.832033455851024062e+00 -3.335455721019764397e-01 7.606331377627750356e+00 2.242222135690739859e-01 -1.361931285092278232e+00 -3.360956472081152446e-01 -2.511453745275029625e-01 1.738443725059597433e-01 3.616192108933218019e-02 -1.065892555128699903e-01 6.532641688216241083e-02 8.663861839707077961e-02 -6.335366864784948426e-02 -2.350427043464266841e-01 -1.415333863491554933e-01 9.258449263531833007e-02 9.753886092750592429e-02 1.710525303784934392e-01 2.682091933976063491e-01 2.022546942362962452e-01 -2.479990350994723536e-01 -1.417804571197140914e-02 1.840379495277518970e-02 1.774929229127885505e-02 -1.997463610938742251e-01 -1.452049505507231608e-02 2.390873929553676003e-01 -2.564877230710888578e-01 -1.675990249766178275e-01 1.619139503772276945e-01 1.142734895505687631e-01 2.068549748206148786e-01
1.815355892505008534e-02 9.289704027494839755e-02 -1.325172783464885484e-01 -5.944829743895474299e-03 3.503173127736014959e-03 -8.120073638465691301e-02 -1.569969466590680762e-01 1.083117632146614606e-01 1.474614015305521775e-01 -1.264077119237112967e+00 2.242222135690739859e-01 5.739146170923476120e+00 4.250933347345137170e-01 -1.225101327990313127e+00 -1.044199953687637433e-01 -3.015233587919973098e-03 -4.374553425126805756e-02 -1.706139924805658847e-01 7.150569912799458264e-03 1.790557547570247876e-01 -1.402065791561039332e-01 -1.028647555349415654e-01 1.357120728959533562e-01 1.297953854828407805e-01 -1.762237574031241261e-01 3.116021157022889551e-02 9.350765207566863468e-03 -3.861897031263826219e-01 4.027616408493576994e-04 1.380401279473437437e-01 -1.214566720802262162e-01 3.106858893026331891e-02 1.192143936868802628e-01 7.031708147844863317e-03 1.959554955859655820e-02 2.385404785618191192e-01 1.612834092537054620e-01 -1.635729421643221729e-02 -3.996144842138684566e-02 -1.032246429028663010e-01
4.071167672598469123e-02 1.741902327751840007e-01 1.449755195074490799e-01 1.585404109089662006e-01 -5.196660274246563127e-02 -2.719610492575604277e-01 2.092619927681363401e-01 2.073567757635935982e-01 1.485349989647306024e-01 1.477903269144502651e-01 -1.361931285092278232e+00 4.250933347345137170e-01 6.454168444227454948e+00 8.618650170570888447e-01 -1.121312410364264434e+00 -1.475086131722597171e-02 3.666854169341350889e-01 -1.024163876204248202e-01 -8.951534393391778754e-02 2.296890817810345042e-01 3.745642516498567942e-02 8.651754640503635241e-02 1.347219536576849119e-01 -1.000280187234763168e-01 2.369539448738499851e-02 5.776234592169493878e-03 9.621247042026150054e-02 1.061943344457866867e-01 1.483258010233096946e-01 -3.942266450667788330e-02 -1.421058827119400514e-01 9.125758007462980714e-02 -2.057810086459280485e-01 -1.789115436919570534e-01 3.650660047605652769e-01 3.409651829196836403e-01 -5.966866005972967790e-02 -3.136030932253821013e-01 1.024086833014213882e-01 4.040091733917556931e-03
-1.962084531990874667e-02 2.171464956832319937e-01 6.146573694473808636e-02 -1.037709844828207384e-01 -7.929896682380349615e-02 1.625936024797681317e-02 -7.122366552106913773e-02 -9.963745186665463882e-02 -2.727304548073243295e-01 -2.027847842163671421e-02 -3.360956472081152446e-01 -1.225101327990313127e+00 8.618650170570888447e-01 6.214847297176289587e+00 3.068611022624250784e-01 -1.006293114543126865e+00 2.829194925974745090e-01 1.080249330674590419e-01 1.521311824871185991e-01 -1.110394820353623330e-01 6.580808559415324277e-02 1.089478211388901080e-01 5.503995385228446779e-02 1.127012442385137356e-02 -1.169496895176673767e-01 -2.948362110035040659e-02 1.773920370705938387e-01 -1.066115936161629030e-01 6.902703208902644105e-02 8.911315992625296056e-02 2.602585712632872819e-02 -1.145644901798893445e-01 -4.179204973943562162e-02 -9.452228857472223800e-02 1.628811612515195795e-01 1.077321421150985586e-01 -1.233166368836426385e-01 -2.303804469897648421e-01 3.461364911702617397e-01 2.658678825640564125e-01
1.579808680011975941e-01 -3.584478131017045099e-02 -2.112998445996293329e-01 -2.613862365999266579e-01 2.210412381831517170e-01 1.083320618469389568e-01 -2.518826824640751361e-01 -6.490634650709745102e-03 -1.682666271994260332e-01 -9.011737292627704232e-02 -2.511453745275029625e-01 -1.044199953687637433e-01 -1.121312410364264434e+00 3.068611022624250784e-01 5.832978085666771229e+00 2.428859313520174423e-01 -1.307553731272034003e+00 -2.434932463168487382e-01 2.091505036319254440e-01 -3.917497105659737550e-02 -1.491716974629071768e-01 -6.469673648799091625e-02 6.941026147674589364e-02 1.426051816168326380e-01 -2.113939106200790966e-02 3.249860304192193905e-02 -1.148115166718049890e-01 -4.523581162654128490e-03 3.024193368153963446e-01 8.577036843248474207e-02 -2.657007455826291831e-01 -1.245197028171422388e-01 6.374920526652197439e-02 -8.965511851501911655e-02 -6.125277357569461345e-02 1.296144700698853569e-01 -1.106124101579849389e-01 1.165981399116720607e-01 1.336136142181687803e-01 7.490073551951645370e-02
2.362941568437601503e-01 -1.224080484543239172e-01 -5.528594198094981781e-03 1.911746710315435638e-01 -2.033663553020408354e-01 -3.559540378459210563e-01 9.513344526217729080e-02 1.857915110744054465e-01 7.524354934400574735e-02 -1.805495312724265326e-04 1.738443725059597433e-01 -3.015233587919973098e-03 -1.475086131722597171e-02 -1.006293114543126865e+00 2.428859313520174423e-01 6.443267591775002856e+00 3.166734344482954322e-01 -1.432518779830507016e+00 3.887705383822287475e-01 2.722596644935034726e-01 2.418210064859442621e-02 7.675611136831006487e-02 4.773129846367509671e-02 2.252715679026306983e-01 7.174669466227056799e-03 -4.109637104572576582e-01 -7.283610799559273041e-02 1.326426668096767902e-01 7.114818337983397356e-02 1.016700298765122433e-02 -2.902951940323408309e-01 1.504176398791711167e-01 2.834453679624180933e-01 7.330199854314692343e-02 -5.228036142108313244e-01 1.318547907028620181e-01 1.623687318320972128e-01 -2.806123627649893208e-03 -2.694731185260438866e-01 1.719582184738893404e-01
-2.893163705745699921e-01 8.141825909696634098e-03 2.195874031897860901e-01 1.127256995838042258e-01 7.588845619531418840e-02 -8.208523692065583521e-02 6.586438168126573789e-02 1.829115087769605727e-02 -9.113063268809359907e-02 1.083304804366702206e-01 3.616192108933218019e-02 -4.374553425126805756e-02 3.666854169341350889e-01 2.829194925974745090e-01 -1.307553731272034003e+00 3.166734344482954322e-01 5.431168324278695891e+00 4.278433906974025702e-01 -7.446790884499598917e-01 -3.336734660396781793e-01 -1.718084633707463449e-01 3.821095120072138477e-03 -8.159481642132809798e-02 -7.306181552297483228e-02 -5.877979655189439351e-02 -1.577091044058775149e-01 4.716881506261703938e-02 1.869148090604985935e-01 -2.084524737213355738e-01 1.050607099691353713e-01 2.714257983057183354e-01 -4.814383200850388955e-02 -1.808548786710511280e-01 -5.874708489495638480e-02 -3.905427859735009083e-02 2.412303733448345477e-01 1.195267596603801358e-01 1.347752986791300456e-01 -1.445505251231513355e-01 -1.769637328751872685e-01
-5.754085152978774542e-02 2.425990727990053400e-02 8.039780225413996340e-03 2.401695003166535725e-01 -9.581727954218603738e-02 9.165019636259276459e-02 7.726193546244071800e-03 -2.682826161519314967e-01 6.198983350402887532e-02 9.518147294918510859e-02 -1.065892555128699903e-01 -1.706139924805658847e-01 -1.024163876204248202e-01 1.080249330674590419e-01 -2.434932463168487382e-01 -1.432518779830507016e+00 4.278433906974025702e-01 5.346423191444568346e+00 3.769814060531964106e-01 -1.330671084663455739e+00 -1.267738081666866176e-02 6.776853794131637576e-02 -4.419097247196081268e-02 -6.143707154820104294e-02 1.777585716494420667e-02 -3.133018913578201198e-02 -1.134324089360834800e-02 -1.371159294765709191e-01 -1.490598932039107760e-01 -4.714131921661957741e-02 2.569010363302840494e-01 -2.589468525286682810e-01 1.083135941241798322e-01 1.401971039297599808e-01 1.458657354265290029e-01 -1.356103383595826939e-01 -1.999009287019425374e-01 -6.305347209963600708e-02 6.796518159677659987e-02 9.501457338114860374e-02
-1.964877922300220514e-01 -3.316711338764020134e-01 -1.167857267677637617e-01 1.193913622997579971e-01 1.200613057350471552e-01 -1.696056296654515350e-01 5.680479706583040078e-02 1.567078765987274525e-01 7.242132721616724444e-02 -1.032439910604834171e-01 6.532641688216241083e-02 7.150569912799458264e-03 -8.951534393391778754e-02 1.521311824871185991e-01 2.091505036319254440e-01 3.887705383822287475e-01 -7.446790884499598917e-01 3.769814060531964106e-01 5.063528037235073498e+00 3.114134959121675483e-01 -1.158699372098545233e+00 1.479860730312309303e-01 4.751551442801077441e-02 -2.051125319823713083e-03 -2.328414772820164569e-01 -1.711053875702591709e-01 1.221955867412947289e-01 1.411158488774743869e-01 3.076063662036184199e-01 4.236228647219645455e-02 -1.880348854177063822e-01 -2.485917809387873378e-02 2.664601602719563478e-01 3.819738434120253934e-02 -9.507957491924019788e-02 9.006261811769263048e-02 2.958143352501067525e-01 -3.893603192866181700e-02 1.427378380990888262e-01 8.422441006125372387e-02
1.286972573722225052e-02 -3.993429394350545003e-03 6.944773922597573257e-02 5.006187772389528862e-02 -1.153151779111483491e-02 -2.142953429892211215e-01 -3.452680740580547220e-02 4.302466442400659785e-01 1.473040993954347899e-01 -2.303693549139471108e-01 8.663861839707077961e-02 1.790557547570247876e-01 2.296890817810345042e-01 -1.110394820353623330e-01 -3.917497105659737550e-02 2.722596644935034726e-01 -3.336734660396781793e-01 -1.330671084663455739e+00 3.114134959121675483e-01 6.225175574478988061e+00 2.473562402018163742e-01 -1.013181157021713963e+00 4.026561151781926640e-01 -2.710108878307151414e-01 -2.324016488462860852e-01 5.048241329025342228e-02 4.105477837649192802e-02 4.155124588887203207e-02 -1.248424693090834509e-01 1.504750445096365852e-01 -1.499568483312191738e-02 -2.084072056756502145e-01 -6.101534618281795330e-02 -1.129205129922961348e-01 -8.034145102383564996e-02 4.597299614964949210e-01 3.241699252634769324e-02 -5.215556443889527577e-02 -9.686090854760945681e-03 -1.415866451048598817e-01
-3.803878424324694946e-02 2.705928298218489014e-01 -5.330570065767173404e-02 8.059983813458430554e-03 -1.078199198612054960e-01 1.110273954421790443e-01 5.566879422392510780e-04 -4.594377385338691694e-02 1.701367250879881887e-01 2.551902030195757898e-01 -6.335366864784948426e-02 -1.402065791561039332e-01 3.745642516498567942e-02 6.580808559415324277e-02 -1.491716974629071768e-01 2.418210064859442621e-02 -1.718084633707463449e-01 -1.267738081666866176e-02 -1.158699372098545233e+00 2.473562402018163742e-01 5.567961798205303126e+00 2.296533859331091887e-01 -1.176368316151096938e+00 3.937507053532435936e-02 2.050557467004049672e-01 -2.775982846168058016e-01 -2.325277376846585364e-01 -1.565772734727695348e-01 -1.088474289158580383e-01 1.365704109031311980e-02 7.604183584724678868e-02 2.864918252141989141e-01 -6.101545781255215267e-02 -2.649624933595046139e-02 9.857651929112105221e-03 -5.661264612396101764e-02 9.215688647286046642e-02 2.390293606393008030e-01 9.211506979162428776e-02 -2.682403058960102782e-01
3.729771270378449272e-02 2.445054795772126643e-01 -3.717393953024294984e-01 -3.989378546036988216e-02 6.623328197811920864e-03 -2.001452424360612159e-01 -7.311960778960432950e-02 -1.190092309377496216e-01 8.231167492103415306e-02 3.594742539026029582e-01 -2.350427043464266841e-01 -1.028647555349415654e-01 8.651754640503635241e-02 1.089478211388901080e-01 -6.469673648799091625e-02 7.675611136831006487e-02 3.821095120072138477e-03 6.776853794131637576e-02 1.479860730312309303e-01 -1.013181157021713963e+00 2.296533859331091887e-01 5.644164354316862031e+00 9.465427271961730782e-02 -9.541299895459040004e-01 5.811502485310391375e-01 -8.712533635514690955e-03 7.005466850777164467e-02 -8.000601250846192669e-02 6.038536879766116805e-02 -3.898749210256735043e-01 4.450137528900870165e-02 2.186254182531932322e-01 4.082860458167505285e-02 -4.603361542527096423e-02 -1.485277871335193844e-01 -1.612162936208679231e-01 -5.683420532469338898e-02 3.371609498762442175e-02 6.357203306140123134e-02 1.192000957106184589e-02
2.084355432509215622e-01 -3.948185173753770288e-02 -8.670439503749934052e-02 -7.462258512263628130e-02 -1.671880203902260664e-01 1.492954481645883957e-01 1.547451355455176092e-01 1.494162313416744770e-01 -2.413618064043086264e-01 -1.025484446181890719e-01 -1.415333863491554933e-01 1.357120728959533562e-01 1.347219536576849119e-01 5.503995385228446779e-02 6.941026147674589364e-02 4.773129846367509671e-02 -8.159481642132809798e-02 -4.419097247196081268e-02 4.751551442801077441e-02 4.026561151781926640e-01 -1.176368316151096938e+00 9.465427271961730782e-02 5.547218922814364461e+00 -4.520238117851942822e-02 -1.237265649073286733e+00 2.888341096087477244e-01 2.409054142159438305e-01 -2.641471500242939877e-02 1.149288734288421016e-01 -1.090669276193882570e-01 -1.443077423258375402e-01 -8.235417031988684355e-02 2.857283566776501749e-01 1.356197579197009895e-01 -1.338092222212099724e-01 -7.654241541331333054e-02 -9.203315115522354983e-02 -1.969717302483152965e-01 -2.172656304029091656e-01 3.235909353307672154e-01
1.803637219203583220e-01 -4.687772223053159049e-02 1.296951653370458646e-01 2.085618244428508739e-01 -7.313435418881286676e-02 -7.793734660230201838e-02 -4.579665014917949639e-02 -5.393667844969720487e-02 -2.016211251714830344e-01 -1.673377898045261269e-01 9.258449263531833007e-02 1.297953854828407805e-01 -1.000280187234763168e-01 1.127012442385137356e-02 1.426051816168326380e-01 2.252715679026306983e-01 -7.306181552297483228e-02 -6.143707154820104294e-02 -2.051125319823713083e-03 -2.710108878307151414e-01 3.937507053532435936e-02 -9.541299895459040004e-01 -4.520238117851942822e-02 5.825611052094687103e+00 5.873605081827388830e-01 -1.257344050171260053e+00 -4.258657168179599273e-01 -3.112677059169384822e-02 1.164368965506337589e-01 1.785975869750943135e-01 -2.128808666274308037e-01 -6.948429948546666624e-02 -5.815189279691020813e-02 -7.834564742736099818e-02 2.364271255736180022e-01 1.300553020833332407e-01 -3.765138788990199381e-02 9.106967500203869137e-02 2.006087160731898772e-02 -1.638274454467298080e-01
5.220084716707388411e-02 2.676994130847046988e-02 1.101534260052063896e-01 1.599852724123555781e-01 -3.055960856372565981e-01 -1.299045981067665362e-02 1.068367527898164554e-01 -3.258137027214095399e-02 1.183588985617287509e-01 6.143484529689188095e-02 9.753886092750592429e-02 -1.762237574031241261e-01 2.369539448738499851e-02 -1.169496895176673767e-01 -2.113939106200790966e-02 7.174669466227056799e-03 -5.877979655189439351e-02 1.777585716494420667e-02 -2.328414772820164569e-01 -2.324016488462860852e-01 2.050557467004049672e-01 5.811502485310391375e-01 -1.237265649073286733e+00 5.873605081827388830e-01 6.168844974704536632e+00 4.358676683199738111e-01 -7.375973040573344797e-01 1.078972239414028172e-01 -2.842831609244845792e-01 8.043434565506019096e-02 7.562595243540803924e-02 -3.318986613418992843e-02 5.838437593875561715e-03 -9.737189738376159087e-03 -3.017498937165137840e-01 -1.225916127807376993e-01 1.582862713244922725e-01 -5.082443127367178293e-02 3.789964664345093354e-02 -1.251668747191869366e-02
-1.374983310726329323e-02 -6.192772147407404199e-02 -1.230340854748314047e-02 -9.114693103991156065e-02 -9.291686144032797190e-02 -1.182255212280461654e-01 -9.747409446562624313e-02 9.379760870241789228e-02 2.703953734752683191e-01 4.116795799068489331e-02 1.710525303784934392e-01 3.116021157022889551e-02 5.776234592169493878e-03 -2.948362110035040659e-02 3.249860304192193905e-02 -4.109637104572576582e-01 -1.577091044058775149e-01 -3.133018913578201198e-02 -1.711053875702591709e-01 5.048241329025342228e-02 -2.775982846168058016e-01 -8.712533635514690955e-03 2.888341096087477244e-01 -1.257344050171260053e+00 4.358676683199738111e-01 6.092494360985960533e+00 9.859565275058799205e-01 -1.188511889177265468e+00 -1.717165094641578127e-01 1.879821164466557726e-01 1.780400890692515892e-01 7.434261712851368553e-02 8.012452536174148252e-03 1.093755435536793164e-01 9.235400196393429850e-02 -9.033467144238195926e-03 6.581381283643189528e-02 -1.060172693428385188e-01 2.086587916955633809e-02 6.951360402406450700e-02
-2.417557661234780858e-02 -1.722884376000297091e-01 1.272847659180021962e-01 2.040682054725849806e-02 -4.315829791422914896e-02 1.418894093227422437e-01 -1.434980801100232684e-01 -3.141885100872911923e-02 4.366885493764457310e-02 -2.907204607632994306e-03 2.682091933976063491e-01 9.350765207566863468e-03 9.621247042026150054e-02 1.773920370705938387e-01 -1.148115166718049890e-01 -7.283610799559273041e-02 4.716881506261703938e-02 -1.134324089360834800e-02 1.221955867412947289e-01 4.105477837649192802e-02 -2.325277376846585364e-01 7.005466850777164467e-02 2.409054142159438305e-01 -4.258657168179599273e-01 -7.375973040573344797e-01 9.859565275058799205e-01 5.628606028837072728e+00 4.501101242596399765e-01 -1.461179196445501205e+00 2.251002256899632681e-01 4.058900871617228123e-01 1.573988365797016342e-01 -1.877307583092727994e-01 2.893922334475102498e-01 1.342775314216205496e-01 -1.368198017768580688e-01 -1.242023272765679781e-01 -2.046979239592753019e-01 -3.152622507146363856e-02 1.199755575200733004e-01
1.935960596579008319e-01 -1.748975820167247841e-02 1.311319317706961807e-01 -2.186393357144625627e-01 -5.634080716950950335e-02 -4.340236397623269821e-02 -1.070135637596978349e-02 -7.075307845079262248e-02 -1.126810460762712601e-01 -2.500285960192947035e-02 2.022546942362962452e-01 -3.861897031263826219e-01 1.061943344457866867e-01 -1.066115936161629030e-01 -4.523581162654128490e-03 1.326426668096767902e-01 1.869148090604985935e-01 -1.371159294765709191e-01 1.411158488774743869e-01 4.155124588887203207e-02 -1.565772734727695348e-01 -8.000601250846192669e-02 -2.641471500242939877e-02 -3.112677059169384822e-02 1.078972239414028172e-01 -1.188511889177265468e+00 4.501101242596399765e-01 5.960725776900802408e+00 2.284491958344723322e-02 -1.355945576088848137e+00 2.604538322362799363e-01 3.232876348127723398e-01 -1.258686238225147913e-01 1.518928570395959056e-02 -3.848105032715488094e-01 -3.111759811845871693e-01 1.121662498112333400e-01 9.897387179557916304e-02 -1.415751330482843962e-01 -1.054167954467617463e-01
-2.915949556183545233e-01 2.794334879314339659e-01 -1.459828822822490935e-01 1.933829517144833310e-02 -9.354050708044472917e-02 -2.890852662379316818e-01 4.679735824886574469e-02 7.850173287940202804e-02 1.622670941893982199e-01 3.017812603268028027e-01 -2.479990350994723536e-01 4.027616408493576994e-04 1.483258010233096946e-01 6.902703208902644105e-02 3.024193368153963446e-01 7.114818337983397356e-02 -2.084524737213355738e-01 -1.490598932039107760e-01 3.076063662036184199e-01 -1.248424693090834509e-01 -1.088474289158580383e-01 6.038536879766116805e-02 1.149288734288421016e-01 1.164368965506337589e-01 -2.842831609244845792e-01 -1.717165094641578127e-01 -1.461179196445501205e+00 2.284491958344723322e-02 6.309007295976384988e+00 3.652927934608640181e-01 -1.540581467249993786e+00 4.268022437310216993e-02 -3.204200510442246561e-03 -3.393712281987647517e-01 -5.401786551498439365e-02 4.591700039911350562e-01 9.243739078563692479e-02 1.747721012392725384e-02 -2.692920857106361268e-02 8.905450367139572734e-03
-6.497376636764294611e-02 -6.734996524752147329e-02 4.428715227454913667e-02 1.355763138924235556e-01 -2.992561468511065748e-01 6.824301650572905942e-02 -4.502306561700517712e-02 8.524510394070825003e-02 -1.405193895311660987e-02 -6.909123936688346679e-02 -1.417804571197140914e-02 1.380401279473437437e-01 -3.942266450667788330e-02 8.911315992625296056e-02 8.577036843248474207e-02 1.016700298765122433e-02 1.050607099691353713e-01 -4.714131921661957741e-02 4.236228647219645455e-02 1.504750445096365852e-01 1.365704109031311980e-02 -3.898749210256735043e-01 -1.090669276193882570e-01 1.785975869750943135e-01 8.043434565506019096e-02 1.879821164466557726e-01 2.251002256899632681e-01 -1.355945576088848137e+00 3.652927934608640181e-01 6.331384138973715991e+00 6.890354604688248008e-01 -1.078389381451580142e+00 -7.483762662367994256e-01 6.936073408541797158e-02 4.152999306241067501e-01 -1.329963006331779524e-02 2.552732033769201658e-01 9.361152916722170758e-02 -1.386329835022151180e-01 -1.174166277686271020e-01
1.568016979443081771e-01 -1.994844887794392785e-01 -9.740088041383250517e-02 2.303716345288173151e-01 1.866384445494446154e-01 6.249304380887617943e-02 5.436763648329687171e-02 -4.197401381859973135e-01 -1.520843729081359230e-01 1.821925577096029231e-02 1.840379495277518970e-02 -1.214566720802262162e-01 -1.421058827119400514e-01 2.602585712632872819e-02 -2.657007455826291831e-01 -2.902951940323408309e-01 2.714257983057183354e-01 2.569010363302840494e-01 -1.880348854177063822e-01 -1.499568483312191738e-02 7.604183584724678868e-02 4.450137528900870165e-02 -1.443077423258375402e-01 -2.128808666274308037e-01 7.562595243540803924e-02 1.780400890692515892e-01 4.058900871617228123e-01 2.604538322362799363e-01 -1.540581467249993786e+00 6.890354604688248008e-01 6.125876172962182231e+00 6.345232036959894684e-01 -1.830051833738500555e+00 8.699023891666293751e-02 6.731632111766457094e-02 -2.003189369754942994e-01 -1.402659591170404008e-01 -5.086431085102487148e-02 3.501471934192083579e-01 -1.866411845983285966e-01
-1.429648973169777015e-01 -4.950307233072289564e-02 3.815973708629212813e-01 -2.354399332808280731e-01 -1.416963502502945338e-01 -1.098119577121285106e-01 -2.863037797761918135e-01 5.883188548772810139e-02 -1.372067963319981154e-01 2.010293935498838058e-01 1.774929229127885505e-02 3.106858893026331891e-02 9.125758007462980714e-02 -1.145644901798893445e-01 -1.245197028171422388e-01 1.504176398791711167e-01 -4.814383200850388955e-02 -2.589468525286682810e-01 -2.485917809387873378e-02 -2.084072056756502145e-01 2.864918252141989141e-01 2.186254182531932322e-01 -8.235417031988684355e-02 -6.948429948546666624e-02 -3.318986613418992843e-02 7.434261712851368553e-02 1.573988365797016342e-01 3.232876348127723398e-01 4.268022437310216993e-02 -1.078389381451580142e+00 6.345232036959894684e-01 6.889088299363471890e+00 3.929957061727125112e-01 -1.351746351394454315e+00 -1.675769279996159322e-01 -6.429992911533227717e-02 -2.996356490097729086e-02 -1.639444783838600039e-01 -5.217698216486557627e-02 5.892729838001424525e-02
-8.396514337203167533e-02 3.010971220449524255e-01 2.761408477016819019e-01 -8.065842866287707691e-02 5.621239800707203763e-03 3.367865283921456926e-02 -2.289474640612498835e-01 -1.751601820107953345e-01 8.334684431981188857e-02 4.449855060808988877e-02 -1.997463610938742251e-01 1.192143936868802628e-01 -2.057810086459280485e-01 -4.179204973943562162e-02 6.374920526652197439e-02 2.834453679624180933e-01 -1.808548786710511280e-01 1.083135941241798322e-01 2.664601602719563478e-01 -6.101534618281795330e-02 -6.101545781255215267e-02 4.082860458167505285e-02 2.857283566776501749e-01 -5.815189279691020813e-02 5.838437593875561715e-03 8.012452536174148252e-03 -1.877307583092727994e-01 -1.258686238225147913e-01 -3.204200510442246561e-03 -7.483762662367994256e-01 -1.830051833738500555e+00 3.929957061727125112e-01 7.204976681776739333e+00 1.295776611919371213e+00 -1.564309172130126546e+00 -7.622526666196853817e-01 3.701191359834739569e-01 8.209710591115933209e-02 -2.703444758697995387e-01 -1.103789540849731410e-01
5.980236433653137590e-02 2.569355798682569358e-01 1.160143523260879217e-01 1.209790481697167880e-01 1.164247376520577137e-01 4.279114255001537637e-01 -2.207100231478969776e-01 -7.308037303822553787e-02 -8.571597093074050100e-02 1.289764781584136211e-01 -1.452049505507231608e-02 7.031708147844863317e-03 -1.789115436919570534e-01 -9.452228857472223800e-02 -8.965511851501911655e-02 7.330199854314692343e-02 -5.874708489495638480e-02 1.401971039297599808e-01 3.819738434120253934e-02 -1.129205129922961348e-01 -2.649624933595046139e-02 -4.603361542527096423e-02 1.356197579197009895e-01 -7.834564742736099818e-02 -9.737189738376159087e-03 1.093755435536793164e-01 2.893922334475102498e-01 1.518928570395959056e-02 -3.393712281987647517e-01 6.936073408541797158e-02 8.699023891666293751e-02 -1.351746351394454315e+00 1.295776611919371213e+00 6.346549583201023026e+00 1.021527656546169921e-01 -2.039727472538048314e+00 6.454443902984606796e-01 1.466003353380041785e-01 -4.279805860437344012e-01 -1.340021849505269869e-01
-2.791261117356316768e-01 7.310129380675431388e-02 -5.178478757662588472e-02 6.715437425086967504e-02 1.015465098446586972e-01 2.809983682547131240e-02 1.401043786110611755e-01 -8.605972743100465117e-02 3.050936208349032119e-01 1.408991283673102224e-01 2.390873929553676003e-01 1.959554955859655820e-02 3.650660047605652769e-01 1.628811612515195795e-01 -6.125277357569461345e-02 -5.228036142108313244e-01 -3.905427859735009083e-02 1.458657354265290029e-01 -9.507957491924019788e-02 -8.034145102383564996e-02 9.857651929112105221e-03 -1.485277871335193844e-01 -1.338092222212099724e-01 2.364271255736180022e-01 -3.017498937165137840e-01 9.235400196393429850e-02 1.342775314216205496e-01 -3.848105032715488094e-01 -5.401786551498439365e-02 4.152999306241067501e-01 6.731632111766457094e-02 -1.675769279996159322e-01 -1.564309172130126546e+00 1.021527656546169921e-01 6.861305823877736465e+00 3.977182874238711641e-01 -1.475548792181763380e+00 -1.278695309133179303e-01 -1.371466147059466067e-01 2.222013471218151348e-01
1.487148562710031152e-01 1.098497168795513953e-03 -3.596271425455743187e-01 -6.343596282297553346e-02 7.087500350707652552e-02 -2.608102339110838219e-01 1.433098081031067006e-01 3.898157103315335048e-01 1.727260448018873018e-01 1.710946478813430982e-01 -2.564877230710888578e-01 2.385404785618191192e-01 3.409651829196836403e-01 1.077321421150985586e-01 1.296144700698853569e-01 1.318547907028620181e-01 2.412303733448345477e-01 -1.356103383595826939e-01 9.006261811769263048e-02 4.597299614964949210e-01 -5.661264612396101764e-02 -1.612162936208679231e-01 -7.654241541331333054e-02 1.300553020833332407e-01 -1.225916127807376993e-01 -9.033467144238195926e-03 -1.368198017768580688e-01 -3.111759811845871693e-01 4.591700039911350562e-01 -1.329963006331779524e-02 -2.003189369754942994e-01 -6.429992911533227717e-02 -7.622526666196853817e-01 -2.039727472538048314e+00 3.977182874238711641e-01 6.479595527444908853e+00 3.302106512499662361e-01 -6.899315207707125142e-01 5.863011257217633221e-02 -2.971929893995876037e-01
1.332799729979758652e-01 -3.225583509425753448e-01 -1.168077284795095705e-01 2.297579205031937202e-02 -4.309429669752354308e-03 1.536925349387866652e-02 1.832493059929252155e-01 -2.858833506748898468e-01 -3.494023565834560308e-01 1.057929152251340238e-01 -1.675990249766178275e-01 1.612834092537054620e-01 -5.966866005972967790e-02 -1.233166368836426385e-01 -1.106124101579849389e-01 1.623687318320972128e-01 1.195267596603801358e-01 -1.999009287019425374e-01 2.958143352501067525e-01 3.241699252634769324e-02 9.215688647286046642e-02 -5.683420532469338898e-02 -9.203315115522354983e-02 -3.765138788990199381e-02 1.582862713244922725e-01 6.581381283643189528e-02 -1.242023272765679781e-01 1.121662498112333400e-01 9.243739078563692479e-02 2.552732033769201658e-01 -1.402659591170404008e-01 -2.996356490097729086e-02 3.701191359834739569e-01 6.454443902984606796e-01 -1.475548792181763380e+00 3.302106512499662361e-01 6.498097253625545910e+00 1.039302986046819255e+00 -1.518942555154818352e+00 1.391321343812868816e-01
-1.293650851353747300e-01 -8.610463267942012819e-03 1.903411017814199413e-01 -4.702236593381275802e-03 -1.368835664085376325e-01 -1.484920718610731882e-01 1.610224264973308950e-01 -3.485667352585290063e-02 -3.896411733054495896e-02 1.104442289844042024e-01 1.619139503772276945e-01 -1.635729421643221729e-02 -3.136030932253821013e-01 -2.303804469897648421e-01 1.165981399116720607e-01 -2.806123627649893208e-03 1.347752986791300456e-01 -6.305347209963600708e-02 -3.893603192866181700e-02 -5.215556443889527577e-02 2.390293606393008030e-01 3.371609498762442175e-02 -1.969717302483152965e-01 9.106967500203869137e-02 -5.082443127367178293e-02 -1.060172693428385188e-01 -2.046979239592753019e-01 9.897387179557916304e-02 1.747721012392725384e-02 9.361152916722170758e-02 -5.086431085102487148e-02 -1.639444783838600039e-01 8.209710591115933209e-02 1.466003353380041785e-01 -1.278695309133179303e-01 -6.899315207707125142e-01 1.039302986046819255e+00 6.126107229672464349e+00 -2.292250061783955919e-02 -1.339782728917351395e+00
-1.119485106965628418e+00 -4.401220780282768530e-01 3.075331794195475948e-02 1.734309499303592905e-01 -1.361223932852663188e-01 -1.646560080953758110e-01 9.536905510439719347e-02 1.016328889768256943e-01 -1.418950530803440024e-01 -9.811552179314593850e-03 1.142734895505687631e-01 -3.996144842138684566e-02 1.024086833014213882e-01 3.461364911702617397e-01 1.336136142181687803e-01 -2.694731185260438866e-01 -1.445505251231513355e-01 6.796518159677659987e-02 1.427378380990888262e-01 -9.686090854760945681e-03 9.211506979162428776e-02 6.357203306140123134e-02 -2.172656304029091656e-01 2.006087160731898772e-02 3.789964664345093354e-02 2.086587916955633809e-02 -3.152622507146363856e-02 -1.415751330482843962e-01 -2.692920857106361268e-02 -1.386329835022151180e-01 3.501471934192083579e-01 -5.217698216486557627e-02 -2.703444758697995387e-01 -4.279805860437344012e-01 -1.371466147059466067e-01 5.863011257217633221e-02 -1.518942555154818352e+00 -2.292250061783955919e-02 6.521589197709865005e+00 3.974749509544422965e-01
