9.386429302328576085e+00 6.952980073103368630e-01 -1.907687650431614035e+00 -7.548428280122221334e-01 -6.267540690574627815e-01 4.310068198629492253e-02 -2.276059031794918364e-01 3.126691081900842550e-01 2.971257589429515678e-01 -8.717041914616883991e-02 -6.555733220760524560e-01 -2.073126314875344545e-01 -3.313598633719676279e-02 -1.236673254520759685e-01 -1.632610590252845384e-01 -1.740626060151167498e-01 -7.099063952709161462e-01 3.253218555938973688e-01 5.413242397486838220e-01 1.796556167083916411e-01 -1.066514200191156225e-01 9.371649775227375301e-02 -2.694702299025131809e-01 -3.916386387741740416e-01 4.130325983880697716e-01 -3.205440712591646479e-02 -2.287528076352948400e-02 1.292018220052089661e-01 -2.561536406301715973e-01 3.179628827358106924e-01 1.530964973191461798e-01 1.141504400029830779e-01 -5.087666979635632192e-01 -3.624957191797538725e-01 3.078876841460771452e-01 5.872492972211905693e-01 -1.943463663478647296e-01 -2.127077592527997774e-01 -1.732440309995394001e+00 4.695854750120395660e-01
6.952980073103368630e-01 8.914841041481521344e+00 6.233659798116246709e-01 -1.719500439264515679e+00 -1.377218167328456033e+00 -8.199307565570795875e-02 4.961858877016803171e-01 7.626918347324777858e-02 -6.063291579652975161e-01 -8.266902831242907423e-02 -5.258662598580465114e-02 5.452087935096781024e-01 -6.595266654349928037e-02 1.571883981495586224e-01 2.053999029117033748e-01 -1.299184705415503127e-01 -1.744621493814834945e-01 -1.015582898498896963e-01 7.906069654876746178e-02 4.629956945953230818e-01 -1.687731401958280919e-01 9.502080272102007841e-02 -3.823482282943850286e-01 -2.385682077048990879e-01 -1.725182963249224655e-01 9.537876578457339660e-02 -1.706856055082881483e-03 3.006095262994846681e-02 -1.192932228763269042e-01 3.125310097755492622e-01 1.793403856135350749e-01 3.947037435464864630e-01 1.883580045000872449e-02 -1.558088172174966202e-01 -5.388347406324251604e-02 2.017540683632204901e-01 -3.547741517570064951e-01 -1.798804492913862740e-01 -9.534611316200964914e-01 -2.430795411691476282e+00
-1.907687650431614035e+00 6.233659798116246709e-01 8.171106194420165281e+00 1.486733243014770056e-01 -2.331114045419302006e+00 -4.455082104666219234e-02 9.556317631325461637e-02 2.865330781931580417e-01 -3.190500582208010139e-01 2.111873158040442622e-01 -2.525193498985611740e-01 -8.047505120862757932e-02 -1.123671316576830559e-01 8.669927004667684622e-01 -1.158649922309193565e-02 -8.277167056035540996e-03 3.852161420640457523e-01 -2.802575970605708511e-01 -6.759252074743976602e-01 -1.808628892419758827e-01 -1.309291298442350759e-01 3.279274679507000467e-01 -2.103292782068208744e-01 2.963593017262332666e-02 -4.156745234815990009e-01 4.633588462811105702e-01 4.178863824363251989e-01 -9.077132238400065223e-02 -4.051827463319290952e-03 -1.737587353106756771e-01 4.371607609093457469e-01 3.627671506222805986e-01 2.072448340467727690e-01 2.421690173120996936e-01 -1.257323720175984039e-01 -2.108055759801962248e-01 2.714897349895762507e-02 1.924136048722943915e-01 -2.171301191024057053e-01 -1.832365628568883575e-01
-7.548428280122221334e-01 -1.719500439264515679e+00 1.486733243014770056e-01 8.500258285259269186e+00 3.269871449119342022e-01 -1.654781949052908319e+00 -5.414487463367457787e-01 -2.535991684384949485e-01 2.675224794590145838e-01 -2.759539744898839020e-01 -7.090111143349134282e-02 3.171469002089588041e-01 3.754042258007515009e-01 -8.724050362703540396e-01 -4.791803961117455102e-01 -8.071157117140202730e-02 1.909573815389654650e-01 3.780152651696661592e-01 -8.253295442259130921e-01 -2.387486356545747215e-02 5.075588278956129074e-01 8.344924661064399840e-02 2.182623015006846315e-03 1.765064291333714730e-01 -8.297529316328947080e-02 3.906468752027351110e-01 -5.362618485680296226e-02 -1.278018456593962848e-01 -3.610981781924091916e-01 -1.102057971747692627e-01 7.469428123416047005e-02 4.206718326378447448e-02 2.215384781271841907e-01 5.293931717442611484e-01 2.577259879166122203e-01 -1.825434913939228687e-01 1.002586794213379956e-01 1.895752772448841827e-01 1.006088068577876360e+00 -1.305228433268347255e-01
-6.267540690574627815e-01 -1.377218167328456033e+00 -2.331114045419302006e+00 3.269871449119342022e-01 9.107349541072318644e+00 6.341754574668504452e-01 -1.282863169798176273e+00 -9.651129841793799624e-01 3.376597269334269402e-01 4.336891317202383189e-01 6.431901002681804369e-02 -1.354411091574542758e-01 3.594898037180537659e-02 2.729298174515875641e-01 1.793382305820103439e-01 -2.469846923943525840e-01 -1.457457139445080818e-01 -4.773567217214311764e-01 4.419460300685917331e-01 -1.470685183328462042e-01 8.122611717218891636e-02 -4.129782600185357144e-01 4.092612937137471985e-01 -2.334080995751358981e-02 -3.479053507511025711e-01 -3.016928819151097341e-01 3.990690826512308977e-03 -2.932646336987946856e-01 1.915141537428284302e-01 4.959723288244656525e-03 -2.071835343786393169e-01 -1.747578625595163915e-01 3.270407251366521106e-01 -2.447845749931639170e-01 -5.806299141816503168e-02 6.829657597536575864e-02 3.779189884319178461e-01 -2.047832696703942579e-01 9.280720000062790687e-02 8.744728670139411131e-01
4.310068198629492253e-02 -8.199307565570795875e-02 -4.455082104666219234e-02 -1.654781949052908319e+00 6.341754574668504452e-01 8.663621741336809734e+00 1.218372437994194923e+00 -1.838472579508033888e+00 -7.815736505554067293e-01 -8.136994633142338729e-02 1.176114479915769812e-01 2.657438683975558713e-01 -3.512741555778292057e-01 2.210831178038736855e-01 -1.069717966265393422e-01 -1.400927662385325345e-01 -2.245318863335190041e-01 -5.452489020238167339e-02 7.979345246279978543e-02 -2.153910172377534182e-01 -2.247837038651418970e-02 -1.801385708282846609e-01 -2.397513178572111825e-01 3.361667960762655394e-01 -1.452147079224733739e-01 9.869122762194880438e-02 -2.075062631646317490e-01 2.437870894927664234e-02 -5.429862602606806699e-02 3.505515140946688368e-02 9.277625152637167250e-02 5.706626785926478644e-03 -1.283363469190184070e-01 5.632388937357991621e-01 4.577223134696822848e-01 -2.062578510067299697e-01 4.516656200215611872e-01 7.753528668757010689e-02 -9.671271581661532168e-02 2.327543991868670226e-01
-2.276059031794918364e-01 4.961858877016803171e-01 9.556317631325461637e-02 -5.414487463367457787e-01 -1.282863169798176273e+00 1.218372437994194923e+00 8.469236223715189027e+00 5.903538269976116304e-01 -2.335103433166386022e+00 -4.049591764513221781e-01 -8.839428852579654661e-02 -4.567919537208962183e-02 2.872463040412927548e-01 2.610448639863818809e-01 -5.836583865264475396e-02 2.471682822442903826e-01 5.533460535519327816e-01 -3.906431880108105492e-01 -2.299697636511216225e-01 -6.669450698889725637e-02 5.947379166057215755e-02 -2.145788223796364289e-02 1.607848684702826991e-01 -2.966089457299807969e-02 1.715268848390767154e-01 -3.700683527496450576e-01 1.179294552432749166e-01 -2.099490619676490366e-01 -1.364595062152964833e-01 3.699906596833660855e-01 2.059964473283205644e-01 -1.293877934173174316e-01 -1.778160120386507448e-01 -3.119630318078348563e-01 1.880611842334747319e-01 1.122401987106164956e-01 8.437628755561962790e-02 2.583549200224734554e-01 -1.360589484620624845e-01 -8.260832273691481875e-01
3.126691081900842550e-01 7.626918347324777858e-02 2.865330781931580417e-01 -2.535991684384949485e-01 -9.651129841793799624e-01 -1.838472579508033888e+00 5.903538269976116304e-01 8.506009744254649618e+00 6.669783404428174522e-01 -2.261807284890609893e+00 -6.939834064533777491e-01 1.041777297859982077e-01 1.004080316465936429e+00 -7.269318682919910513e-02 -2.394557762035273429e-01 -1.041502482854639727e-01 4.369212418971704648e-01 -6.316762447945063752e-02 -2.902646846811708925e-01 -1.319670123735658118e-01 5.665014472923900479e-01 1.603762389639797059e-01 1.525327160230328660e-01 -1.907800858684010892e-01 -3.236756950365856644e-01 -2.030276346880059701e-01 -3.973218007681371122e-01 4.947632816387324550e-01 5.611824423892502328e-02 -2.271062939870214514e-01 -1.109809717733067358e-01 -1.249223878969015766e-01 -7.090591986330532261e-03 -7.066383799511771757e-02 -6.949027396762517961e-02 2.228250626593356876e-01 -3.284487562206063749e-01 1.925894371757096157e-01 -6.297704161353642749e-02 1.143834065662135691e-01
2.971257589429515678e-01 -6.063291579652975161e-01 -3.190500582208010139e-01 2.675224794590145838e-01 3.376597269334269402e-01 -7.815736505554067293e-01 -2.335103433166386022e+00 6.669783404428174522e-01 9.280898486616846910e+00 7.167685683525091278e-01 -1.531484898996579247e+00 3.362044898356788408e-02 -3.046508386839633098e-01 4.564938289559443696e-01 7.307473273548530379e-01 -6.178158737738908002e-01 -5.638731271757555508e-01 1.392867707917443965e-01 1.203224136973890940e-01 9.870263939665606390e-02 -6.330688978945431256e-02 1.293508057824015733e-01 3.292239373028695848e-01 4.367049169548951615e-01 -1.080899106036925378e-01 -3.005380301580687918e-01 1.593493361089763360e-01 -8.758171139234544045e-02 -5.839094244091280750e-01 -1.216275833008380186e-01 1.130286858129544991e-01 -5.072624137255895421e-02 -2.133536510572973666e-01 9.106984363823560080e-02 -4.700143769216665046e-02 -5.043838544264418050e-02 1.253810270158163265e-01 -1.833765278645836660e-02 -6.034160170898851261e-01 -2.667700155407192186e-01
-8.717041914616883991e-02 -8.266902831242907423e-02 2.111873158040442622e-01 -2.759539744898839020e-01 4.336891317202383189e-01 -8.136994633142338729e-02 -4.049591764513221781e-01 -2.261807284890609893e+00 7.167685683525091278e-01 9.455781247903644271e+00 1.905651527443099069e-01 -2.132274456103559146e+00 -7.338815942927398028e-01 2.544633734755788468e-01 7.571185177946022637e-01 1.874269809980398938e-01 3.253333573817207905e-03 -6.051806702551623118e-01 -1.255103074838200550e-01 3.636465500229128511e-01 -9.336794368057005356e-02 9.275925657508790612e-02 2.365661743531617955e-01 6.518485217236147378e-01 9.220396558560517430e-02 -7.555134401895124974e-01 8.887775562322898504e-02 -3.840020401057855914e-02 -3.481703975523408046e-01 -2.457089097646998066e-01 -1.861077066267466439e-04 3.465550993566478555e-01 2.193939126739632428e-01 -3.998870158448999956e-02 -9.081524362366728831e-02 3.289721040730285151e-01 6.065612216266775825e-01 -4.826447672614662260e-02 -3.386682052617459027e-01 -1.522082680060119209e-01
-6.555733220760524560e-01 -5.258662598580465114e-02 -2.525193498985611740e-01 -7.090111143349134282e-02 6.431901002681804369e-02 1.176114479915769812e-01 -8.839428852579654661e-02 -6.939834064533777491e-01 -1.531484898996579247e+00 1.905651527443099069e-01 9.205984270328022134e+00 9.846204825051562137e-01 -1.827719177066594813e+00 -1.283455196356804828e+00 -5.141655891749309371e-01 8.427428500102613906e-01 5.649794867774076135e-01 -3.899095956055926293e-01 3.824834384301235152e-02 3.590386254997456339e-01 2.514353162865046731e-01 8.153776460745765231e-02 -7.196241132445599376e-02 -3.022797797530357711e-01 5.731186698420150938e-01 -2.632372728348547630e-01 -3.590965985529308568e-01 -1.929067386555088914e-01 -1.534363287166183309e-01 2.316349652726114039e-01 1.434263424399035702e-01 -6.672845407262616158e-02 1.918458979471270309e-01 -7.656077734872296370e-02 -2.181856572923224491e-01 1.577614677861210457e-01 -4.159910548483732873e-01 2.726284928816006814e-01 4.968870007605465378e-01 4.251021195364922955e-01
-2.073126314875344545e-01 5.452087935096781024e-01 -8.047505120862757932e-02 3.171469002089588041e-01 -1.354411091574542758e-01 2.657438683975558713e-01 -4.567919537208962183e-02 1.041777297859982077e-01 3.362044898356788408e-02 -2.132274456103559146e+00 9.846204825051562137e-01 9.612928398337500013e+00 8.729475929343285534e-01 -2.354716819012951490e+00 -3.996653221766426345e-01 -3.150153439040475623e-01 1.619737232986384265e-02 6.261910916302870778e-01 -3.390707843709468428e-01 -9.607336745053393079e-01 1.710835868817487185e-02 4.587738473123676997e-01 -1.153884109716109413e-01 -1.562633131410405274e-01 -1.218728062756923997e-01 4.181662884799885460e-01 -1.584943186647569946e-01 -1.378763525024159220e-01 -2.848462302841520133e-01 -1.760642758709650424e-01 2.491986309458141258e-01 -1.777465752104448737e-01 1.140395936209649269e-01 -2.020413200127546549e-01 -6.998952820196564784e-02 -7.791911968199054517e-01 -5.763851893568312096e-02 3.857179412757161807e-01 -2.105134564030761157e-01 -3.634819790756385061e-01
-3.313598633719676279e-02 -6.595266654349928037e-02 -1.123671316576830559e-01 3.754042258007515009e-01 3.594898037180537659e-02 -3.512741555778292057e-01 2.872463040412927548e-01 1.004080316465936429e+00 -3.046508386839633098e-01 -7.338815942927398028e-01 -1.827719177066594813e+00 8.729475929343285534e-01 9.431147952640007048e+00 4.288455326153337577e-01 -2.404743798903351326e+00 -4.987881636195606871e-01 1.453467087129705348e-01 1.754359328690835995e-01 1.196442565757074444e-01 -2.101506930895817860e-01 -1.950381566299935199e-01 -2.934718467526333252e-01 8.407071353301161232e-02 1.882449371062583643e-01 -2.728691446684757826e-01 -1.453669159909490027e-01 4.072183375062761734e-01 1.381205093533809103e-01 -6.949907249879297422e-02 1.997063083937287986e-01 -5.189440308980107774e-01 -2.012244970121005450e-01 -3.951147862498634589e-01 -8.437917828995593339e-02 6.442497838521095144e-01 -5.267843788747361700e-02 -9.800054073445045588e-02 1.421285528200724180e-01 1.018617072950669944e-02 1.197306923488601904e-01
-1.236673254520759685e-01 1.571883981495586224e-01 8.669927004667684622e-01 -8.724050362703540396e-01 2.729298174515875641e-01 2.210831178038736855e-01 2.610448639863818809e-01 -7.269318682919910513e-02 4.564938289559443696e-01 2.544633734755788468e-01 -1.283455196356804828e+00 -2.354716819012951490e+00 4.288455326153337577e-01 1.057936478951823389e+01 3.478753592128993044e-01 -2.111378413326641557e+00 -4.990138235628517327e-01 -4.997083339608634489e-01 6.312729791999992512e-01 -1.293442096097554596e-02 -4.850851822786236278e-01 2.958491959898775225e-01 3.246942282536573465e-01 2.109199832729941881e-01 -6.114956902132830940e-01 -4.382109788952303631e-01 6.701256113137250559e-01 -2.007773701900125440e-01 -1.640420635517145787e-01 1.428216206037333236e-01 -3.375318786018874362e-01 -3.388644753512588537e-01 -6.862751763262914251e-01 -1.120282651786000221e-02 1.473735093022842668e-01 7.073004377003091481e-01 -2.421840522868828893e-02 -4.920750305047875695e-01 -1.006709957093802343e-01 1.411876452767633627e-01
-1.632610590252845384e-01 2.053999029117033748e-01 -1.158649922309193565e-02 -4.791803961117455102e-01 1.793382305820103439e-01 -1.069717966265393422e-01 -5.836583865264475396e-02 -2.394557762035273429e-01 7.307473273548530379e-01 7.571185177946022637e-01 -5.141655891749309371e-01 -3.996653221766426345e-01 -2.404743798903351326e+00 3.478753592128993044e-01 9.569580810992395214e+00 8.075407996015480927e-02 -2.594172299800856063e+00 -9.634243813453344796e-01 -3.350477000708330239e-02 4.749223259085049165e-01 2.011620169527369717e-01 8.965042587003854702e-02 -4.519364249354350382e-02 1.405997222711651840e-01 7.012909649038283622e-01 7.905997706645934153e-01 -1.819393426565572569e-01 -8.367340673339378199e-02 -2.788252902679437262e-01 1.449316108572124562e-01 2.957530745082840862e-01 1.198119611791893663e-01 -3.610972016467869916e-01 4.496601727338651600e-01 -3.626631321960753773e-01 5.056725781423001553e-01 9.021370097917607023e-01 2.733201458099764405e-02 -1.163873039033059276e-01 -4.925120832593525289e-01
-1.740626060151167498e-01 -1.299184705415503127e-01 -8.277167056035540996e-03 -8.071157117140202730e-02 -2.469846923943525840e-01 -1.400927662385325345e-01 2.471682822442903826e-01 -1.041502482854639727e-01 -6.178158737738908002e-01 1.874269809980398938e-01 8.427428500102613906e-01 -3.150153439040475623e-01 -4.987881636195606871e-01 -2.111378413326641557e+00 8.075407996015480927e-02 9.921655069413679584e+00 8.909274876648682895e-01 -1.807069449913078829e+00 1.333424729061480907e-01 -4.862287673236186103e-02 1.948644660658367667e-01 -1.807087396013966341e-01 1.660734243233904783e-01 2.059642541207276356e-01 3.667861859419449533e-01 1.140232390925285111e-01 -6.245938796971493012e-01 4.570273297047489774e-02 4.136769436313717518e-01 5.721166553857330861e-01 -4.038160021884248385e-01 2.881476109387187678e-01 -2.001195102603354758e-01 5.596539324614017985e-02 4.518555377726345135e-02 4.840143614042875519e-01 -2.400402703884929878e-01 6.851275424961875693e-01 3.862363642777714712e-01 -1.164519923077480257e-01
-7.099063952709161462e-01 -1.744621493814834945e-01 3.852161420640457523e-01 1.909573815389654650e-01 -1.457457139445080818e-01 -2.245318863335190041e-01 5.533460535519327816e-01 4.369212418971704648e-01 -5.638731271757555508e-01 3.253333573817207905e-03 5.649794867774076135e-01 1.619737232986384265e-02 1.453467087129705348e-01 -4.990138235628517327e-01 -2.594172299800856063e+00 8.909274876648682895e-01 9.569728687389039479e+00 6.047396796028237098e-01 -1.224189740357106038e+00 -6.076769946369671160e-01 -1.333342726690723845e-01 2.625195400138925494e-01 2.974012581582908266e-01 1.742837933081079205e-01 -2.636052653940512691e-01 -1.164335122777089837e-01 -1.523569578898137655e-01 2.048306298105452283e-01 -3.925667836137436972e-01 -4.863898435571454848e-01 -1.633198743977919143e-01 2.691345083088087509e-01 6.429026178000724068e-02 -2.137854637660159263e-01 -3.278714340454181309e-01 3.979417915923700866e-01 -3.477276182917408143e-01 5.913921289455787988e-01 7.900651134451213142e-01 1.403592574558250317e-01
3.253218555938973688e-01 -1.015582898498896963e-01 -2.802575970605708511e-01 3.780152651696661592e-01 -4.773567217214311764e-01 -5.452489020238167339e-02 -3.906431880108105492e-01 -6.316762447945063752e-02 1.392867707917443965e-01 -6.051806702551623118e-01 -3.899095956055926293e-01 6.261910916302870778e-01 1.754359328690835995e-01 -4.997083339608634489e-01 -9.634243813453344796e-01 -1.807069449913078829e+00 6.047396796028237098e-01 8.667040421456668753e+00 4.566268404734040720e-01 -2.242756335986554994e+00 -6.116206169932382197e-01 -2.782420191763833595e-01 -4.332367204774152658e-02 3.583177085518308158e-01 3.509134084549603988e-02 -4.921768179948728950e-01 5.194933075360381736e-01 -7.912233334959871411e-02 2.226774884029114610e-01 -5.174576286459728891e-01 -4.740637016473555621e-01 2.692345526277253320e-01 2.084156751972105481e-01 -5.887048265515566481e-01 -6.205437762568274951e-02 -2.495470667699581091e-01 -6.888591230643014152e-01 -1.100951332765357921e-01 3.157620503613429164e-01 -3.490684408697737884e-01
5.413242397486838220e-01 7.906069654876746178e-02 -6.759252074743976602e-01 -8.253295442259130921e-01 4.419460300685917331e-01 7.979345246279978543e-02 -2.299697636511216225e-01 -2.902646846811708925e-01 1.203224136973890940e-01 -1.255103074838200550e-01 3.824834384301235152e-02 -3.390707843709468428e-01 1.196442565757074444e-01 6.312729791999992512e-01 -3.350477000708330239e-02 1.333424729061480907e-01 -1.224189740357106038e+00 4.566268404734040720e-01 8.427562442214606264e+00 6.212398203821767328e-01 -2.026089028744128662e+00 -2.061956991755096447e-01 -4.782355120478636312e-01 1.449616474849869385e-01 2.296304064343354379e-01 -3.312409424277100167e-01 -3.756792925979342002e-01 -5.015411346739461207e-01 2.565251170210987031e-01 5.691945248965054605e-01 -5.106839475951012279e-03 1.782701136335384795e-01 -4.539242826088065730e-01 1.178250199613130184e-01 2.471400221308492628e-01 -4.033827703986484492e-01 -9.282826760154578860e-01 -5.807235933201586597e-01 1.291638827739758910e-01 6.611137718702727595e-01
1.796556167083916411e-01 4.629956945953230818e-01 -1.808628892419758827e-01 -2.387486356545747215e-02 -1.470685183328462042e-01 -2.153910172377534182e-01 -6.669450698889725637e-02 -1.319670123735658118e-01 9.870263939665606390e-02 3.636465500229128511e-01 3.590386254997456339e-01 -9.607336745053393079e-01 -2.101506930895817860e-01 -1.293442096097554596e-02 4.749223259085049165e-01 -4.862287673236186103e-02 -6.076769946369671160e-01 -2.242756335986554994e+00 6.212398203821767328e-01 9.405057706171218612e+00 3.828180475313822106e-01 -1.491020364068590398e+00 -7.122176056053080018e-01 -5.628232507424362208e-01 5.889547365703922122e-01 3.287684385507498863e-01 -4.472653515925226753e-01 1.162073489920911751e-01 -6.132522787315048962e-01 5.952752945998905920e-01 4.687413429217121563e-01 3.091744366984943149e-01 2.201131511568904797e-01 6.914191063734620446e-01 1.960520495907963068e-01 1.424912908939805767e-01 -1.016342571550788720e-01 -6.036466586663363776e-01 -4.086019257417374262e-01 3.202732587863391100e-01
-1.066514200191156225e-01 -1.687731401958280919e-01 -1.309291298442350759e-01 5.075588278956129074e-01 8.122611717218891636e-02 -2.247837038651418970e-02 5.947379166057215755e-02 5.665014472923900479e-01 -6.330688978945431256e-02 -9.336794368057005356e-02 2.514353162865046731e-01 1.710835868817487185e-02 -1.950381566299935199e-01 -4.850851822786236278e-01 2.011620169527369717e-01 1.948644660658367667e-01 -1.333342726690723845e-01 -6.116206169932382197e-01 -2.026089028744128662e+00 3.828180475313822106e-01 9.561218060100179272e+00 -1.778891039682458375e-01 -1.814127052543900387e+00 -9.603839559981764973e-01 -6.082855009940435487e-01 8.416010530361679454e-01 3.612262387721599799e-01 2.601561916351970427e-01 -5.291855611292493045e-01 1.506085853097178517e-01 -5.533862079802970985e-02 -5.526168049053145070e-01 5.431406968311576211e-01 3.370425987048193406e-01 1.058209148339032263e-01 3.758583056390147892e-01 6.688131982278282539e-01 5.409674299532998137e-02 -5.765053973909944895e-02 -2.974829438766436462e-01
9.371649775227375301e-02 9.502080272102007841e-02 3.279274679507000467e-01 8.344924661064399840e-02 -4.129782600185357144e-01 -1.801385708282846609e-01 -2.145788223796364289e-02 1.603762389639797059e-01 1.293508057824015733e-01 9.275925657508790612e-02 8.153776460745765231e-02 4.587738473123676997e-01 -2.934718467526333252e-01 2.958491959898775225e-01 8.965042587003854702e-02 -1.807087396013966341e-01 2.625195400138925494e-01 -2.782420191763833595e-01 -2.061956991755096447e-01 -1.491020364068590398e+00 -1.778891039682458375e-01 8.567195294497855329e+00 1.426797235372136430e-01 -1.653155988581787028e+00 -5.149497694164694162e-01 -3.967285909527351051e-01 5.851934685284929660e-01 5.711127585494413239e-01 -4.714250619383357765e-01 -1.376832326891299640e-01 8.019998375758604636e-01 2.078033184706485070e-01 -7.689009652214926493e-01 -8.029651475930392746e-01 3.901694888861292343e-01 3.912802019248776686e-01 4.150011828958747873e-01 3.096248005819745019e-01 -4.357472895044566807e-01 -4.234966684558790773e-01
-2.694702299025131809e-01 -3.823482282943850286e-01 -2.103292782068208744e-01 2.182623015006846315e-03 4.092612937137471985e-01 -2.397513178572111825e-01 1.607848684702826991e-01 1.525327160230328660e-01 3.292239373028695848e-01 2.365661743531617955e-01 -7.196241132445599376e-02 -1.153884109716109413e-01 8.407071353301161232e-02 3.246942282536573465e-01 -4.519364249354350382e-02 1.660734243233904783e-01 2.974012581582908266e-01 -4.332367204774152658e-02 -4.782355120478636312e-01 -7.122176056053080018e-01 -1.814127052543900387e+00 1.426797235372136430e-01 8.708705645929901706e+00 1.129643330821752389e+00 -1.938221435255071734e+00 -8.291018288914366874e-01 -2.944167371950308087e-01 2.339886707515535791e-01 1.856656132061675069e-01 -6.248360216854601523e-01 6.968625156525735942e-02 6.424046269802956566e-01 3.723991766470107767e-01 -5.176159862505556042e-01 -7.228970576582036678e-01 3.723570642193908126e-02 9.774272373184306195e-02 2.303645207856474253e-01 -6.500558738533744607e-02 3.318051981381840987e-01
-3.916386387741740416e-01 -2.385682077048990879e-01 2.963593017262332666e-02 1.765064291333714730e-01 -2.334080995751358981e-02 3.361667960762655394e-01 -2.966089457299807969e-02 -1.907800858684010892e-01 4.367049169548951615e-01 6.518485217236147378e-01 -3.022797797530357711e-01 -1.562633131410405274e-01 1.882449371062583643e-01 2.109199832729941881e-01 1.405997222711651840e-01 2.059642541207276356e-01 1.742837933081079205e-01 3.583177085518308158e-01 1.449616474849869385e-01 -5.628232507424362208e-01 -9.603839559981764973e-01 -1.653155988581787028e+00 1.129643330821752389e+00 8.740558862456852651e+00 6.045283248339381466e-01 -2.408289809127262426e+00 -7.397265980442155886e-01 -4.941885416652881946e-01 6.971792832728400668e-01 9.637991811270457676e-02 -5.857006978636788430e-01 5.977853667670348509e-02 4.326699828431464501e-01 3.808152642516977049e-01 1.595717838172312775e-01 -3.374758544402196581e-01 -6.059852083043334309e-02 3.371326192612729145e-01 3.873510059925439619e-01 -1.610191372749080474e-01
4.130325983880697716e-01 -1.725182963249224655e-01 -4.156745234815990009e-01 -8.297529316328947080e-02 -3.479053507511025711e-01 -1.452147079224733739e-01 1.715268848390767154e-01 -3.236756950365856644e-01 -1.080899106036925378e-01 9.220396558560517430e-02 5.731186698420150938e-01 -1.218728062756923997e-01 -2.728691446684757826e-01 -6.114956902132830940e-01 7.012909649038283622e-01 3.667861859419449533e-01 -2.636052653940512691e-01 3.509134084549603988e-02 2.296304064343354379e-01 5.889547365703922122e-01 -6.082855009940435487e-01 -5.149497694164694162e-01 -1.938221435255071734e+00 6.045283248339381466e-01 9.434643979225109334e+00 6.807845029695529515e-01 -2.015284324177395892e+00 -1.423421599887754185e-01 -2.046446210843318736e-01 1.662400391627467666e-01 1.435874670836079225e-01 -4.330656174554339127e-02 -3.302829363515810690e-02 5.146280540625998157e-01 2.462179161493129043e-01 -1.269347650388530369e-01 -2.038199074607963956e-01 9.937546796228148571e-02 -1.467908196455963987e-01 2.728954712214878842e-01
-3.205440712591646479e-02 9.537876578457339660e-02 4.633588462811105702e-01 3.906468752027351110e-01 -3.016928819151097341e-01 9.869122762194880438e-02 -3.700683527496450576e-01 -2.030276346880059701e-01 -3.005380301580687918e-01 -7.555134401895124974e-01 -2.632372728348547630e-01 4.181662884799885460e-01 -1.453669159909490027e-01 -4.382109788952303631e-01 7.905997706645934153e-01 1.140232390925285111e-01 -1.164335122777089837e-01 -4.921768179948728950e-01 -3.312409424277100167e-01 3.287684385507498863e-01 8.416010530361679454e-01 -3.967285909527351051e-01 -8.291018288914366874e-01 -2.408289809127262426e+00 6.807845029695529515e-01 9.398602699474855271e+00 1.133254125666436796e+00 -1.501079272331793835e+00 -1.061950661196012557e+00 -1.968026087904142241e-01 6.994580410942820015e-01 3.943332504174518194e-01 -3.068924278079811219e-02 3.053867236831888654e-01 1.911153391235273502e-01 -1.906394342694507985e-02 -1.044885600911458906e-01 -2.797100608235456032e-01 5.087153639224532009e-01 7.835309401659266981e-02
-2.287528076352948400e-02 -1.706856055082881483e-03 4.178863824363251989e-01 -5.362618485680296226e-02 3.990690826512308977e-03 -2.075062631646317490e-01 1.179294552432749166e-01 -3.973218007681371122e-01 1.593493361089763360e-01 8.887775562322898504e-02 -3.590965985529308568e-01 -1.584943186647569946e-01 4.072183375062761734e-01 6.701256113137250559e-01 -1.819393426565572569e-01 -6.245938796971493012e-01 -1.523569578898137655e-01 5.194933075360381736e-01 -3.756792925979342002e-01 -4.472653515925226753e-01 3.612262387721599799e-01 5.851934685284929660e-01 -2.944167371950308087e-01 -7.397265980442155886e-01 -2.015284324177395892e+00 1.133254125666436796e+00 8.678718660819265907e+00 1.101678170090609976e+00 -1.857324211589075125e+00 -7.681804579810326272e-01 -1.814645862318032821e-01 4.004867224383689139e-01 -1.083531327970918695e-01 -3.135994625092167198e-01 -1.390330641747921647e-01 3.181037515097577539e-02 3.185643289933953182e-01 2.645903998237121302e-01 -1.261971384710744160e-01 1.486172223625865929e-01
1.292018220052089661e-01 3.006095262994846681e-02 -9.077132238400065223e-02 -1.278018456593962848e-01 -2.932646336987946856e-01 2.437870894927664234e-02 -2.099490619676490366e-01 4.947632816387324550e-01 -8.758171139234544045e-02 -3.840020401057855914e-02 -1.929067386555088914e-01 -1.378763525024159220e-01 1.381205093533809103e-01 -2.007773701900125440e-01 -8.367340673339378199e-02 4.570273297047489774e-02 2.048306298105452283e-01 -7.912233334959871411e-02 -5.015411346739461207e-01 1.162073489920911751e-01 2.601561916351970427e-01 5.711127585494413239e-01 2.339886707515535791e-01 -4.941885416652881946e-01 -1.423421599887754185e-01 -1.501079272331793835e+00 1.101678170090609976e+00 9.876174745395539745e+00 -1.100373642345702785e-01 -2.596071652656185336e+00 -4.638796116694873795e-01 -1.570625432392913079e-01 5.790928464336070336e-01 -3.367856859149189197e-01 -6.436412338438850522e-01 -2.959015008246653200e-01 1.554969084882262265e-01 5.151366225824808298e-01 1.755283119914237966e-01 -1.671275742336925454e-02
-2.561536406301715973e-01 -1.192932228763269042e-01 -4.051827463319290952e-03 -3.610981781924091916e-01 1.915141537428284302e-01 -5.429862602606806699e-02 -1.364595062152964833e-01 5.611824423892502328e-02 -5.839094244091280750e-01 -3.481703975523408046e-01 -1.534363287166183309e-01 -2.848462302841520133e-01 -6.949907249879297422e-02 -1.640420635517145787e-01 -2.788252902679437262e-01 4.136769436313717518e-01 -3.925667836137436972e-01 2.226774884029114610e-01 2.565251170210987031e-01 -6.132522787315048962e-01 -5.291855611292493045e-01 -4.714250619383357765e-01 1.856656132061675069e-01 6.971792832728400668e-01 -2.046446210843318736e-01 -1.061950661196012557e+00 -1.857324211589075125e+00 -1.100373642345702785e-01 9.185150977284363805e+00 5.084412208820019430e-01 -1.948330938585217664e+00 -5.002270647226051414e-01 1.562367969071813412e-01 2.221462093426061490e-01 7.200781431483565306e-04 -4.912918893776338503e-01 -6.462515170223097627e-01 1.273119709502272268e-01 2.733283870016975370e-01 -3.060615815813488849e-02
3.179628827358106924e-01 3.125310097755492622e-01 -1.737587353106756771e-01 -1.102057971747692627e-01 4.959723288244656525e-03 3.505515140946688368e-02 3.699906596833660855e-01 -2.271062939870214514e-01 -1.216275833008380186e-01 -2.457089097646998066e-01 2.316349652726114039e-01 -1.760642758709650424e-01 1.997063083937287986e-01 1.428216206037333236e-01 1.449316108572124562e-01 5.721166553857330861e-01 -4.863898435571454848e-01 -5.174576286459728891e-01 5.691945248965054605e-01 5.952752945998905920e-01 1.506085853097178517e-01 -1.376832326891299640e-01 -6.248360216854601523e-01 9.637991811270457676e-02 1.662400391627467666e-01 -1.968026087904142241e-01 -7.681804579810326272e-01 -2.596071652656185336e+00 5.084412208820019430e-01 9.990564568230132281e+00 1.027623571484651110e+00 -1.775562467261569966e+00 -1.632196772893133918e+00 4.801960523884499787e-01 1.137919543296280533e+00 1.872833324372468189e-01 -6.582341242300562278e-01 -6.218752683691479710e-01 -2.847271402873666202e-01 3.606882136534064753e-02
1.530964973191461798e-01 1.793403856135350749e-01 4.371607609093457469e-01 7.469428123416047005e-02 -2.071835343786393169e-01 9.277625152637167250e-02 2.059964473283205644e-01 -1.109809717733067358e-01 1.130286858129544991e-01 -1.861077066267466439e-04 1.434263424399035702e-01 2.491986309458141258e-01 -5.189440308980107774e-01 -3.375318786018874362e-01 2.957530745082840862e-01 -4.038160021884248385e-01 -1.633198743977919143e-01 -4.740637016473555621e-01 -5.106839475951012279e-03 4.687413429217121563e-01 -5.533862079802970985e-02 8.019998375758604636e-01 6.968625156525735942e-02 -5.857006978636788430e-01 1.435874670836079225e-01 6.994580410942820015e-01 -1.814645862318032821e-01 -4.638796116694873795e-01 -1.948330938585217664e+00 1.027623571484651110e+00 8.947613021672154332e+00 6.037936957207608035e-01 -1.966919272041224298e+00 -1.012118883819618648e-01 -3.337076103929484949e-01 3.778973914680636148e-01 8.159216081879604177e-02 -1.038147613262470487e-01 2.046321172352395246e-01 -5.450773219398789005e-01
1.141504400029830779e-01 3.947037435464864630e-01 3.627671506222805986e-01 4.206718326378447448e-02 -1.747578625595163915e-01 5.706626785926478644e-03 -1.293877934173174316e-01 -1.249223878969015766e-01 -5.072624137255895421e-02 3.465550993566478555e-01 -6.672845407262616158e-02 -1.777465752104448737e-01 -2.012244970121005450e-01 -3.388644753512588537e-01 1.198119611791893663e-01 2.881476109387187678e-01 2.691345083088087509e-01 2.692345526277253320e-01 1.782701136335384795e-01 3.091744366984943149e-01 -5.526168049053145070e-01 2.078033184706485070e-01 6.424046269802956566e-01 5.977853667670348509e-02 -4.330656174554339127e-02 3.943332504174518194e-01 4.004867224383689139e-01 -1.570625432392913079e-01 -5.002270647226051414e-01 -1.775562467261569966e+00 6.037936957207608035e-01 9.798133433234376355e+00 8.935899266358543480e-02 -1.947645727572067109e+00 -3.418730619146615468e-01 -2.094595146949471132e-01 6.116343824266287088e-01 6.661693964802157808e-01 -1.669740851830114059e-01 1.132297148822007660e-01
-5.087666979635632192e-01 1.883580045000872449e-02 2.072448340467727690e-01 2.215384781271841907e-01 3.270407251366521106e-01 -1.283363469190184070e-01 -1.778160120386507448e-01 -7.090591986330532261e-03 -2.133536510572973666e-01 2.193939126739632428e-01 1.918458979471270309e-01 1.140395936209649269e-01 -3.951147862498634589e-01 -6.862751763262914251e-01 -3.610972016467869916e-01 -2.001195102603354758e-01 6.429026178000724068e-02 2.084156751972105481e-01 -4.539242826088065730e-01 2.201131511568904797e-01 5.431406968311576211e-01 -7.689009652214926493e-01 3.723991766470107767e-01 4.326699828431464501e-01 -3.302829363515810690e-02 -3.068924278079811219e-02 -1.083531327970918695e-01 5.790928464336070336e-01 1.562367969071813412e-01 -1.632196772893133918e+00 -1.966919272041224298e+00 8.935899266358543480e-02 1.001537097094368711e+01 1.533482856701450459e+00 -2.126894386525894909e+00 -2.063185635232961168e+00 -3.119184999300130268e-01 6.459357688890398075e-01 1.474983074355296075e-01 -7.137932567288082786e-02
-3.624957191797538725e-01 -1.558088172174966202e-01 2.421690173120996936e-01 5.293931717442611484e-01 -2.447845749931639170e-01 5.632388937357991621e-01 -3.119630318078348563e-01 -7.066383799511771757e-02 9.106984363823560080e-02 -3.998870158448999956e-02 -7.656077734872296370e-02 -2.020413200127546549e-01 -8.437917828995593339e-02 -1.120282651786000221e-02 4.496601727338651600e-01 5.596539324614017985e-02 -2.137854637660159263e-01 -5.887048265515566481e-01 1.178250199613130184e-01 6.914191063734620446e-01 3.370425987048193406e-01 -8.029651475930392746e-01 -5.176159862505556042e-01 3.808152642516977049e-01 5.146280540625998157e-01 3.053867236831888654e-01 -3.135994625092167198e-01 -3.367856859149189197e-01 2.221462093426061490e-01 4.801960523884499787e-01 -1.012118883819618648e-01 -1.947645727572067109e+00 1.533482856701450459e+00 9.550608373326475942e+00 6.606483259775576267e-01 -2.673533309200230690e+00 -2.224816045636850426e-01 -4.451481289597136737e-01 3.233909364003726972e-01 7.155847018876508869e-01
3.078876841460771452e-01 -5.388347406324251604e-02 -1.257323720175984039e-01 2.577259879166122203e-01 -5.806299141816503168e-02 4.577223134696822848e-01 1.880611842334747319e-01 -6.949027396762517961e-02 -4.700143769216665046e-02 -9.081524362366728831e-02 -2.181856572923224491e-01 -6.998952820196564784e-02 6.442497838521095144e-01 1.473735093022842668e-01 -3.626631321960753773e-01 4.518555377726345135e-02 -3.278714340454181309e-01 -6.205437762568274951e-02 2.471400221308492628e-01 1.960520495907963068e-01 1.058209148339032263e-01 3.901694888861292343e-01 -7.228970576582036678e-01 1.595717838172312775e-01 2.462179161493129043e-01 1.911153391235273502e-01 -1.390330641747921647e-01 -6.436412338438850522e-01 7.200781431483565306e-04 1.137919543296280533e+00 -3.337076103929484949e-01 -3.418730619146615468e-01 -2.126894386525894909e+00 6.606483259775576267e-01 9.917659799496842510e+00 6.395669054909076667e-01 -1.543994372790949088e+00 -3.938491362004605811e-01 -5.399863499025938651e-01 4.579896079412932308e-01
5.872492972211905693e-01 2.017540683632204901e-01 -2.108055759801962248e-01 -1.825434913939228687e-01 6.829657597536575864e-02 -2.062578510067299697e-01 1.122401987106164956e-01 2.228250626593356876e-01 -5.043838544264418050e-02 3.289721040730285151e-01 1.577614677861210457e-01 -7.791911968199054517e-01 -5.267843788747361700e-02 7.073004377003091481e-01 5.056725781423001553e-01 4.840143614042875519e-01 3.979417915923700866e-01 -2.495470667699581091e-01 -4.033827703986484492e-01 1.424912908939805767e-01 3.758583056390147892e-01 3.912802019248776686e-01 3.723570642193908126e-02 -3.374758544402196581e-01 -1.269347650388530369e-01 -1.906394342694507985e-02 3.181037515097577539e-02 -2.959015008246653200e-01 -4.912918893776338503e-01 1.872833324372468189e-01 3.778973914680636148e-01 -2.094595146949471132e-01 -2.063185635232961168e+00 -2.673533309200230690e+00 6.395669054909076667e-01 1.062082511944510088e+01 1.085720625987449228e+00 -1.442374189523691452e+00 -8.098875744499858254e-01 -4.855329169198668859e-01
-1.943463663478647296e-01 -3.547741517570064951e-01 2.714897349895762507e-02 1.002586794213379956e-01 3.779189884319178461e-01 4.516656200215611872e-01 8.437628755561962790e-02 -3.284487562206063749e-01 1.253810270158163265e-01 6.065612216266775825e-01 -4.159910548483732873e-01 -5.763851893568312096e-02 -9.800054073445045588e-02 -2.421840522868828893e-02 9.021370097917607023e-01 -2.400402703884929878e-01 -3.477276182917408143e-01 -6.888591230643014152e-01 -9.282826760154578860e-01 -1.016342571550788720e-01 6.688131982278282539e-01 4.150011828958747873e-01 9.774272373184306195e-02 -6.059852083043334309e-02 -2.038199074607963956e-01 -1.044885600911458906e-01 3.185643289933953182e-01 1.554969084882262265e-01 -6.462515170223097627e-01 -6.582341242300562278e-01 8.159216081879604177e-02 6.116343824266287088e-01 -3.119184999300130268e-01 -2.224816045636850426e-01 -1.543994372790949088e+00 1.085720625987449228e+00 8.892430436582337450e+00 4.542557677308612929e-01 -2.389236582100071615e+00 -5.018504557518366216e-01
-2.127077592527997774e-01 -1.798804492913862740e-01 1.924136048722943915e-01 1.895752772448841827e-01 -2.047832696703942579e-01 7.753528668757010689e-02 2.583549200224734554e-01 1.925894371757096157e-01 -1.833765278645836660e-02 -4.826447672614662260e-02 2.726284928816006814e-01 3.857179412757161807e-01 1.421285528200724180e-01 -4.920750305047875695e-01 2.733201458099764405e-02 6.851275424961875693e-01 5.913921289455787988e-01 -1.100951332765357921e-01 -5.807235933201586597e-01 -6.036466586663363776e-01 5.409674299532998137e-02 3.096248005819745019e-01 2.303645207856474253e-01 3.371326192612729145e-01 9.937546796228148571e-02 -2.797100608235456032e-01 2.645903998237121302e-01 5.151366225824808298e-01 1.273119709502272268e-01 -6.218752683691479710e-01 -1.038147613262470487e-01 6.661693964802157808e-01 6.459357688890398075e-01 -4.451481289597136737e-01 -3.938491362004605811e-01 -1.442374189523691452e+00 4.542557677308612929e-01 9.452425314359812702e+00 3.073842952042959431e-01 -2.011998314835626189e+00
-1.732440309995394001e+00 -9.534611316200964914e-01 -2.171301191024057053e-01 1.006088068577876360e+00 9.280720000062790687e-02 -9.671271581661532168e-02 -1.360589484620624845e-01 -6.297704161353642749e-02 -6.034160170898851261e-01 -3.386682052617459027e-01 4.968870007605465378e-01 -2.105134564030761157e-01 1.018617072950669944e-02 -1.006709957093802343e-01 -1.163873039033059276e-01 3.862363642777714712e-01 7.900651134451213142e-01 3.157620503613429164e-01 1.291638827739758910e-01 -4.086019257417374262e-01 -5.765053973909944895e-02 -4.357472895044566807e-01 -6.500558738533744607e-02 3.873510059925439619e-01 -1.467908196455963987e-01 5.087153639224532009e-01 -1.261971384710744160e-01 1.755283119914237966e-01 2.733283870016975370e-01 -2.847271402873666202e-01 2.046321172352395246e-01 -1.669740851830114059e-01 1.474983074355296075e-01 3.233909364003726972e-01 -5.399863499025938651e-01 -8.098875744499858254e-01 -2.389236582100071615e+00 3.073842952042959431e-01 9.800323753790769032e+00 8.503180029078385438e-01
