9.230927981512998315e+00 6.811845161943942406e-01 -1.735192808468554837e+00 -6.053333488398793261e-01 -1.320086415974613125e-01 2.137806329820265694e-01 4.104832509308197763e-01 2.291340260780078131e-01 -1.371830663185593935e-01 3.154841101452079966e-01 -1.103206152104040383e-01 9.036852917617364811e-02 5.118826708639757916e-02 1.692261953327828250e-01 -3.713511891119335995e-01 -1.338301384803121108e-01 -1.857153232318886349e-01 3.061881818536465460e-01 4.364791275104507595e-01 1.960234153631772447e-01 -2.035504261183938846e-01 -2.280452579344117298e-02 -3.030021538866178518e-02 -4.077660301126576764e-02 2.288985359640944295e-01 -9.829789003147847148e-02 7.109879083197020999e-02 -3.452503506044254378e-01 -2.749203472101716811e-02 4.767594915487469720e-01 -3.343016022342367721e-01 -2.512989633685279167e-01 -4.793968334561198308e-01 -2.819733176069011416e-01 8.925982148429628671e-02 5.619695392984523918e-01 -3.559638057298334518e-02 -1.033739001918750483e-01 -1.351388344862882729e+00 -3.692180951260641275e-01
6.811845161943942406e-01 8.339514526223164026e+00 6.334475976176531242e-01 -1.417874135376666844e+00 -1.056990914341239263e+00 -4.049907047912947727e-02 3.715163075270283000e-01 -3.023508125715560491e-01 -1.784939033151418941e-01 1.046182787288744420e-01 -5.334081823742672368e-01 4.864136657935876351e-01 2.687247902539824929e-01 2.448459998348795352e-01 -2.058700358817185938e-01 -1.342501459788831564e-01 2.607567210294368665e-01 -3.957480764100654302e-01 -8.035137036985318115e-02 1.306394270988381900e-01 -5.152701607857284455e-02 -1.817064029168977690e-01 2.837649927582185372e-01 4.890300091726428322e-01 -1.133108968095271341e-02 1.132673110977016617e-01 -2.801294437483745070e-01 -2.074164288294699232e-01 -4.089813821747175782e-01 1.390203260761958479e-02 -1.739802749485222788e-01 -1.293004216088812774e-01 3.048111769668117033e-01 -1.966069961810038014e-01 6.013982634577534625e-02 5.464611817864249710e-02 -2.332621730688372863e-01 -2.344089819661820950e-01 -9.027381839866358559e-01 -2.324270345232746671e+00
-1.735192808468554837e+00 6.334475976176531242e-01 7.292445507050254960e+00 -1.876452065481373777e-01 -2.094764092657762422e+00 -8.396689533749820966e-03 2.170018799204629506e-02 7.752989547621771949e-02 -7.553382749766432425e-02 1.209505013819635877e-01 2.621984613275926135e-01 1.991788856527084428e-01 1.538725563777076366e-01 8.422347054226221597e-02 -2.356549338161350038e-01 -3.277278111001269423e-01 2.303458625883601230e-01 -9.098068194608174841e-02 1.495124343570199410e-01 -1.744556140094820906e-01 -4.510305409298112807e-03 6.958761668750934604e-01 -8.506465146121082455e-02 -3.445750530195914041e-01 -3.105491647186491289e-01 9.020966664195326223e-02 -1.215945321008921887e-01 1.394225403799132235e-01 -1.376001535666230291e-01 -2.907544847081858230e-01 1.293941992916550765e-01 4.326604401196431082e-01 -1.916639512011118762e-01 8.504957161695806539e-03 -2.067564762697202962e-01 -2.017966409490009327e-01 -4.912367628741982212e-02 5.551796440524838783e-01 -1.298050037562306080e-01 -7.513590443635496940e-02
-6.053333488398793261e-01 -1.417874135376666844e+00 -1.876452065481373777e-01 7.299682213767803241e+00 1.151282735938587154e-01 -1.248397164167364570e+00 -3.245706279426678886e-01 -1.959684172292873727e-01 -1.850529575438479846e-01 3.569654788816048734e-03 4.525186095661812291e-01 -3.533574865908290508e-01 2.715230989353744143e-02 -2.915696529977257478e-01 9.801249184577998097e-02 1.593946277785228127e-01 -3.345977189252503647e-01 8.330474126097116294e-02 1.364850877051762557e-01 1.093753718619168841e-01 -1.980255977383984373e-02 -1.423584112443860017e-01 -5.162236711702149483e-01 6.055739798045479266e-02 1.982368882673058164e-01 -1.062009138583172446e-01 2.186831525998354508e-01 2.714050476984695703e-01 3.703929962357028205e-01 -2.436588248881527141e-01 2.806074040181507079e-01 3.831162646979075492e-01 4.767319134879512976e-01 9.558862121056495298e-02 3.965466083513414369e-02 -2.518027744929850487e-01 -8.911720703404821253e-02 3.804993978873734417e-02 4.585982452546693011e-01 -2.334109951105025824e-02
-1.320086415974613125e-01 -1.056990914341239263e+00 -2.094764092657762422e+00 1.151282735938587154e-01 8.364370991376215869e+00 5.455321775705588294e-01 -7.790402238725011586e-01 -5.479931954084423795e-01 -2.705688061470232775e-01 1.813077828438950101e-01 2.809755010785043861e-01 -3.898761330663934044e-01 -6.767454264760056626e-01 2.442355022042444479e-01 1.471138252445879646e-01 -4.478996000281704887e-02 -1.781473706714335747e-01 -4.140822633850457096e-02 1.261709116916823192e-02 -2.716423800289711199e-01 7.466606787913621091e-02 -8.973135062794627970e-02 1.521023657660279804e-01 -1.347451193955692406e-01 -4.406969782285348747e-01 -2.433308972463239100e-02 1.011298830813699701e-01 -2.078135753368036062e-02 1.756126140150285064e-01 -1.114340343012720086e-01 -2.234427754328204008e-01 -4.745037015892661358e-01 1.531354758696608087e-01 -7.510158128129129640e-02 -9.871927215249880205e-02 4.547916875733847009e-02 3.468275021043090711e-01 1.369597708723097919e-02 3.541252076005307198e-02 3.523529412003572059e-01
2.137806329820265694e-01 -4.049907047912947727e-02 -8.396689533749820966e-03 -1.248397164167364570e+00 5.455321775705588294e-01 7.960178108527331098e+00 9.003958984191454684e-01 -1.890348282518786949e+00 -6.997539178416291028e-01 -5.305932758486673340e-01 3.613029283380973511e-01 2.352599379156798953e-01 -4.082622441709243821e-01 7.106328429182522111e-02 -2.192678637008170506e-01 -3.209253794629938761e-01 -2.784316048848607950e-01 1.641825951436785558e-01 -3.369595890198836402e-02 -2.665412574714744465e-01 4.533040427539596351e-01 -5.480117081284216485e-02 -3.472532032165073224e-01 -8.799165230243245761e-02 1.239398598894322079e-01 -9.339404127797806821e-02 8.145782325737122020e-02 -2.778554393612946427e-01 -2.662634101115873286e-01 3.779803533401414062e-01 -3.255059488558996739e-01 -2.527139699570342679e-01 4.091043547695735055e-02 4.783160047988027630e-01 3.163729474252514051e-01 -7.544632316311450371e-02 1.430973954811494420e-01 -2.897481236586924580e-01 -1.529466065375118533e-01 2.215885915535275308e-01
4.104832509308197763e-01 3.715163075270283000e-01 2.170018799204629506e-02 -3.245706279426678886e-01 -7.790402238725011586e-01 9.003958984191454684e-01 7.515490860994159306e+00 7.551104713783439726e-01 -2.349453990208026255e+00 -1.256429143733436560e-01 7.208147115680066386e-02 1.159121116797183770e-01 -3.099429702490583693e-01 -1.222135866688536243e-01 -1.488289746368503530e-01 -1.926828248190231574e-01 -1.836178347499122510e-01 -6.088494557138371746e-03 1.808109956577880484e-01 -2.912068712370747270e-01 -3.262272061534606804e-01 1.489240772909090904e-01 2.414511053822322728e-01 8.338974175709799874e-02 -5.735492051242037370e-02 -1.193519871225244833e-01 -1.173294079696711317e-01 -2.915799689002046002e-01 6.783316721300126917e-02 2.078457150998171132e-01 -1.318375002509559191e-01 -4.727658338424723938e-01 2.878011378931951691e-01 -8.923299087816718989e-02 5.004216283956595124e-01 3.555087126497305516e-01 -1.041140188447589182e-01 -3.506074767599424158e-01 -4.352059220761794744e-01 2.581608446948135960e-01
2.291340260780078131e-01 -3.023508125715560491e-01 7.752989547621771949e-02 -1.959684172292873727e-01 -5.479931954084423795e-01 -1.890348282518786949e+00 7.551104713783439726e-01 8.925124220886580417e+00 1.095946290804208134e+00 -1.662520983522970619e+00 -1.112437759782512581e+00 -4.427789353618096294e-03 7.139862009693783707e-01 -6.274416950448194474e-02 1.290238224013126600e-01 9.288921143560115168e-02 6.270082694181270400e-01 -4.878259642015540104e-02 -1.012560038495795116e-02 7.528890312525374218e-02 1.499416458315255274e-01 1.286470543346557582e-01 -2.280152657774062452e-01 -3.811694848141706782e-01 5.647726200213604858e-02 3.572044493038888102e-02 -5.091970912689623985e-01 -2.293613542029077773e-02 -3.649876839774855025e-02 2.510130933947053444e-01 -1.773894890920918177e-01 -3.182685268629131120e-02 -1.412715810361567792e-01 -5.504463488771424440e-02 4.801003886366603940e-02 1.947153150168096092e-02 3.706336626714908794e-02 3.266137433040792737e-01 -2.423146456012495176e-01 8.731106907334706957e-02
-1.371830663185593935e-01 -1.784939033151418941e-01 -7.553382749766432425e-02 -1.850529575438479846e-01 -2.705688061470232775e-01 -6.997539178416291028e-01 -2.349453990208026255e+00 1.095946290804208134e+00 1.001031667366653544e+01 1.180106342413389742e+00 -2.988765350953919597e+00 -1.590616871089405027e-01 8.381760425571117556e-01 2.449154661058690063e-01 2.822726800108822931e-01 -2.131393453092250145e-01 9.307829878365198040e-02 -2.941591495849122870e-02 -1.875138997031533805e-01 -5.696879020789595051e-03 -2.062802137969715066e-01 1.278672498256785972e-01 1.666482256623750755e-02 -1.365607350031785572e-01 3.769984297549719421e-01 2.008563753257830153e-01 1.610543822735032160e-01 -1.906132830966378033e-01 -8.317644413807427639e-02 8.823739175598799278e-02 9.666201634680963162e-01 7.681596245614724650e-01 -8.103473407790378058e-01 -1.436950801582283499e-01 -2.675522812791458205e-01 -4.802986598073842872e-01 3.319349608772417248e-01 4.247113747965808317e-01 -3.675300531169123364e-01 -3.542452529159115793e-01
3.154841101452079966e-01 1.046182787288744420e-01 1.209505013819635877e-01 3.569654788816048734e-03 1.813077828438950101e-01 -5.305932758486673340e-01 -1.256429143733436560e-01 -1.662520983522970619e+00 1.180106342413389742e+00 8.809438393633772790e+00 6.219828980523145479e-02 -2.437334296865442340e+00 -9.939787863385174393e-02 2.482237621500088809e-01 3.028715131155567120e-01 6.973974403899282914e-02 -1.261402055093795715e-01 -4.548340823155123114e-01 1.559557081920526223e-01 3.881971805701281975e-01 -8.405601398126572033e-02 1.760432521602343647e-01 2.874746788856237800e-01 -1.116627962086441245e-01 2.623633363367454119e-01 -6.924119207622163319e-02 -1.724716932318271223e-01 -1.867057311820885523e-01 1.556121620773615599e-01 3.938084031184226341e-01 5.240098551187205578e-01 3.018222651276759594e-01 9.138087247532432345e-02 3.990838999576582641e-02 -1.887280217629423162e-01 2.950788221567766240e-02 5.500185546425283567e-01 -1.584957328214214867e-02 3.275639277992920678e-02 1.932773170288733799e-01
-1.103206152104040383e-01 -5.334081823742672368e-01 2.621984613275926135e-01 4.525186095661812291e-01 2.809755010785043861e-01 3.613029283380973511e-01 7.208147115680066386e-02 -1.112437759782512581e+00 -2.988765350953919597e+00 6.219828980523145479e-02 9.984791129532906595e+00 7.314761242129349528e-01 -1.593942133558036156e+00 -1.213183212302779257e+00 -2.763348011010993144e-01 8.231091123905170948e-01 1.265534531958809328e-01 -2.530767757141610952e-01 1.207715553670487274e-01 4.987255467920779783e-01 3.454919681503467593e-02 -2.313761064537344925e-01 9.037784560803492281e-03 -4.567211442715410352e-01 6.363663330530311413e-02 -5.022662973895963140e-02 -5.326703082406658574e-01 2.879049582900097826e-01 1.099020241448778468e-01 3.349357688453950543e-01 5.584007709416667978e-03 -1.677703039171832555e-01 2.978653700012660055e-01 2.051031906300891383e-01 2.526126966695136922e-01 7.693858717258124369e-02 -7.350228086169176001e-01 2.959862577200190678e-02 1.216756759087453538e-01 -2.627200698336838725e-02
9.036852917617364811e-02 4.864136657935876351e-01 1.991788856527084428e-01 -3.533574865908290508e-01 -3.898761330663934044e-01 2.352599379156798953e-01 1.159121116797183770e-01 -4.427789353618096294e-03 -1.590616871089405027e-01 -2.437334296865442340e+00 7.314761242129349528e-01 8.638612241660254654e+00 6.981103189463313541e-01 -1.756164316401293668e+00 -5.761732804562037513e-01 -2.242213778430180923e-02 4.269756379093895410e-02 3.063958766444476178e-01 -1.824718800746037706e-01 -2.315186857769067352e-01 -4.769482456984742713e-01 -7.772045142077545210e-02 1.884400055648226546e-01 4.743014651519735225e-01 -1.079407478234461482e-01 3.094012694196728308e-01 1.020703106381626174e-01 -3.608386038000189755e-01 -1.120807376778774067e-01 1.665393815297320224e-01 -4.201510613241465353e-01 3.916421483153256222e-01 -3.103530708062861646e-02 2.773892444009701860e-03 -1.609132282190927077e-01 -4.827929874262121834e-01 -2.347122864996135927e-01 4.209136744051482082e-01 -3.957339564953453459e-02 -5.654155292663322063e-01
5.118826708639757916e-02 2.687247902539824929e-01 1.538725563777076366e-01 2.715230989353744143e-02 -6.767454264760056626e-01 -4.082622441709243821e-01 -3.099429702490583693e-01 7.139862009693783707e-01 8.381760425571117556e-01 -9.939787863385174393e-02 -1.593942133558036156e+00 6.981103189463313541e-01 8.952805556434631384e+00 4.749284728768776165e-01 -2.070053154885854063e+00 -2.200509775309614224e-01 6.351911801114885625e-01 4.292363609721467355e-01 9.356985362074765611e-02 -3.291444333967788460e-01 -8.023249582685317016e-02 1.734024173713673012e-01 -3.047690074864831122e-01 -4.339483391148285518e-02 2.251147176101254699e-01 -2.343954874128750809e-01 1.084738429924799255e-02 3.459043011055690786e-01 2.429167309844544598e-01 -9.912792338808992798e-02 -4.271779571982648460e-01 -9.266366268410666795e-02 -2.191007684242165243e-01 1.720847189745233763e-02 1.733990145994062371e-01 1.095389993050868184e-02 -1.359009370698523733e-01 -7.494699427356646404e-02 3.275000734192131113e-01 4.821969734015849607e-01
1.692261953327828250e-01 2.448459998348795352e-01 8.422347054226221597e-02 -2.915696529977257478e-01 2.442355022042444479e-01 7.106328429182522111e-02 -1.222135866688536243e-01 -6.274416950448194474e-02 2.449154661058690063e-01 2.482237621500088809e-01 -1.213183212302779257e+00 -1.756164316401293668e+00 4.749284728768776165e-01 8.451685897674231285e+00 6.245680640939541561e-01 -1.321616934918590669e+00 -1.949142638805687611e-01 9.677334941132428869e-02 6.529525695200022462e-02 1.688266208137574886e-01 -3.132418983356047848e-01 -5.019925132411149488e-02 -5.039869972361485373e-02 5.511958864434849531e-02 -4.696013688554875887e-01 -4.590348749574062470e-01 4.302446636961683724e-01 3.541837498107320292e-01 8.818297691114118653e-02 -2.527730740270052734e-01 -3.339856478904223436e-01 -6.265369378562142266e-01 2.962914864018931782e-01 2.913408535130661559e-01 -5.277228929432489224e-01 -3.658841641394888766e-02 1.088450597510464968e-01 -1.103341788978047175e-02 -1.748002414608197108e-01 -1.702723462170792623e-01
-3.713511891119335995e-01 -2.058700358817185938e-01 -2.356549338161350038e-01 9.801249184577998097e-02 1.471138252445879646e-01 -2.192678637008170506e-01 -1.488289746368503530e-01 1.290238224013126600e-01 2.822726800108822931e-01 3.028715131155567120e-01 -2.763348011010993144e-01 -5.761732804562037513e-01 -2.070053154885854063e+00 6.245680640939541561e-01 8.273971401122690139e+00 1.984103926522483019e-01 -2.068341407654924247e+00 -8.175990699721391586e-01 -2.399776967122980997e-01 5.596475248374536138e-01 9.699355688935992759e-02 -4.809526566905799813e-03 -3.675260604260689040e-02 1.502379549801230174e-01 2.447527029036150603e-01 4.589742323984127292e-01 -1.256730031382328749e-01 -2.851708456855748808e-01 -3.867672572287709776e-01 1.432938770354774127e-01 3.690553218935961333e-01 8.055923936315461109e-01 5.823087136472884784e-02 -9.322460087769152137e-02 -9.072316120083483149e-02 -1.726683323557545724e-01 3.954328691628532511e-01 1.782826161152908095e-01 -8.332981128827440798e-02 -9.576549974420683897e-02
-1.338301384803121108e-01 -1.342501459788831564e-01 -3.277278111001269423e-01 1.593946277785228127e-01 -4.478996000281704887e-02 -3.209253794629938761e-01 -1.926828248190231574e-01 9.288921143560115168e-02 -2.131393453092250145e-01 6.973974403899282914e-02 8.231091123905170948e-01 -2.242213778430180923e-02 -2.200509775309614224e-01 -1.321616934918590669e+00 1.984103926522483019e-01 8.736030758966146337e+00 5.423244613611526432e-01 -1.362205717409620487e+00 1.545946353348479629e-01 7.373754944489870067e-02 9.017775751550666241e-02 4.742749114389674392e-02 3.663539517385739352e-01 4.438264946281959555e-01 -9.898509051979620388e-02 -1.483414431967284286e-01 -5.339669173288968951e-01 -4.551218297228530330e-01 4.537318058989463498e-01 2.390481396711868212e-01 -3.017901579872738771e-01 4.933770928244620158e-01 3.567002503839835637e-01 2.921689617245386630e-02 1.388806472141500548e-01 -2.457360076441599817e-01 9.073595420629947117e-02 8.149552812852721428e-02 2.803117965744533757e-01 4.565602470262489915e-02
-1.857153232318886349e-01 2.607567210294368665e-01 2.303458625883601230e-01 -3.345977189252503647e-01 -1.781473706714335747e-01 -2.784316048848607950e-01 -1.836178347499122510e-01 6.270082694181270400e-01 9.307829878365198040e-02 -1.261402055093795715e-01 1.265534531958809328e-01 4.269756379093895410e-02 6.351911801114885625e-01 -1.949142638805687611e-01 -2.068341407654924247e+00 5.423244613611526432e-01 7.409062258863982287e+00 4.770685380566356826e-01 -7.692855075548344912e-01 -4.843312418138766562e-01 7.922930783500417573e-02 1.748256484521817922e-01 1.425990203466947770e-01 -7.232123485364877480e-02 -2.189634658436445946e-01 -1.190420830255422419e-01 -1.359867694043028485e-01 3.184922320039348942e-01 -3.383829938927705727e-02 6.603304828373521285e-02 -1.286436363149949802e-01 -3.788048735051951499e-01 -2.137054884607944849e-01 1.002203746660678824e-01 -1.780696455333897754e-01 -4.289000489498317331e-02 -2.176586617894595843e-01 6.508197149586163188e-02 1.909564584322286374e-01 2.294794834498917746e-01
3.061881818536465460e-01 -3.957480764100654302e-01 -9.098068194608174841e-02 8.330474126097116294e-02 -4.140822633850457096e-02 1.641825951436785558e-01 -6.088494557138371746e-03 -4.878259642015540104e-02 -2.941591495849122870e-02 -4.548340823155123114e-01 -2.530767757141610952e-01 3.063958766444476178e-01 4.292363609721467355e-01 9.677334941132428869e-02 -8.175990699721391586e-01 -1.362205717409620487e+00 4.770685380566356826e-01 6.897383064172027289e+00 5.503864503222559712e-01 -1.465211661132300058e+00 -5.240456392928892759e-01 -1.927072087358070729e-01 2.805871129018785992e-01 2.829408020318371353e-01 2.960525110791029646e-01 -2.939675793431865691e-01 3.993172426922444312e-02 1.588120685046536251e-01 2.280088241492033430e-01 2.283915209681632308e-01 2.277107192690437654e-01 -4.154299334223440221e-01 2.743983951819436995e-02 6.573659840323656245e-02 1.135634419650346644e-01 -2.171146565507165171e-01 -3.729663482112150485e-01 3.853948406298576129e-02 5.051316626845137048e-01 -1.083117777459469550e-01
4.364791275104507595e-01 -8.035137036985318115e-02 1.495124343570199410e-01 1.364850877051762557e-01 1.261709116916823192e-02 -3.369595890198836402e-02 1.808109956577880484e-01 -1.012560038495795116e-02 -1.875138997031533805e-01 1.559557081920526223e-01 1.207715553670487274e-01 -1.824718800746037706e-01 9.356985362074765611e-02 6.529525695200022462e-02 -2.399776967122980997e-01 1.545946353348479629e-01 -7.692855075548344912e-01 5.503864503222559712e-01 7.223707670076477072e+00 1.832360187563817910e-01 -1.547599780044599749e+00 -3.367331115115307361e-01 -3.281919783972505611e-01 5.026000688058354093e-01 1.103597467443564600e-01 -6.821056168156509891e-02 -2.108443322209584136e-01 -2.270586497621809585e-01 -3.466753422706964072e-01 2.914108406345647384e-01 -1.030847361049206240e-01 -2.746835993955341060e-01 -9.313667473241170336e-02 1.067561819893431685e-01 1.109264207017336967e-01 -2.060146655105444535e-01 -9.764202750710973544e-02 -4.688336200264720532e-01 1.095128768374300510e-01 2.500895473829429783e-01
1.960234153631772447e-01 1.306394270988381900e-01 -1.744556140094820906e-01 1.093753718619168841e-01 -2.716423800289711199e-01 -2.665412574714744465e-01 -2.912068712370747270e-01 7.528890312525374218e-02 -5.696879020789595051e-03 3.881971805701281975e-01 4.987255467920779783e-01 -2.315186857769067352e-01 -3.291444333967788460e-01 1.688266208137574886e-01 5.596475248374536138e-01 7.373754944489870067e-02 -4.843312418138766562e-01 -1.465211661132300058e+00 1.832360187563817910e-01 7.907003424953578552e+00 4.074615829809772327e-01 -1.571462264257658559e+00 -1.094094700595975023e-01 -1.704336673912435762e-01 1.080697510332601780e-01 8.147857882746525893e-02 -4.588930385008217760e-02 1.848398388793645875e-01 -6.369877439370088545e-01 2.288835830561621737e-02 2.559291170367660184e-01 1.101758978658195914e-01 -2.309248792088805513e-01 5.378148285244297583e-02 3.117613319467644195e-01 2.930478030324688565e-01 -3.079614014992905213e-01 -2.754432737876508219e-01 1.236450009482957524e-01 -1.619976434514771094e-02
-2.035504261183938846e-01 -5.152701607857284455e-02 -4.510305409298112807e-03 -1.980255977383984373e-02 7.466606787913621091e-02 4.533040427539596351e-01 -3.262272061534606804e-01 1.499416458315255274e-01 -2.062802137969715066e-01 -8.405601398126572033e-02 3.454919681503467593e-02 -4.769482456984742713e-01 -8.023249582685317016e-02 -3.132418983356047848e-01 9.699355688935992759e-02 9.017775751550666241e-02 7.922930783500417573e-02 -5.240456392928892759e-01 -1.547599780044599749e+00 4.074615829809772327e-01 7.684896947814950252e+00 5.879783284354640482e-01 -1.865592786282777693e+00 -3.878214289034754847e-01 -7.886951502238546963e-02 4.977556697570563460e-02 -1.444384615830003882e-01 2.031719749431816491e-01 7.816446299707535683e-02 1.205891744012530936e-01 -9.874851504057483020e-02 -1.193554399839856922e-01 2.148264671465286713e-01 1.896669215760767579e-01 1.543939970311081489e-01 4.126071832191945399e-01 3.556664051579428998e-01 2.363083233084201651e-01 2.176995340917625421e-01 -1.845083484759581227e-02
-2.280452579344117298e-02 -1.817064029168977690e-01 6.958761668750934604e-01 -1.423584112443860017e-01 -8.973135062794627970e-02 -5.480117081284216485e-02 1.489240772909090904e-01 1.286470543346557582e-01 1.278672498256785972e-01 1.760432521602343647e-01 -2.313761064537344925e-01 -7.772045142077545210e-02 1.734024173713673012e-01 -5.019925132411149488e-02 -4.809526566905799813e-03 4.742749114389674392e-02 1.748256484521817922e-01 -1.927072087358070729e-01 -3.367331115115307361e-01 -1.571462264257658559e+00 5.879783284354640482e-01 7.840151739702168499e+00 6.583075061594704236e-01 -1.214488979855987472e+00 -7.026746931993120837e-01 -4.042669498356160629e-01 -7.563148346876724659e-02 1.757325268964263776e-01 4.577856756222572487e-01 3.622658083078956343e-02 -7.146289089759112756e-02 3.505489017351055558e-01 2.330966699830567482e-03 -3.875591932304467968e-01 5.993516495114480785e-02 4.873354563240256399e-01 3.853108970477834294e-01 -7.307659555062184786e-02 -2.973476546008045340e-01 6.673747557872804215e-02
-3.030021538866178518e-02 2.837649927582185372e-01 -8.506465146121082455e-02 -5.162236711702149483e-01 1.521023657660279804e-01 -3.472532032165073224e-01 2.414511053822322728e-01 -2.280152657774062452e-01 1.666482256623750755e-02 2.874746788856237800e-01 9.037784560803492281e-03 1.884400055648226546e-01 -3.047690074864831122e-01 -5.039869972361485373e-02 -3.675260604260689040e-02 3.663539517385739352e-01 1.425990203466947770e-01 2.805871129018785992e-01 -3.281919783972505611e-01 -1.094094700595975023e-01 -1.865592786282777693e+00 6.583075061594704236e-01 8.221413748273896260e+00 5.253131528381355109e-01 -1.927293141452213643e+00 -3.663644213440572783e-01 -3.341294456462026163e-01 2.136902378161747718e-01 6.349356362109320751e-02 -1.841966641943682537e-01 -2.584309465005297235e-01 5.106726860372116233e-02 8.205934904874535585e-01 4.368178271496343107e-03 2.413052627727287416e-02 -4.063196617812022682e-01 -1.738567871519061114e-01 1.310488493257825071e-01 -1.898185618164396557e-02 -2.278168433085683148e-02
-4.077660301126576764e-02 4.890300091726428322e-01 -3.445750530195914041e-01 6.055739798045479266e-02 -1.347451193955692406e-01 -8.799165230243245761e-02 8.338974175709799874e-02 -3.811694848141706782e-01 -1.365607350031785572e-01 -1.116627962086441245e-01 -4.567211442715410352e-01 4.743014651519735225e-01 -4.339483391148285518e-02 5.511958864434849531e-02 1.502379549801230174e-01 4.438264946281959555e-01 -7.232123485364877480e-02 2.829408020318371353e-01 5.026000688058354093e-01 -1.704336673912435762e-01 -3.878214289034754847e-01 -1.214488979855987472e+00 5.253131528381355109e-01 7.607659158112533682e+00 6.331119838472835104e-01 -1.470099080481342080e+00 -5.260233064429462591e-01 -3.053056316250785662e-01 2.414285430261095544e-01 6.702788877468367212e-02 -4.754669333925544139e-01 -2.257002282043934493e-01 3.129140016142584191e-01 2.480904454214125868e-03 1.767470477961012587e-01 2.429469127208338727e-02 -4.182881373428414679e-02 -2.637585366097595641e-01 4.279083015337872137e-02 2.043646075585492036e-02
2.288985359640944295e-01 -1.133108968095271341e-02 -3.105491647186491289e-01 1.982368882673058164e-01 -4.406969782285348747e-01 1.239398598894322079e-01 -5.735492051242037370e-02 5.647726200213604858e-02 3.769984297549719421e-01 2.623633363367454119e-01 6.363663330530311413e-02 -1.079407478234461482e-01 2.251147176101254699e-01 -4.696013688554875887e-01 2.447527029036150603e-01 -9.898509051979620388e-02 -2.189634658436445946e-01 2.960525110791029646e-01 1.103597467443564600e-01 1.080697510332601780e-01 -7.886951502238546963e-02 -7.026746931993120837e-01 -1.927293141452213643e+00 6.331119838472835104e-01 8.933389155732561093e+00 6.311700263237666197e-01 -1.452920077490794659e+00 -4.858768885943662297e-01 -1.647325543651715629e-01 2.228050721783193799e-01 1.070856971199559970e-01 1.354125648036711045e-02 -5.105167427577526895e-02 8.356162293313910139e-01 1.169358757404487803e-01 -4.302980857408848503e-01 -6.271977544114296782e-03 1.598186016489885203e-02 8.777743392722937854e-02 3.355420763309467369e-01
-9.829789003147847148e-02 1.132673110977016617e-01 9.020966664195326223e-02 -1.062009138583172446e-01 -2.433308972463239100e-02 -9.339404127797806821e-02 -1.193519871225244833e-01 3.572044493038888102e-02 2.008563753257830153e-01 -6.924119207622163319e-02 -5.022662973895963140e-02 3.094012694196728308e-01 -2.343954874128750809e-01 -4.590348749574062470e-01 4.589742323984127292e-01 -1.483414431967284286e-01 -1.190420830255422419e-01 -2.939675793431865691e-01 -6.821056168156509891e-02 8.147857882746525893e-02 4.977556697570563460e-02 -4.042669498356160629e-01 -3.663644213440572783e-01 -1.470099080481342080e+00 6.311700263237666197e-01 7.939837923648161322e+00 1.118225999630104717e+00 -1.692971841461490490e+00 -3.138169792704711969e-01 1.864010870209606777e-02 1.388134383718492848e-01 2.305508018543561410e-01 -2.675117572980801883e-01 7.280906646470787225e-01 -3.358223360969422311e-01 1.490376076794554527e-01 2.505388742868258287e-02 -1.717522604590836222e-01 4.296675676804111998e-01 -1.515907535511313575e-01
7.109879083197020999e-02 -2.801294437483745070e-01 -1.215945321008921887e-01 2.186831525998354508e-01 1.011298830813699701e-01 8.145782325737122020e-02 -1.173294079696711317e-01 -5.091970912689623985e-01 1.610543822735032160e-01 -1.724716932318271223e-01 -5.326703082406658574e-01 1.020703106381626174e-01 1.084738429924799255e-02 4.302446636961683724e-01 -1.256730031382328749e-01 -5.339669173288968951e-01 -1.359867694043028485e-01 3.993172426922444312e-02 -2.108443322209584136e-01 -4.588930385008217760e-02 -1.444384615830003882e-01 -7.563148346876724659e-02 -3.341294456462026163e-01 -5.260233064429462591e-01 -1.452920077490794659e+00 1.118225999630104717e+00 8.628451061841186487e+00 4.638771218550508668e-01 -1.815625912334115410e+00 -4.576111058676581300e-01 1.202003466799909381e-01 8.418891413475654284e-02 -5.448514915549155235e-01 4.656937474321918430e-02 -2.152182281686411403e-01 1.026718362744910990e-01 2.755358364614163280e-01 -2.693537945858212601e-02 7.481769260484668650e-03 1.549734517622235186e-01
-3.452503506044254378e-01 -2.074164288294699232e-01 1.394225403799132235e-01 2.714050476984695703e-01 -2.078135753368036062e-02 -2.778554393612946427e-01 -2.915799689002046002e-01 -2.293613542029077773e-02 -1.906132830966378033e-01 -1.867057311820885523e-01 2.879049582900097826e-01 -3.608386038000189755e-01 3.459043011055690786e-01 3.541837498107320292e-01 -2.851708456855748808e-01 -4.551218297228530330e-01 3.184922320039348942e-01 1.588120685046536251e-01 -2.270586497621809585e-01 1.848398388793645875e-01 2.031719749431816491e-01 1.757325268964263776e-01 2.136902378161747718e-01 -3.053056316250785662e-01 -4.858768885943662297e-01 -1.692971841461490490e+00 4.638771218550508668e-01 8.885827292856296467e+00 7.092854993134978248e-01 -1.857189126254278788e+00 -7.538469059765904312e-01 -1.630255590438619839e-01 9.472338725607548637e-01 -3.743094511351789944e-01 -2.166141628318492829e-01 -8.384345266648859929e-02 3.081031581143303666e-01 4.696340107188157753e-01 2.168046495071198829e-02 7.598674071932488838e-02
-2.749203472101716811e-02 -4.089813821747175782e-01 -1.376001535666230291e-01 3.703929962357028205e-01 1.756126140150285064e-01 -2.662634101115873286e-01 6.783316721300126917e-02 -3.649876839774855025e-02 -8.317644413807427639e-02 1.556121620773615599e-01 1.099020241448778468e-01 -1.120807376778774067e-01 2.429167309844544598e-01 8.818297691114118653e-02 -3.867672572287709776e-01 4.537318058989463498e-01 -3.383829938927705727e-02 2.280088241492033430e-01 -3.466753422706964072e-01 -6.369877439370088545e-01 7.816446299707535683e-02 4.577856756222572487e-01 6.349356362109320751e-02 2.414285430261095544e-01 -1.647325543651715629e-01 -3.138169792704711969e-01 -1.815625912334115410e+00 7.092854993134978248e-01 8.755056914676073276e+00 7.431074044371079879e-01 -1.879284999709830872e+00 -5.941941249125270996e-01 1.666048756628541183e-01 1.479170964704867586e-01 -2.089654079852447388e-02 -3.461667772512907245e-03 1.739940222533923331e-01 -2.325218212649946825e-01 9.332703012835447121e-02 1.909114307778571884e-01
4.767594915487469720e-01 1.390203260761958479e-02 -2.907544847081858230e-01 -2.436588248881527141e-01 -1.114340343012720086e-01 3.779803533401414062e-01 2.078457150998171132e-01 2.510130933947053444e-01 8.823739175598799278e-02 3.938084031184226341e-01 3.349357688453950543e-01 1.665393815297320224e-01 -9.912792338808992798e-02 -2.527730740270052734e-01 1.432938770354774127e-01 2.390481396711868212e-01 6.603304828373521285e-02 2.283915209681632308e-01 2.914108406345647384e-01 2.288835830561621737e-02 1.205891744012530936e-01 3.622658083078956343e-02 -1.841966641943682537e-01 6.702788877468367212e-02 2.228050721783193799e-01 1.864010870209606777e-02 -4.576111058676581300e-01 -1.857189126254278788e+00 7.431074044371079879e-01 8.575651465859337463e+00 1.339593935291415461e+00 -1.432016835303388858e+00 -1.361519164358604650e+00 2.542734427679611553e-01 8.511611645795854608e-01 1.215988976354278328e-01 -5.703202493868535505e-01 -3.327903676237332076e-01 5.757680598254111964e-02 1.533075799042712684e-01
-3.343016022342367721e-01 -1.739802749485222788e-01 1.293941992916550765e-01 2.806074040181507079e-01 -2.234427754328204008e-01 -3.255059488558996739e-01 -1.318375002509559191e-01 -1.773894890920918177e-01 9.666201634680963162e-01 5.240098551187205578e-01 5.584007709416667978e-03 -4.201510613241465353e-01 -4.271779571982648460e-01 -3.339856478904223436e-01 3.690553218935961333e-01 -3.017901579872738771e-01 -1.286436363149949802e-01 2.277107192690437654e-01 -1.030847361049206240e-01 2.559291170367660184e-01 -9.874851504057483020e-02 -7.146289089759112756e-02 -2.584309465005297235e-01 -4.754669333925544139e-01 1.070856971199559970e-01 1.388134383718492848e-01 1.202003466799909381e-01 -7.538469059765904312e-01 -1.879284999709830872e+00 1.339593935291415461e+00 8.886922532505169059e+00 9.302082533530768860e-01 -1.893344674680043305e+00 -1.702114763570465594e-01 7.548881526098598360e-02 -4.992328888681549226e-02 -4.226687649169420524e-01 -1.914586959096282182e-01 1.148128148302836882e-01 -6.016521675145553028e-01
-2.512989633685279167e-01 -1.293004216088812774e-01 4.326604401196431082e-01 3.831162646979075492e-01 -4.745037015892661358e-01 -2.527139699570342679e-01 -4.727658338424723938e-01 -3.182685268629131120e-02 7.681596245614724650e-01 3.018222651276759594e-01 -1.677703039171832555e-01 3.916421483153256222e-01 -9.266366268410666795e-02 -6.265369378562142266e-01 8.055923936315461109e-01 4.933770928244620158e-01 -3.788048735051951499e-01 -4.154299334223440221e-01 -2.746835993955341060e-01 1.101758978658195914e-01 -1.193554399839856922e-01 3.505489017351055558e-01 5.106726860372116233e-02 -2.257002282043934493e-01 1.354125648036711045e-02 2.305508018543561410e-01 8.418891413475654284e-02 -1.630255590438619839e-01 -5.941941249125270996e-01 -1.432016835303388858e+00 9.302082533530768860e-01 9.465366408748112192e+00 4.711899811029212626e-01 -1.821137023033666980e+00 -6.831683006133755232e-01 -2.828399566250061614e-01 6.005355502639559973e-01 1.493005408175554494e-01 4.509738735462316406e-01 2.880813420994280394e-01
-4.793968334561198308e-01 3.048111769668117033e-01 -1.916639512011118762e-01 4.767319134879512976e-01 1.531354758696608087e-01 4.091043547695735055e-02 2.878011378931951691e-01 -1.412715810361567792e-01 -8.103473407790378058e-01 9.138087247532432345e-02 2.978653700012660055e-01 -3.103530708062861646e-02 -2.191007684242165243e-01 2.962914864018931782e-01 5.823087136472884784e-02 3.567002503839835637e-01 -2.137054884607944849e-01 2.743983951819436995e-02 -9.313667473241170336e-02 -2.309248792088805513e-01 2.148264671465286713e-01 2.330966699830567482e-03 8.205934904874535585e-01 3.129140016142584191e-01 -5.105167427577526895e-02 -2.675117572980801883e-01 -5.448514915549155235e-01 9.472338725607548637e-01 1.666048756628541183e-01 -1.361519164358604650e+00 -1.893344674680043305e+00 4.711899811029212626e-01 9.713757323139049049e+00 9.280867381347169820e-01 -1.779922419696260416e+00 -9.645983145036258755e-01 1.092614801016571213e-01 2.801204966022492471e-01 4.119577984568769113e-01 -9.806472593851052466e-02
-2.819733176069011416e-01 -1.966069961810038014e-01 8.504957161695806539e-03 9.558862121056495298e-02 -7.510158128129129640e-02 4.783160047988027630e-01 -8.923299087816718989e-02 -5.504463488771424440e-02 -1.436950801582283499e-01 3.990838999576582641e-02 2.051031906300891383e-01 2.773892444009701860e-03 1.720847189745233763e-02 2.913408535130661559e-01 -9.322460087769152137e-02 2.921689617245386630e-02 1.002203746660678824e-01 6.573659840323656245e-02 1.067561819893431685e-01 5.378148285244297583e-02 1.896669215760767579e-01 -3.875591932304467968e-01 4.368178271496343107e-03 2.480904454214125868e-03 8.356162293313910139e-01 7.280906646470787225e-01 4.656937474321918430e-02 -3.743094511351789944e-01 1.479170964704867586e-01 2.542734427679611553e-01 -1.702114763570465594e-01 -1.821137023033666980e+00 9.280867381347169820e-01 8.828266400160684313e+00 4.546239076514844712e-01 -2.211977645387638081e+00 -1.277020086064116766e-01 -3.150885733265763045e-01 2.507128458548180672e-01 4.277132657047498232e-01
8.925982148429628671e-02 6.013982634577534625e-02 -2.067564762697202962e-01 3.965466083513414369e-02 -9.871927215249880205e-02 3.163729474252514051e-01 5.004216283956595124e-01 4.801003886366603940e-02 -2.675522812791458205e-01 -1.887280217629423162e-01 2.526126966695136922e-01 -1.609132282190927077e-01 1.733990145994062371e-01 -5.277228929432489224e-01 -9.072316120083483149e-02 1.388806472141500548e-01 -1.780696455333897754e-01 1.135634419650346644e-01 1.109264207017336967e-01 3.117613319467644195e-01 1.543939970311081489e-01 5.993516495114480785e-02 2.413052627727287416e-02 1.767470477961012587e-01 1.169358757404487803e-01 -3.358223360969422311e-01 -2.152182281686411403e-01 -2.166141628318492829e-01 -2.089654079852447388e-02 8.511611645795854608e-01 7.548881526098598360e-02 -6.831683006133755232e-01 -1.779922419696260416e+00 4.546239076514844712e-01 9.136420699215342722e+00 1.051216894529255930e+00 -1.370215326554419910e+00 -6.852433035500113956e-01 -8.598661580794304538e-01 4.164085250310736175e-01
5.619695392984523918e-01 5.464611817864249710e-02 -2.017966409490009327e-01 -2.518027744929850487e-01 4.547916875733847009e-02 -7.544632316311450371e-02 3.555087126497305516e-01 1.947153150168096092e-02 -4.802986598073842872e-01 2.950788221567766240e-02 7.693858717258124369e-02 -4.827929874262121834e-01 1.095389993050868184e-02 -3.658841641394888766e-02 -1.726683323557545724e-01 -2.457360076441599817e-01 -4.289000489498317331e-02 -2.171146565507165171e-01 -2.060146655105444535e-01 2.930478030324688565e-01 4.126071832191945399e-01 4.873354563240256399e-01 -4.063196617812022682e-01 2.429469127208338727e-02 -4.302980857408848503e-01 1.490376076794554527e-01 1.026718362744910990e-01 -8.384345266648859929e-02 -3.461667772512907245e-03 1.215988976354278328e-01 -4.992328888681549226e-02 -2.828399566250061614e-01 -9.645983145036258755e-01 -2.211977645387638081e+00 1.051216894529255930e+00 9.386568256659460374e+00 5.701886138827355621e-01 -1.421798003223090801e+00 -3.895730225834722615e-01 -2.141121111791340903e-01
-3.559638057298334518e-02 -2.332621730688372863e-01 -4.912367628741982212e-02 -8.911720703404821253e-02 3.468275021043090711e-01 1.430973954811494420e-01 -1.041140188447589182e-01 3.706336626714908794e-02 3.319349608772417248e-01 5.500185546425283567e-01 -7.350228086169176001e-01 -2.347122864996135927e-01 -1.359009370698523733e-01 1.088450597510464968e-01 3.954328691628532511e-01 9.073595420629947117e-02 -2.176586617894595843e-01 -3.729663482112150485e-01 -9.764202750710973544e-02 -3.079614014992905213e-01 3.556664051579428998e-01 3.853108970477834294e-01 -1.738567871519061114e-01 -4.182881373428414679e-02 -6.271977544114296782e-03 2.505388742868258287e-02 2.755358364614163280e-01 3.081031581143303666e-01 1.739940222533923331e-01 -5.703202493868535505e-01 -4.226687649169420524e-01 6.005355502639559973e-01 1.092614801016571213e-01 -1.277020086064116766e-01 -1.370215326554419910e+00 5.701886138827355621e-01 7.831313699151198016e+00 9.739265344594656426e-01 -2.057149037538556602e+00 3.163570476528818620e-01
-1.033739001918750483e-01 -2.344089819661820950e-01 5.551796440524838783e-01 3.804993978873734417e-02 1.369597708723097919e-02 -2.897481236586924580e-01 -3.506074767599424158e-01 3.266137433040792737e-01 4.247113747965808317e-01 -1.584957328214214867e-02 2.959862577200190678e-02 4.209136744051482082e-01 -7.494699427356646404e-02 -1.103341788978047175e-02 1.782826161152908095e-01 8.149552812852721428e-02 6.508197149586163188e-02 3.853948406298576129e-02 -4.688336200264720532e-01 -2.754432737876508219e-01 2.363083233084201651e-01 -7.307659555062184786e-02 1.310488493257825071e-01 -2.637585366097595641e-01 1.598186016489885203e-02 -1.717522604590836222e-01 -2.693537945858212601e-02 4.696340107188157753e-01 -2.325218212649946825e-01 -3.327903676237332076e-01 -1.914586959096282182e-01 1.493005408175554494e-01 2.801204966022492471e-01 -3.150885733265763045e-01 -6.852433035500113956e-01 -1.421798003223090801e+00 9.739265344594656426e-01 7.900045050428789573e+00 -2.827076135644737143e-01 -1.635334042529166698e+00
-1.351388344862882729e+00 -9.027381839866358559e-01 -1.298050037562306080e-01 4.585982452546693011e-01 3.541252076005307198e-02 -1.529466065375118533e-01 -4.352059220761794744e-01 -2.423146456012495176e-01 -3.675300531169123364e-01 3.275639277992920678e-02 1.216756759087453538e-01 -3.957339564953453459e-02 3.275000734192131113e-01 -1.748002414608197108e-01 -8.332981128827440798e-02 2.803117965744533757e-01 1.909564584322286374e-01 5.051316626845137048e-01 1.095128768374300510e-01 1.236450009482957524e-01 2.176995340917625421e-01 -2.973476546008045340e-01 -1.898185618164396557e-02 4.279083015337872137e-02 8.777743392722937854e-02 4.296675676804111998e-01 7.481769260484668650e-03 2.168046495071198829e-02 9.332703012835447121e-02 5.757680598254111964e-02 1.148128148302836882e-01 4.509738735462316406e-01 4.119577984568769113e-01 2.507128458548180672e-01 -8.598661580794304538e-01 -3.895730225834722615e-01 -2.057149037538556602e+00 -2.827076135644737143e-01 8.979292749937973994e+00 5.196937104082164360e-01
