8.251093515007900336e+00 9.624635808522913338e-01 -1.751726266641462804e+00 -6.636898274246652019e-01 -6.148701860513296202e-02 4.923317441709563203e-01 1.938383905190744216e-01 5.294689062530790608e-02 -9.452457024425471588e-02 5.391282894562860611e-02 -2.425048709640341693e-01 2.132848659517408707e-01 -2.457944436946336506e-02 2.423207898496974877e-01 3.913726899302750334e-02 7.097938058078859247e-02 -1.658828514033672263e-01 -9.254845631511127158e-02 6.153671125809671016e-01 2.791936480552884015e-01 1.288753372167252276e-01 -4.427432963430234514e-01 -3.172102155490466591e-01 -1.015128638450123327e-01 5.999310573334454971e-02 2.805464092597595438e-01 -3.150509314247635362e-01 -9.099276900771754995e-02 2.160249688020658698e-01 3.559395066755691728e-01 -1.585722323796922295e-01 -1.024510140424551990e-01 -4.633412529995571960e-01 -1.189140833287573862e-01 2.703217934025926028e-01 -3.143937315418335876e-01 3.715976163602452420e-02 -1.910385002497499152e-01 -1.084524626018350091e+00 2.192606071190898731e-02
9.624635808522913338e-01 8.171524058943779423e+00 9.978032857537096900e-01 -1.634759521782434000e+00 -1.141946425606820803e+00 2.300706222294530701e-01 3.387467103108187660e-01 -1.313267957253241580e-01 -4.594711080886332843e-01 -3.144026063860643760e-01 -5.502614308506844493e-02 5.714235640926608184e-01 4.064753109172216661e-01 2.691893118655007133e-01 -2.339295659951518835e-01 -1.778942627740439930e-01 4.173525848707341362e-02 -3.828258831124540379e-02 3.902692835406360583e-01 4.485563720915021202e-01 5.611669483859121899e-01 -5.404378757289205470e-01 -2.040622174867451344e-01 7.678583594308403815e-02 -1.008585032239471685e-01 5.721368216625573044e-01 1.542388504198186072e-01 -1.749031408936981002e-01 -1.616076351938337541e-01 2.720639926078342180e-02 -4.887152976125347381e-02 1.765768797037559901e-01 1.562917916019918307e-01 -3.239886164863212681e-01 3.010235630112441732e-02 4.323092139223379954e-02 1.476496868819119623e-01 -1.424625846564849807e-01 -1.088443607445457095e+00 -1.973819094371867422e+00
-1.751726266641462804e+00 9.978032857537096900e-01 7.896253511722036933e+00 3.569072421176415211e-01 -2.283210584671051979e+00 -2.002879771185195890e-01 2.684106558599541267e-02 7.582677716707239557e-02 -2.015781258241166052e-01 -1.787537612754238614e-01 -1.186416680512129562e-01 1.321381165621559606e-01 -2.716322330524152673e-02 7.278707071351407654e-02 -2.686518112804190533e-02 -1.560891071088572057e-01 1.196240109534803808e-01 -1.293520577940092120e-01 -5.434800892145870144e-01 -2.791468704463723749e-01 8.345789461426054989e-02 5.561916240790112376e-01 2.520859307208891953e-01 2.398351566653668110e-01 -1.672742286135542600e-01 3.641479534174695831e-01 8.989429582402232166e-02 -3.774856925688447884e-01 -2.485955512137680568e-01 -3.908265540602967603e-01 6.253297681207319325e-01 3.498756715800322992e-01 1.234930040027535647e-01 4.443633342027961675e-01 9.232208934338148598e-02 4.428599736116628494e-02 -2.471212761433007055e-01 -1.816591375056365171e-02 -7.337645630717197498e-02 -5.279719126116328987e-01
-6.636898274246652019e-01 -1.634759521782434000e+00 3.569072421176415211e-01 7.949690541772222119e+00 -9.159861432043496510e-02 -1.038907466827969417e+00 -2.129730052162492060e-01 -4.553609781995759942e-01 7.909853541158630430e-02 -1.737845804097780389e-01 -9.124349474816330352e-02 4.720712369001845432e-01 -2.601633264123045380e-02 -4.753455030034872686e-01 -4.402495448505034936e-01 6.462588652218532737e-01 8.888269051662875397e-02 -2.271751541896460669e-02 -5.146158361439781004e-01 -1.046582897686032521e-01 -2.842274654960486591e-01 5.828487930145989093e-01 1.825336374155848637e-02 -3.124094031848569791e-02 -7.222200893090678642e-02 -2.490260106010618590e-01 -2.501538516809997392e-01 -4.415624152486950504e-01 -5.319827229164696414e-01 -1.314715266189490916e-01 3.890969681442463801e-01 4.422979828360509291e-01 -2.275033596744890363e-01 1.953664816670553361e-01 -2.545007569093548638e-01 -1.491182002669198536e-01 1.761858070169563251e-01 2.069127566722989142e-01 7.171269303847831456e-01 -1.344908453598167297e-01
-6.148701860513296202e-02 -1.141946425606820803e+00 -2.283210584671051979e+00 -9.159861432043496510e-02 8.188229674254499102e+00 6.551577819113856282e-01 -8.476300389959616766e-01 -4.570253206196706053e-01 -5.045339586909697305e-01 4.241372089973581283e-01 -1.536639107553620584e-02 -4.167416116633220757e-01 5.945985503700406127e-01 4.995433796350942091e-01 2.536189442063706001e-01 4.009301652386650615e-03 -4.584581403221520135e-02 -2.612429152547248168e-01 2.491563792121945509e-01 -3.426800649619111683e-01 -3.864265888361941848e-01 -1.269541241330209569e-01 3.882317927891919540e-01 -2.380745642590919586e-01 -4.943833905488009273e-01 -1.104360335141548466e-01 4.458891509705620315e-01 -6.309654506108166271e-03 3.503062188370399954e-01 1.401101911377801990e-01 -3.602518550572763600e-01 -3.758544130156480367e-01 -3.653621297917674510e-02 -3.286311017616447283e-01 1.821215798976282430e-03 1.932684791217615661e-01 1.974302074695776232e-01 1.997692611062908408e-01 7.112484509674714406e-02 3.943385587476630483e-01
4.923317441709563203e-01 2.300706222294530701e-01 -2.002879771185195890e-01 -1.038907466827969417e+00 6.551577819113856282e-01 7.952985339024260192e+00 1.311483505556071405e+00 -1.878043713426950312e+00 -1.177567408434954999e+00 -4.072786483244967282e-01 2.085152773026789086e-01 -2.820540478520358607e-01 -9.702209759552950230e-02 3.167602011437407050e-01 1.019281543004459667e-01 -1.211656336714320575e-01 1.310277111903997427e-01 -1.350152059961463522e-02 -1.733263400240923069e-01 9.886203989401259884e-02 1.066179645476387078e-01 -8.311230588488441318e-02 1.311766937219431550e-01 2.597480143407604469e-01 -2.082615635516028019e-01 -2.369577418346765219e-01 -7.954314925317967910e-02 -5.508719273511605147e-02 -1.524584057358796818e-01 -4.130286500019074714e-01 -1.660328024120479862e-01 -6.403961574276452184e-01 -4.109623510978174799e-01 3.707173457220984125e-01 5.994423950667115975e-01 -1.139086544604776818e-01 2.491857531653523250e-01 -1.773388036750790098e-01 -8.121620683262102958e-01 7.320413803400285246e-01
1.938383905190744216e-01 3.387467103108187660e-01 2.684106558599541267e-02 -2.129730052162492060e-01 -8.476300389959616766e-01 1.311483505556071405e+00 7.577666447364719282e+00 5.034569118548548605e-01 -2.339012042676756664e+00 -2.876149073889977537e-01 7.532807870054343546e-02 2.221162855465691754e-01 -2.417677723913280452e-01 3.549877432453003023e-01 -1.975937001482987732e-01 -1.348020914877678111e-01 1.064314833563798218e-01 -2.655224538349187577e-02 -3.454811664175670982e-01 -3.380933969931240041e-02 -3.571224720136667585e-01 2.076266116040443588e-01 5.708848618209366732e-01 -1.028244982827100085e-01 1.295497623945904286e-01 -7.269875070656671434e-02 -2.214419070089731698e-02 -2.892823978213117653e-01 1.444619043631402422e-01 -3.232640166980356722e-01 1.162061934953592390e-01 5.160605771663676761e-02 -5.796434368747005461e-01 -2.946857139878928944e-01 2.974135690752611194e-01 2.853213584567384498e-01 1.723226332091839716e-02 -4.008612410577037932e-02 -1.873694736489147639e-01 1.063525559428839251e-02
5.294689062530790608e-02 -1.313267957253241580e-01 7.582677716707239557e-02 -4.553609781995759942e-01 -4.570253206196706053e-01 -1.878043713426950312e+00 5.034569118548548605e-01 9.938404800955524365e+00 8.624917303578747418e-01 -1.994194607194025304e+00 -8.737868930695765757e-01 -2.561897594786795018e-01 5.553230621671952916e-01 4.142464633014429631e-02 -2.810964390020727621e-01 -4.088320652295864277e-01 8.293651930042923726e-02 2.603902229385854014e-02 -1.715369317244713754e-01 -3.406798420045121234e-01 6.947472397985390291e-01 7.305299001301301942e-02 -4.625138490176391309e-02 -2.786249442917398400e-01 -1.222453467697699574e-02 2.893213530404474265e-01 -1.674596501904346557e-01 3.421824688217465771e-01 3.330548231321877051e-01 -2.005709806017152430e-01 -4.361591586863227676e-01 4.122720941357500002e-01 5.476371175609543451e-01 -5.438142646303896210e-01 -6.731524637523508270e-01 2.495617204892230656e-01 -9.424295571794140403e-02 6.618380000776470373e-01 3.232485767127375453e-01 -2.077089364677148497e-01
-9.452457024425471588e-02 -4.594711080886332843e-01 -2.015781258241166052e-01 7.909853541158630430e-02 -5.045339586909697305e-01 -1.177567408434954999e+00 -2.339012042676756664e+00 8.624917303578747418e-01 9.603259051119035661e+00 9.130302774109344544e-01 -2.129962195773710931e+00 -8.374070960557637999e-01 -1.303915765338980737e-01 4.893017497599096988e-01 2.619062261986700446e-01 -1.271320083413743918e-01 1.995937736501599696e-02 2.521673581621706739e-01 2.057285491647186659e-01 -3.447958534584529833e-01 -4.723114781524834216e-01 -3.146667859779012644e-01 2.321981161207004318e-01 4.057073798259521746e-01 -5.422754079346663314e-01 -1.192510464007107557e-01 -3.748582390096270867e-02 1.297538004936551748e-01 8.620856157867616554e-02 4.849178026869621627e-02 -2.101547982645701473e-01 5.368494691083432885e-02 1.723370366604636550e-01 2.942531139500822457e-01 1.772861099141566366e-01 -3.322768619874992835e-01 1.789205544340915777e-01 -3.089107223415263337e-01 -1.232378297622848951e-01 -4.530061476047843039e-01
5.391282894562860611e-02 -3.144026063860643760e-01 -1.787537612754238614e-01 -1.737845804097780389e-01 4.241372089973581283e-01 -4.072786483244967282e-01 -2.876149073889977537e-01 -1.994194607194025304e+00 9.130302774109344544e-01 9.061675168450014084e+00 4.163195399251038431e-01 -1.867456178693657654e+00 -3.285422280953237406e-01 -1.926583914058210278e-01 5.736731982346351399e-01 1.180545160666039567e-01 -2.664601072539050652e-01 -9.487120430812324978e-02 1.592323042907873576e-01 1.875909733517638622e-01 -2.061815003313250405e-01 6.407633928677212154e-01 -1.706343323776562115e-01 4.302791255515298757e-02 3.176858970550994199e-01 -6.099032582309529271e-01 2.847476401797396917e-02 -2.430959091384212942e-02 4.769365378141070949e-02 6.984623448639372123e-01 1.693415315740480487e-01 2.766125430933863080e-02 -5.055006721410885140e-01 3.890834995266007068e-01 2.120512419460631737e-01 3.311361806726685619e-02 -1.804691215011138550e-01 -2.867610848636789611e-01 -2.987386898295798718e-02 2.722875070429480182e-01
-2.425048709640341693e-01 -5.502614308506844493e-02 -1.186416680512129562e-01 -9.124349474816330352e-02 -1.536639107553620584e-02 2.085152773026789086e-01 7.532807870054343546e-02 -8.737868930695765757e-01 -2.129962195773710931e+00 4.163195399251038431e-01 9.510128668848013334e+00 6.269802599395776221e-01 -1.842793854547126964e+00 -1.034809717842982479e+00 -5.473442643659636175e-01 6.625327738678153944e-01 3.410368337640967140e-01 -2.968966401703408420e-01 -1.726116754848012469e-01 3.147917042319001157e-01 2.908215591179738602e-01 4.284348618562502375e-01 -5.676936964606228431e-01 -1.361310130550481001e-01 2.788083058643678891e-01 1.218846950374025684e-01 1.296292212700419777e-01 -2.068460305940647559e-01 -4.927501007035011149e-01 5.712029917015174485e-01 3.443823865154628239e-01 5.425725735005340056e-01 2.575227914260674184e-02 -3.013965204024177114e-02 -1.078545258087996311e-02 -5.515044785907084746e-02 -1.726255274357680336e-01 2.903468986368423765e-01 -3.159872276007996139e-01 6.771730734623451209e-01
2.132848659517408707e-01 5.714235640926608184e-01 1.321381165621559606e-01 4.720712369001845432e-01 -4.167416116633220757e-01 -2.820540478520358607e-01 2.221162855465691754e-01 -2.561897594786795018e-01 -8.374070960557637999e-01 -1.867456178693657654e+00 6.269802599395776221e-01 9.714340872724264386e+00 1.250643590680711625e+00 -1.151195804923011989e+00 -7.033815307898039215e-01 -2.592407590692560881e-01 4.712754110828203391e-01 4.431881728551153032e-01 4.940098540910200370e-02 8.700300696414987531e-03 -3.696681892381577517e-01 2.902853333384333157e-01 6.123285763122094938e-01 3.041123493274410228e-01 -2.382516210463825057e-01 -3.869878295348341823e-01 -2.625047638716757059e-01 7.930064892407688582e-02 -1.630500376475619850e-01 1.380375375426834972e-01 -1.213772399959067994e-01 5.320273548956717669e-01 5.969535936727927705e-01 -8.746676056345432937e-02 -5.178259340808607503e-01 -3.875613097041846755e-01 -2.614936854903401886e-02 4.218637758916662928e-02 -1.205330500170578301e-01 -3.022451771220705519e-01
-2.457944436946336506e-02 4.064753109172216661e-01 -2.716322330524152673e-02 -2.601633264123045380e-02 5.945985503700406127e-01 -9.702209759552950230e-02 -2.417677723913280452e-01 5.553230621671952916e-01 -1.303915765338980737e-01 -3.285422280953237406e-01 -1.842793854547126964e+00 1.250643590680711625e+00 9.329352834478410017e+00 3.907337762050200336e-01 -1.986723807565456745e+00 -5.443395822694140351e-01 1.150918445847629590e-01 4.294527412514877462e-01 2.381002924520975172e-01 -3.838966589555060649e-01 -5.293038625796263330e-02 -4.514322342739770025e-03 4.771474314665813954e-01 -1.095124480904434601e-02 5.507608851596655641e-02 -7.841861673881159733e-01 -5.270096523758575069e-01 6.546363138772623991e-01 2.206033602150504758e-01 -4.308151222166591854e-01 -4.515190876158715061e-01 -3.839214664122367893e-01 6.121079947011384137e-01 2.645502219075483996e-01 -1.530317587811665658e-01 -6.535325012119798382e-02 -2.991469911095117618e-01 8.833138475242344537e-03 8.345384016102314062e-02 1.527672218918796898e-01
2.423207898496974877e-01 2.691893118655007133e-01 7.278707071351407654e-02 -4.753455030034872686e-01 4.995433796350942091e-01 3.167602011437407050e-01 3.549877432453003023e-01 4.142464633014429631e-02 4.893017497599096988e-01 -1.926583914058210278e-01 -1.034809717842982479e+00 -1.151195804923011989e+00 3.907337762050200336e-01 9.001259035624666893e+00 3.105306027996066476e-01 -1.333700998581871744e+00 -1.935276801913126399e-01 -4.325695209163720190e-01 4.100663982362410809e-01 -1.287145009369184412e-01 -2.382835641097313384e-01 1.937838399724774174e-01 5.715319572787797009e-01 1.562023864044433108e-01 -5.754435102647996736e-01 -2.735307428340204017e-01 -1.584923630153359242e-02 1.579508608095362143e-01 1.702786342343598769e-01 1.456930939360111532e-01 -4.776907511094337089e-01 -6.043250554710484224e-01 5.792938411151311168e-02 -1.864508599093708530e-01 7.459138989132549913e-01 1.240690971963620826e-01 -1.968433713912744881e-02 1.404098823176725963e-01 -2.214686880241428790e-01 7.784371101175727170e-02
3.913726899302750334e-02 -2.339295659951518835e-01 -2.686518112804190533e-02 -4.402495448505034936e-01 2.536189442063706001e-01 1.019281543004459667e-01 -1.975937001482987732e-01 -2.810964390020727621e-01 2.619062261986700446e-01 5.736731982346351399e-01 -5.473442643659636175e-01 -7.033815307898039215e-01 -1.986723807565456745e+00 3.105306027996066476e-01 8.670392434974885987e+00 2.571941497211117089e-01 -2.024434355217032966e+00 -1.056676820053247035e+00 2.053736286589323834e-01 5.245354993012200095e-01 -4.479561423410523546e-01 9.469756559921901906e-02 2.876320786135821983e-02 7.044698459902762853e-03 1.020300605731791349e-01 7.163308140065643981e-01 -1.857988817899845768e-01 -3.422362552186068996e-01 -3.483991384970586136e-01 4.436602019651495477e-01 4.458706998840337166e-01 3.319815822857072884e-01 -5.458955078721280385e-01 -6.482611560008504081e-02 6.491772612475844584e-01 3.391977200141090831e-01 4.809775470384362872e-02 -3.154713367991019424e-01 -7.526914719496111128e-02 7.707490922315306525e-01
7.097938058078859247e-02 -1.778942627740439930e-01 -1.560891071088572057e-01 6.462588652218532737e-01 4.009301652386650615e-03 -1.211656336714320575e-01 -1.348020914877678111e-01 -4.088320652295864277e-01 -1.271320083413743918e-01 1.180545160666039567e-01 6.625327738678153944e-01 -2.592407590692560881e-01 -5.443395822694140351e-01 -1.333700998581871744e+00 2.571941497211117089e-01 9.688944730299036578e+00 2.751275933004928009e-01 -1.897943746597458459e+00 -6.346570970608268747e-02 1.252022576332488535e-02 5.473788516583238950e-01 1.578381274213115359e-01 -3.534433772694648979e-01 2.447952657754634206e-02 -3.424705269536451047e-01 9.173167676724448827e-02 -3.914763656044630835e-01 -2.224132552410856454e-04 1.603895042236734292e-01 1.131785343186176435e-01 -3.899881831168865443e-01 6.265285036952623621e-01 1.056296046472350175e-01 -2.186820809749968619e-01 2.561559606682258308e-02 3.809574195576999611e-01 1.001359084596909615e-01 -8.050333837219020294e-02 2.520218594940695223e-01 -2.370356216747338332e-02
-1.658828514033672263e-01 4.173525848707341362e-02 1.196240109534803808e-01 8.888269051662875397e-02 -4.584581403221520135e-02 1.310277111903997427e-01 1.064314833563798218e-01 8.293651930042923726e-02 1.995937736501599696e-02 -2.664601072539050652e-01 3.410368337640967140e-01 4.712754110828203391e-01 1.150918445847629590e-01 -1.935276801913126399e-01 -2.024434355217032966e+00 2.751275933004928009e-01 8.524789613934769861e+00 8.087054192250856532e-01 -1.419475702980995679e+00 -5.058131865027023499e-01 -2.162771237746401176e-01 9.741736086009697426e-02 -7.711786981430045207e-02 1.877507671456886962e-01 -1.947377091620119127e-01 -4.053783348396400865e-01 3.058347104694459362e-01 4.717042549843858401e-01 -1.783461988566135414e-01 -3.781650957812914826e-01 -2.065807470562354420e-01 -2.043734693852992113e-01 2.980002616797108872e-01 1.436276880789983945e-01 2.694376430054615246e-02 5.736162203844901164e-01 6.848346874974753189e-03 3.907026653102729230e-01 9.721928456887989067e-02 -2.343003860561655438e-01
-9.254845631511127158e-02 -3.828258831124540379e-02 -1.293520577940092120e-01 -2.271751541896460669e-02 -2.612429152547248168e-01 -1.350152059961463522e-02 -2.655224538349187577e-02 2.603902229385854014e-02 2.521673581621706739e-01 -9.487120430812324978e-02 -2.968966401703408420e-01 4.431881728551153032e-01 4.294527412514877462e-01 -4.325695209163720190e-01 -1.056676820053247035e+00 -1.897943746597458459e+00 8.087054192250856532e-01 8.382647687913769019e+00 7.264205830562341371e-01 -1.461230082852330581e+00 -5.672402976983985656e-01 -7.515928037319530297e-01 5.510388477757769410e-01 4.233770928139620193e-01 -6.535372232295430517e-02 -6.085513848760288891e-01 -2.288806517951192387e-01 -1.086445983178015579e-01 1.692857407072059783e-01 -3.676486577098514452e-01 -4.685239998028979946e-01 -2.495217622492266751e-01 3.036444416481670072e-01 1.808934155064333971e-01 -1.463427231477872625e-01 -2.800058574379624687e-01 9.120954774178813285e-02 3.964759443903489444e-01 2.101848858495526939e-01 -5.552571435344799688e-02
6.153671125809671016e-01 3.902692835406360583e-01 -5.434800892145870144e-01 -5.146158361439781004e-01 2.491563792121945509e-01 -1.733263400240923069e-01 -3.454811664175670982e-01 -1.715369317244713754e-01 2.057285491647186659e-01 1.592323042907873576e-01 -1.726116754848012469e-01 4.940098540910200370e-02 2.381002924520975172e-01 4.100663982362410809e-01 2.053736286589323834e-01 -6.346570970608268747e-02 -1.419475702980995679e+00 7.264205830562341371e-01 7.769297816672326107e+00 2.006841660212194678e-01 -1.570499227240090612e+00 -6.357279396582238284e-01 -4.592178473378122905e-01 7.063628925232314781e-01 5.068220398955887163e-01 -2.311234710662858072e-01 -4.472404083892954074e-01 -2.984111216806602518e-01 -4.868370575351940177e-01 5.622318908084487088e-01 1.879416527602295606e-01 1.540121787910173345e-01 1.154752049942956750e-02 -9.528385074831539903e-02 6.905160408713315609e-04 -3.199242039142966565e-01 -5.128380060034871679e-01 -2.307844768032996652e-01 3.972804350587974542e-01 4.588705213184650078e-01
2.791936480552884015e-01 4.485563720915021202e-01 -2.791468704463723749e-01 -1.046582897686032521e-01 -3.426800649619111683e-01 9.886203989401259884e-02 -3.380933969931240041e-02 -3.406798420045121234e-01 -3.447958534584529833e-01 1.875909733517638622e-01 3.147917042319001157e-01 8.700300696414987531e-03 -3.838966589555060649e-01 -1.287145009369184412e-01 5.245354993012200095e-01 1.252022576332488535e-02 -5.058131865027023499e-01 -1.461230082852330581e+00 2.006841660212194678e-01 8.800936991227247930e+00 4.149631244256365425e-01 -1.892336890267193317e+00 -9.458315892407266334e-01 -2.329618688921993863e-01 6.311618629051956031e-01 6.965647591689750895e-01 -1.650923248845663771e-01 4.127491480648297073e-01 -9.179391529023376295e-01 -5.473688254764545735e-02 5.276382201361465851e-01 2.341911377110352244e-01 -5.536738152466418733e-02 -1.263959179430568514e-01 6.490885718902503210e-02 -2.527190624262185548e-01 -3.022369889472967808e-01 -3.429315838672604699e-01 -1.390755697724006534e-01 5.349035753503806889e-01
1.288753372167252276e-01 5.611669483859121899e-01 8.345789461426054989e-02 -2.842274654960486591e-01 -3.864265888361941848e-01 1.066179645476387078e-01 -3.571224720136667585e-01 6.947472397985390291e-01 -4.723114781524834216e-01 -2.061815003313250405e-01 2.908215591179738602e-01 -3.696681892381577517e-01 -5.293038625796263330e-02 -2.382835641097313384e-01 -4.479561423410523546e-01 5.473788516583238950e-01 -2.162771237746401176e-01 -5.672402976983985656e-01 -1.570499227240090612e+00 4.149631244256365425e-01 9.226177243061398414e+00 2.881078834049654036e-01 -2.007405552035652629e+00 -4.473556071026257297e-01 3.762009800319621178e-01 4.519574753783342502e-01 -2.057926040107136700e-01 -1.593398797676181047e-02 -1.291046929244515085e-01 1.515314044523647374e-01 -1.096888946008335863e-01 -7.212366316764506902e-02 5.556360247856026446e-02 -1.946737633293967040e-01 2.293623076484180567e-01 7.234498308539533129e-01 -1.602620161643140972e-01 -2.919394400900839348e-01 -8.797962599994993416e-02 -5.239770855049327158e-01
-4.427432963430234514e-01 -5.404378757289205470e-01 5.561916240790112376e-01 5.828487930145989093e-01 -1.269541241330209569e-01 -8.311230588488441318e-02 2.076266116040443588e-01 7.305299001301301942e-02 -3.146667859779012644e-01 6.407633928677212154e-01 4.284348618562502375e-01 2.902853333384333157e-01 -4.514322342739770025e-03 1.937838399724774174e-01 9.469756559921901906e-02 1.578381274213115359e-01 9.741736086009697426e-02 -7.515928037319530297e-01 -6.357279396582238284e-01 -1.892336890267193317e+00 2.881078834049654036e-01 9.106839249335900277e+00 1.160574006147347959e+00 -1.666371937247254520e+00 -7.850516828817030168e-01 -2.595763998452085275e-01 4.288920528993522274e-01 2.073457844917072357e-01 -6.070980709774381756e-02 2.573154859766706437e-01 6.160755106524158364e-01 1.470024218027777066e-02 -2.448846559185101079e-01 -2.666184791900227391e-01 -3.003439299586724287e-02 6.140344019150006938e-01 7.390723361106059652e-01 1.283860616824632206e-02 1.295496223871851760e-01 -3.154150663035442115e-01
-3.172102155490466591e-01 -2.040622174867451344e-01 2.520859307208891953e-01 1.825336374155848637e-02 3.882317927891919540e-01 1.311766937219431550e-01 5.708848618209366732e-01 -4.625138490176391309e-02 2.321981161207004318e-01 -1.706343323776562115e-01 -5.676936964606228431e-01 6.123285763122094938e-01 4.771474314665813954e-01 5.715319572787797009e-01 2.876320786135821983e-02 -3.534433772694648979e-01 -7.711786981430045207e-02 5.510388477757769410e-01 -4.592178473378122905e-01 -9.458315892407266334e-01 -2.007405552035652629e+00 1.160574006147347959e+00 9.223973588291389802e+00 7.704513280740266090e-01 -1.828957571591163678e+00 -1.030578225358279365e+00 -5.386077789126116899e-01 3.922701840259212314e-01 3.128077228977343416e-01 -2.857692180285962280e-01 1.579013245710306490e-01 2.328856344815302126e-01 -1.627481167565962283e-01 -3.174741660390775211e-01 1.896132767574795486e-01 -2.520866551903258590e-01 2.840715902512179758e-01 -8.108447518287119349e-02 -7.265579536798108529e-02 5.106552411998790432e-03
-1.015128638450123327e-01 7.678583594308403815e-02 2.398351566653668110e-01 -3.124094031848569791e-02 -2.380745642590919586e-01 2.597480143407604469e-01 -1.028244982827100085e-01 -2.786249442917398400e-01 4.057073798259521746e-01 4.302791255515298757e-02 -1.361310130550481001e-01 3.041123493274410228e-01 -1.095124480904434601e-02 1.562023864044433108e-01 7.044698459902762853e-03 2.447952657754634206e-02 1.877507671456886962e-01 4.233770928139620193e-01 7.063628925232314781e-01 -2.329618688921993863e-01 -4.473556071026257297e-01 -1.666371937247254520e+00 7.704513280740266090e-01 8.191665964695722835e+00 1.006275085761428878e+00 -2.058823979814199845e+00 -9.299302856677733597e-01 -2.276346085770409866e-01 3.023206985925171453e-01 2.253975949684210445e-01 -4.515461172371320608e-01 3.032198222437220703e-01 3.248693655882180925e-02 1.779567198168126585e-01 -2.567594396165479576e-01 -1.622449993726316764e-01 2.856400838207431292e-01 -1.467329772080042949e-01 -2.169485151764236619e-01 -1.813797485233649975e-01
5.999310573334454971e-02 -1.008585032239471685e-01 -1.672742286135542600e-01 -7.222200893090678642e-02 -4.943833905488009273e-01 -2.082615635516028019e-01 1.295497623945904286e-01 -1.222453467697699574e-02 -5.422754079346663314e-01 3.176858970550994199e-01 2.788083058643678891e-01 -2.382516210463825057e-01 5.507608851596655641e-02 -5.754435102647996736e-01 1.020300605731791349e-01 -3.424705269536451047e-01 -1.947377091620119127e-01 -6.535372232295430517e-02 5.068220398955887163e-01 6.311618629051956031e-01 3.762009800319621178e-01 -7.850516828817030168e-01 -1.828957571591163678e+00 1.006275085761428878e+00 9.933715734183868662e+00 4.502495762654262768e-01 -2.044501929151084862e+00 -4.738583866044858706e-01 -4.055152704302429356e-01 4.782183165101459021e-01 3.991195532894453168e-01 4.562809793308721940e-01 7.947048754067917442e-02 2.828401015720064665e-02 -2.277506459925543181e-01 -3.188991235965997761e-01 -2.416612905663880762e-01 2.246091006679088453e-01 -5.463011191164065528e-01 1.202768183457386120e-01
2.805464092597595438e-01 5.721368216625573044e-01 3.641479534174695831e-01 -2.490260106010618590e-01 -1.104360335141548466e-01 -2.369577418346765219e-01 -7.269875070656671434e-02 2.893213530404474265e-01 -1.192510464007107557e-01 -6.099032582309529271e-01 1.218846950374025684e-01 -3.869878295348341823e-01 -7.841861673881159733e-01 -2.735307428340204017e-01 7.163308140065643981e-01 9.173167676724448827e-02 -4.053783348396400865e-01 -6.085513848760288891e-01 -2.311234710662858072e-01 6.965647591689750895e-01 4.519574753783342502e-01 -2.595763998452085275e-01 -1.030578225358279365e+00 -2.058823979814199845e+00 4.502495762654262768e-01 9.015107299560918719e+00 1.018235415954607870e+00 -1.703535715905991843e+00 -8.888781250121938760e-01 -6.655890789680179997e-02 2.805654873979459563e-01 4.576440634024685483e-01 -3.907499348590504629e-01 7.498866440796995991e-02 4.560353968835275662e-01 1.619479891225849011e-01 -9.826731106703699703e-02 1.019850228245070684e-01 -4.543386849468163402e-01 -3.651614475426825934e-01
-3.150509314247635362e-01 1.542388504198186072e-01 8.989429582402232166e-02 -2.501538516809997392e-01 4.458891509705620315e-01 -7.954314925317967910e-02 -2.214419070089731698e-02 -1.674596501904346557e-01 -3.748582390096270867e-02 2.847476401797396917e-02 1.296292212700419777e-01 -2.625047638716757059e-01 -5.270096523758575069e-01 -1.584923630153359242e-02 -1.857988817899845768e-01 -3.914763656044630835e-01 3.058347104694459362e-01 -2.288806517951192387e-01 -4.472404083892954074e-01 -1.650923248845663771e-01 -2.057926040107136700e-01 4.288920528993522274e-01 -5.386077789126116899e-01 -9.299302856677733597e-01 -2.044501929151084862e+00 1.018235415954607870e+00 9.195260003578303198e+00 8.642326159021386234e-01 -1.715960196473236277e+00 -3.046593507307934212e-01 2.402121152750904057e-02 -6.428730945731961355e-02 -3.583245226603805067e-01 -3.651084108331691808e-02 1.028205805561577674e-01 3.329485925420473391e-01 3.021072829729253839e-01 -9.676385004533931411e-02 -1.132242158612430799e-01 -3.298079056289572319e-01
-9.099276900771754995e-02 -1.749031408936981002e-01 -3.774856925688447884e-01 -4.415624152486950504e-01 -6.309654506108166271e-03 -5.508719273511605147e-02 -2.892823978213117653e-01 3.421824688217465771e-01 1.297538004936551748e-01 -2.430959091384212942e-02 -2.068460305940647559e-01 7.930064892407688582e-02 6.546363138772623991e-01 1.579508608095362143e-01 -3.422362552186068996e-01 -2.224132552410856454e-04 4.717042549843858401e-01 -1.086445983178015579e-01 -2.984111216806602518e-01 4.127491480648297073e-01 -1.593398797676181047e-02 2.073457844917072357e-01 3.922701840259212314e-01 -2.276346085770409866e-01 -4.738583866044858706e-01 -1.703535715905991843e+00 8.642326159021386234e-01 1.010555826193864881e+01 4.860733290526627615e-01 -2.011206847368746775e+00 1.171751969792099585e-01 -7.956601311278301003e-02 2.681795988717237123e-01 1.972270392279123763e-01 -4.324981499285738412e-02 -3.675764757891383239e-01 -1.472767279763373682e-01 1.509862294707076669e-01 2.007548382327539183e-01 3.238671847227078682e-02
2.160249688020658698e-01 -1.616076351938337541e-01 -2.485955512137680568e-01 -5.319827229164696414e-01 3.503062188370399954e-01 -1.524584057358796818e-01 1.444619043631402422e-01 3.330548231321877051e-01 8.620856157867616554e-02 4.769365378141070949e-02 -4.927501007035011149e-01 -1.630500376475619850e-01 2.206033602150504758e-01 1.702786342343598769e-01 -3.483991384970586136e-01 1.603895042236734292e-01 -1.783461988566135414e-01 1.692857407072059783e-01 -4.868370575351940177e-01 -9.179391529023376295e-01 -1.291046929244515085e-01 -6.070980709774381756e-02 3.128077228977343416e-01 3.023206985925171453e-01 -4.055152704302429356e-01 -8.888781250121938760e-01 -1.715960196473236277e+00 4.860733290526627615e-01 9.482995605746356915e+00 5.797465028307154933e-01 -1.643231796171110037e+00 -8.295467981837465477e-01 -1.934938116518301332e-01 2.791752045886838896e-01 -2.684754701713865099e-01 -5.585353902419268879e-01 1.241322779265916915e-01 -1.685952741219735318e-01 1.896105661838549672e-01 2.851339015849265607e-02
3.559395066755691728e-01 2.720639926078342180e-02 -3.908265540602967603e-01 -1.314715266189490916e-01 1.401101911377801990e-01 -4.130286500019074714e-01 -3.232640166980356722e-01 -2.005709806017152430e-01 4.849178026869621627e-02 6.984623448639372123e-01 5.712029917015174485e-01 1.380375375426834972e-01 -4.308151222166591854e-01 1.456930939360111532e-01 4.436602019651495477e-01 1.131785343186176435e-01 -3.781650957812914826e-01 -3.676486577098514452e-01 5.622318908084487088e-01 -5.473688254764545735e-02 1.515314044523647374e-01 2.573154859766706437e-01 -2.857692180285962280e-01 2.253975949684210445e-01 4.782183165101459021e-01 -6.655890789680179997e-02 -3.046593507307934212e-01 -2.011206847368746775e+00 5.797465028307154933e-01 9.416327155790572334e+00 9.658382047836658879e-01 -1.434656697116307278e+00 -1.596165130984674718e+00 -1.655952244923749317e-01 8.539314795968990790e-01 2.818572446047614699e-01 2.252208525791411231e-01 -2.226077670997135272e-01 1.062125360272358349e-01 -1.104802129333701810e-01
-1.585722323796922295e-01 -4.887152976125347381e-02 6.253297681207319325e-01 3.890969681442463801e-01 -3.602518550572763600e-01 -1.660328024120479862e-01 1.162061934953592390e-01 -4.361591586863227676e-01 -2.101547982645701473e-01 1.693415315740480487e-01 3.443823865154628239e-01 -1.213772399959067994e-01 -4.515190876158715061e-01 -4.776907511094337089e-01 4.458706998840337166e-01 -3.899881831168865443e-01 -2.065807470562354420e-01 -4.685239998028979946e-01 1.879416527602295606e-01 5.276382201361465851e-01 -1.096888946008335863e-01 6.160755106524158364e-01 1.579013245710306490e-01 -4.515461172371320608e-01 3.991195532894453168e-01 2.805654873979459563e-01 2.402121152750904057e-02 1.171751969792099585e-01 -1.643231796171110037e+00 9.658382047836658879e-01 8.909084935216235124e+00 8.075059157965984724e-01 -2.589916446208989864e+00 -5.557292671759216374e-01 -4.430265922333512241e-01 -1.374466446433794120e-01 4.657071014249113128e-02 5.067771478081991576e-01 -1.817439514018253932e-01 -5.088699952721974229e-02
-1.024510140424551990e-01 1.765768797037559901e-01 3.498756715800322992e-01 4.422979828360509291e-01 -3.758544130156480367e-01 -6.403961574276452184e-01 5.160605771663676761e-02 4.122720941357500002e-01 5.368494691083432885e-02 2.766125430933863080e-02 5.425725735005340056e-01 5.320273548956717669e-01 -3.839214664122367893e-01 -6.043250554710484224e-01 3.319815822857072884e-01 6.265285036952623621e-01 -2.043734693852992113e-01 -2.495217622492266751e-01 1.540121787910173345e-01 2.341911377110352244e-01 -7.212366316764506902e-02 1.470024218027777066e-02 2.328856344815302126e-01 3.032198222437220703e-01 4.562809793308721940e-01 4.576440634024685483e-01 -6.428730945731961355e-02 -7.956601311278301003e-02 -8.295467981837465477e-01 -1.434656697116307278e+00 8.075059157965984724e-01 9.814794575488026140e+00 4.542136967607380282e-01 -1.820141670791233013e+00 -5.264342590501830399e-01 -2.945799174422020772e-01 4.673592192440520487e-01 1.851603530264519029e-02 -7.314188129157461749e-02 -2.467974158241535709e-01
-4.633412529995571960e-01 1.562917916019918307e-01 1.234930040027535647e-01 -2.275033596744890363e-01 -3.653621297917674510e-02 -4.109623510978174799e-01 -5.796434368747005461e-01 5.476371175609543451e-01 1.723370366604636550e-01 -5.055006721410885140e-01 2.575227914260674184e-02 5.969535936727927705e-01 6.121079947011384137e-01 5.792938411151311168e-02 -5.458955078721280385e-01 1.056296046472350175e-01 2.980002616797108872e-01 3.036444416481670072e-01 1.154752049942956750e-02 -5.536738152466418733e-02 5.556360247856026446e-02 -2.448846559185101079e-01 -1.627481167565962283e-01 3.248693655882180925e-02 7.947048754067917442e-02 -3.907499348590504629e-01 -3.583245226603805067e-01 2.681795988717237123e-01 -1.934938116518301332e-01 -1.596165130984674718e+00 -2.589916446208989864e+00 4.542136967607380282e-01 1.117614767558899125e+01 1.037408691916211767e+00 -2.063817285209188945e+00 -1.470286905218488371e+00 -3.437393566430294034e-01 2.227134732391911343e-01 2.242681576543917032e-01 -7.306379567500355110e-01
-1.189140833287573862e-01 -3.239886164863212681e-01 4.443633342027961675e-01 1.953664816670553361e-01 -3.286311017616447283e-01 3.707173457220984125e-01 -2.946857139878928944e-01 -5.438142646303896210e-01 2.942531139500822457e-01 3.890834995266007068e-01 -3.013965204024177114e-02 -8.746676056345432937e-02 2.645502219075483996e-01 -1.864508599093708530e-01 -6.482611560008504081e-02 -2.186820809749968619e-01 1.436276880789983945e-01 1.808934155064333971e-01 -9.528385074831539903e-02 -1.263959179430568514e-01 -1.946737633293967040e-01 -2.666184791900227391e-01 -3.174741660390775211e-01 1.779567198168126585e-01 2.828401015720064665e-02 7.498866440796995991e-02 -3.651084108331691808e-02 1.972270392279123763e-01 2.791752045886838896e-01 -1.655952244923749317e-01 -5.557292671759216374e-01 -1.820141670791233013e+00 1.037408691916211767e+00 9.552220482151142278e+00 4.708167099801410238e-01 -2.042062071010569912e+00 1.992597697936298595e-01 -3.061284729535157512e-01 -9.764098811532577471e-02 5.589798862446755390e-01
2.703217934025926028e-01 3.010235630112441732e-02 9.232208934338148598e-02 -2.545007569093548638e-01 1.821215798976282430e-03 5.994423950667115975e-01 2.974135690752611194e-01 -6.731524637523508270e-01 1.772861099141566366e-01 2.120512419460631737e-01 -1.078545258087996311e-02 -5.178259340808607503e-01 -1.530317587811665658e-01 7.459138989132549913e-01 6.491772612475844584e-01 2.561559606682258308e-02 2.694376430054615246e-02 -1.463427231477872625e-01 6.905160408713315609e-04 6.490885718902503210e-02 2.293623076484180567e-01 -3.003439299586724287e-02 1.896132767574795486e-01 -2.567594396165479576e-01 -2.277506459925543181e-01 4.560353968835275662e-01 1.028205805561577674e-01 -4.324981499285738412e-02 -2.684754701713865099e-01 8.539314795968990790e-01 -4.430265922333512241e-01 -5.264342590501830399e-01 -2.063817285209188945e+00 4.708167099801410238e-01 9.764680159175787466e+00 1.094834102951885324e+00 -1.606404603139238052e+00 -7.305394563058806856e-01 -4.639559850744571223e-01 1.803753612490459901e-01
-3.143937315418335876e-01 4.323092139223379954e-02 4.428599736116628494e-02 -1.491182002669198536e-01 1.932684791217615661e-01 -1.139086544604776818e-01 2.853213584567384498e-01 2.495617204892230656e-01 -3.322768619874992835e-01 3.311361806726685619e-02 -5.515044785907084746e-02 -3.875613097041846755e-01 -6.535325012119798382e-02 1.240690971963620826e-01 3.391977200141090831e-01 3.809574195576999611e-01 5.736162203844901164e-01 -2.800058574379624687e-01 -3.199242039142966565e-01 -2.527190624262185548e-01 7.234498308539533129e-01 6.140344019150006938e-01 -2.520866551903258590e-01 -1.622449993726316764e-01 -3.188991235965997761e-01 1.619479891225849011e-01 3.329485925420473391e-01 -3.675764757891383239e-01 -5.585353902419268879e-01 2.818572446047614699e-01 -1.374466446433794120e-01 -2.945799174422020772e-01 -1.470286905218488371e+00 -2.042062071010569912e+00 1.094834102951885324e+00 9.670051591777092170e+00 2.126909609237513654e-01 -1.507235254233579624e+00 -3.637519379938296549e-01 2.642761092615156238e-01
3.715976163602452420e-02 1.476496868819119623e-01 -2.471212761433007055e-01 1.761858070169563251e-01 1.974302074695776232e-01 2.491857531653523250e-01 1.723226332091839716e-02 -9.424295571794140403e-02 1.789205544340915777e-01 -1.804691215011138550e-01 -1.726255274357680336e-01 -2.614936854903401886e-02 -2.991469911095117618e-01 -1.968433713912744881e-02 4.809775470384362872e-02 1.001359084596909615e-01 6.848346874974753189e-03 9.120954774178813285e-02 -5.128380060034871679e-01 -3.022369889472967808e-01 -1.602620161643140972e-01 7.390723361106059652e-01 2.840715902512179758e-01 2.856400838207431292e-01 -2.416612905663880762e-01 -9.826731106703699703e-02 3.021072829729253839e-01 -1.472767279763373682e-01 1.241322779265916915e-01 2.252208525791411231e-01 4.657071014249113128e-02 4.673592192440520487e-01 -3.437393566430294034e-01 1.992597697936298595e-01 -1.606404603139238052e+00 2.126909609237513654e-01 9.519073923303894347e+00 1.191414705647163785e+00 -1.998508829374994411e+00 -5.022336387045347461e-01
-1.910385002497499152e-01 -1.424625846564849807e-01 -1.816591375056365171e-02 2.069127566722989142e-01 1.997692611062908408e-01 -1.773388036750790098e-01 -4.008612410577037932e-02 6.618380000776470373e-01 -3.089107223415263337e-01 -2.867610848636789611e-01 2.903468986368423765e-01 4.218637758916662928e-02 8.833138475242344537e-03 1.404098823176725963e-01 -3.154713367991019424e-01 -8.050333837219020294e-02 3.907026653102729230e-01 3.964759443903489444e-01 -2.307844768032996652e-01 -3.429315838672604699e-01 -2.919394400900839348e-01 1.283860616824632206e-02 -8.108447518287119349e-02 -1.467329772080042949e-01 2.246091006679088453e-01 1.019850228245070684e-01 -9.676385004533931411e-02 1.509862294707076669e-01 -1.685952741219735318e-01 -2.226077670997135272e-01 5.067771478081991576e-01 1.851603530264519029e-02 2.227134732391911343e-01 -3.061284729535157512e-01 -7.305394563058806856e-01 -1.507235254233579624e+00 1.191414705647163785e+00 8.917026567539622306e+00 -1.899932732955927628e-01 -1.368964290679090423e+00
-1.084524626018350091e+00 -1.088443607445457095e+00 -7.337645630717197498e-02 7.171269303847831456e-01 7.112484509674714406e-02 -8.121620683262102958e-01 -1.873694736489147639e-01 3.232485767127375453e-01 -1.232378297622848951e-01 -2.987386898295798718e-02 -3.159872276007996139e-01 -1.205330500170578301e-01 8.345384016102314062e-02 -2.214686880241428790e-01 -7.526914719496111128e-02 2.520218594940695223e-01 9.721928456887989067e-02 2.101848858495526939e-01 3.972804350587974542e-01 -1.390755697724006534e-01 -8.797962599994993416e-02 1.295496223871851760e-01 -7.265579536798108529e-02 -2.169485151764236619e-01 -5.463011191164065528e-01 -4.543386849468163402e-01 -1.132242158612430799e-01 2.007548382327539183e-01 1.896105661838549672e-01 1.062125360272358349e-01 -1.817439514018253932e-01 -7.314188129157461749e-02 2.242681576543917032e-01 -9.764098811532577471e-02 -4.639559850744571223e-01 -3.637519379938296549e-01 -1.998508829374994411e+00 -1.899932732955927628e-01 9.362209928739041231e+00 4.182932226751639448e-01
