6.742690069779468054e+00 7.004851114763612774e-01 -1.202635208035434999e+00 -4.862290070224107308e-01 -3.166489442975867555e-03 1.287541143887395989e-01 -5.823114291902777018e-02 4.864693595648876268e-01 1.109972706697191364e-01 1.494460680346504367e-01 9.387659635085358889e-02 2.036808095897991444e-01 1.735102270817865944e-01 1.131389522266597197e-01 3.093690640982950102e-01 8.093084755254177642e-02 -2.209544791229962057e-01 -4.739110413718403830e-02 7.695504463046175248e-02 -2.241789441390836246e-01 -1.563256366899264671e-01 8.740662786961150843e-02 2.139817297767787063e-01 1.454808730550197493e-01 7.869561979011763242e-02 -4.462060924886532970e-02 5.900976061550856216e-02 2.105618078076042510e-01 -2.648671746387643022e-01 -2.501829691066482231e-01 -1.528603768770548342e-02 -5.933237598735943696e-02 9.703355125619000932e-02 -9.559722370185297358e-02 2.328847857673087551e-01 2.705919513326506074e-03 2.434992875852556166e-02 -4.508408748474700134e-02 -1.236738528995421360e+00 1.365858701316562951e-01
7.004851114763612774e-01 6.798206496214134198e+00 9.282587452508028747e-01 -1.290620933011613625e+00 -3.625142020643002394e-01 2.192986637756831336e-01 -9.704621027165775959e-02 -2.012254682154554219e-01 1.872886256149780548e-01 1.902930043647426128e-01 -3.648264523906006862e-01 -1.743764465356631432e-01 3.105350867361507672e-01 4.110279403219150862e-01 2.199091644953805602e-01 -1.025227712358041526e-01 4.375363249417958678e-03 -1.464182093770380333e-01 -2.307193913003519337e-01 -6.576125253968310991e-02 1.079118291089662396e-01 3.109493953615379280e-01 2.352560414627328511e-01 1.158527312499483056e-02 2.472662219875272280e-02 3.228320027703287382e-02 1.507004020325987403e-01 2.669413967335251270e-01 -7.191062334660625055e-02 -1.804858576550664173e-01 -3.870960564067550957e-01 -3.410046262743425816e-01 3.329435901681204180e-01 2.633185622634646728e-01 -7.237452950039034716e-02 -8.676942334307903570e-02 -9.694084053224551190e-02 1.171530596325092433e-01 -7.265988005413377415e-01 -1.780120484028656413e+00
-1.202635208035434999e+00 9.282587452508028747e-01 6.077722404295446523e+00 9.010207709796384801e-02 -1.934352855712048624e+00 4.433251115237115125e-01 -6.691054153817509176e-02 -4.272892378221313514e-01 1.230615367504495905e-01 2.436190239441434480e-01 -1.708571616714288921e-01 -2.519987187736654199e-01 2.655143911161503278e-02 1.062129916735321394e-01 -5.076778618473517385e-02 -7.291797827022475365e-02 4.166921183210006152e-01 -4.426132489985321744e-02 -3.674350327024205054e-01 3.265348665311501586e-02 -1.746867620080676531e-01 1.477039552106602649e-01 -7.188760693230976384e-02 -1.676551185216283990e-01 -6.036571747890027290e-02 7.590086901943468925e-03 1.594467127884933444e-01 4.218997421240076873e-02 -1.575490879075631956e-01 -3.656073121660558672e-02 1.264204062715224008e-01 -5.790615822387963629e-02 3.186410714968998525e-01 8.266061165152387147e-02 -5.387850906228495995e-02 -1.828854904706969098e-01 -2.754144655296550392e-01 1.552143174509842960e-01 9.222937395127195348e-02 2.552550014857150051e-01
-4.862290070224107308e-01 -1.290620933011613625e+00 9.010207709796384801e-02 5.909061809590583358e+00 -4.508708129945945137e-02 -1.263587981220317680e+00 -9.876507643626708521e-02 -2.436610959837092957e-02 -1.042474880576763629e-01 1.061075725643513545e-02 -2.985320310820439166e-02 8.006750860913447454e-02 1.640565606126304088e-01 -4.661540160050565832e-04 -2.391029669002795177e-01 -1.128499447255235516e-01 -8.002927939615379904e-02 -5.968213634488150378e-03 -1.190673727813314486e-01 4.001985700272745472e-01 9.107174748815523302e-02 -5.099549795951414249e-02 -6.899265831990900044e-02 1.369114924120027298e-02 4.480043664165796885e-02 -1.206087837832840459e-01 4.011551094642974713e-02 2.961247446711471817e-02 2.456244992494018703e-02 2.223464688130224326e-02 1.017507067720770930e-01 1.673263013033376989e-01 -8.339661588083983890e-02 1.328176646204116407e-01 1.230462409742071328e-01 -1.068691767360232248e-01 4.310072209669193327e-02 -4.383070168336163086e-02 2.320489789227550281e-01 1.674479412356599528e-01
-3.166489442975867555e-03 -3.625142020643002394e-01 -1.934352855712048624e+00 -4.508708129945945137e-02 6.533538812488355774e+00 4.181948058927171807e-01 -6.376053302093133146e-01 -5.781167217795373653e-02 -5.588544248413048615e-02 1.392679402103135233e-01 1.708928622566358302e-01 -8.966215331487784740e-03 -1.387370941118709899e-01 1.526142687275180432e-01 7.900154436998484131e-02 -3.420618431889302369e-01 -4.572480142106254142e-02 1.736537297104881472e-01 1.189220085178712832e-01 -1.348544122237591847e-01 -8.047617911288144910e-02 -1.882876967786106526e-01 -1.078140039557825142e-01 2.107789627172873201e-02 -4.331107763841185454e-01 -1.187401882597819841e-01 1.208154612370278547e-01 -2.175061294691919833e-01 1.921850785728613370e-02 -9.671582054736428680e-03 3.634373174694877778e-02 2.066982877239864902e-01 2.912631025859719128e-02 8.206765546097601061e-02 1.485466693242142033e-01 -4.794813781090167398e-02 1.970497646316356644e-03 4.282634667376967325e-02 -1.793263308082292118e-01 -2.911521197467146216e-01
1.287541143887395989e-01 2.192986637756831336e-01 4.433251115237115125e-01 -1.263587981220317680e+00 4.181948058927171807e-01 5.888614507097759798e+00 5.666225269912971152e-01 -1.245386736236803626e+00 -6.592098627649058962e-01 -2.334506600274554866e-01 4.924027453353445050e-01 -1.092620783622856723e-01 -6.162663377298086553e-01 1.424723029286431852e-01 7.200794281687812604e-02 -2.227544724174739810e-01 -2.780865433974397116e-01 1.340425462385150812e-01 3.354594490686649277e-02 -3.146425968127719019e-01 1.486784506965670993e-01 1.314731180774859898e-01 8.856892396830134614e-03 -2.064801630443458269e-01 7.709315139179304111e-02 2.034889461706645419e-01 -1.803075619642403871e-02 -8.827109075818169448e-02 -1.561472335907244935e-01 1.166928734434884672e-02 3.727272046907632169e-02 -1.647948188124590818e-01 5.243157196590481073e-02 1.343959098880749548e-01 -1.821764461045942141e-01 6.813206871527059671e-02 1.876083686355075122e-02 -1.341288616671998946e-01 3.973188435152498477e-02 5.029230840889677145e-02
-5.823114291902777018e-02 -9.704621027165775959e-02 -6.691054153817509176e-02 -9.876507643626708521e-02 -6.376053302093133146e-01 5.666225269912971152e-01 6.146278772965750647e+00 7.349368461676913933e-01 -1.707014936030366137e+00 4.916999964683775315e-01 -5.029785425168691732e-02 -4.348765047920857829e-01 -2.712735137444159950e-01 -4.652400972156489622e-02 4.507233707963551050e-02 -1.540552955969410331e-01 -1.902585751296257399e-01 4.399828479858204749e-06 3.538280272571878160e-02 -2.838989373629079854e-02 6.709503566663900520e-02 -2.836287659861256305e-01 1.824527909884864074e-01 -8.873845018009376973e-02 9.571843317800525497e-02 -1.021448835519087328e-01 -1.629692716053688095e-01 -2.522276403094297903e-02 6.016443828628832008e-02 5.989079907159722271e-02 5.892596643250244681e-02 -9.077880275681587952e-02 -9.066225090682916710e-02 -5.266392775601488885e-02 2.505284117180191505e-01 2.506641236358299607e-01 1.301071632354421082e-01 -3.037901723511175767e-02 9.070136195539381385e-02 9.486932024663929930e-02
4.864693595648876268e-01 -2.012254682154554219e-01 -4.272892378221313514e-01 -2.436610959837092957e-02 -5.781167217795373653e-02 -1.245386736236803626e+00 7.349368461676913933e-01 7.167798558711965029e+00 7.729177819834889274e-01 -1.131151062302201193e+00 -7.549367532694192251e-01 3.096828928436243245e-02 2.382335381011252695e-01 5.461644798880627844e-02 -1.152320077802024417e-01 -4.489359089105426914e-02 5.102691707102656460e-02 6.623375812683508779e-02 2.969062327533807111e-02 2.185403388456214069e-01 9.212864721282483516e-02 -2.593387719382344581e-01 1.839423930209089370e-02 4.207915524084479379e-03 -9.437390060175168682e-02 1.660509427014582665e-02 9.926552959526568909e-02 1.005531095810357073e-01 -1.219906271140541731e-01 -1.355817134615766584e-02 -1.160043817233161745e-01 -2.703781091758301058e-01 -8.900723812527232270e-02 -9.388946102623668688e-02 4.631109970535914055e-02 1.958765065333598898e-01 -2.011168952989067504e-01 1.655790717329625461e-01 1.230984437183764851e-01 -1.729188789671488174e-02
1.109972706697191364e-01 1.872886256149780548e-01 1.230615367504495905e-01 -1.042474880576763629e-01 -5.588544248413048615e-02 -6.592098627649058962e-01 -1.707014936030366137e+00 7.729177819834889274e-01 7.469696061575367807e+00 2.498455221072160004e-01 -2.073983654489935713e+00 -1.093004633504965767e-01 2.990046455703821993e-01 6.084986971268108863e-02 2.868807023267940653e-02 -2.785017780642009416e-02 -1.957508772528056551e-01 -2.192791424856489479e-01 1.812870778347018541e-01 1.967753114308928297e-01 -1.936040036510496831e-01 8.823149783860047279e-02 -3.244453139708284861e-01 -1.189443155942734448e-01 -4.398415352433227010e-02 8.429924469861556358e-02 5.019609967654422578e-01 -8.739395843523313501e-02 -1.504824141960797446e-01 -1.980810551632423977e-01 1.691964208903947164e-01 -2.383451338538811470e-01 -5.232827184291763412e-02 -1.025589959359599762e-02 6.770647755221717579e-02 -8.744526470667982748e-03 -3.541610837964003222e-01 -1.531280936500104550e-01 -1.442258679195863036e-01 -9.731428376341215436e-03
1.494460680346504367e-01 1.902930043647426128e-01 2.436190239441434480e-01 1.061075725643513545e-02 1.392679402103135233e-01 -2.334506600274554866e-01 4.916999964683775315e-01 -1.131151062302201193e+00 2.498455221072160004e-01 6.755669364586028180e+00 -3.916596060989013806e-02 -1.456340502257710501e+00 6.219949404589754371e-02 1.713370468208016417e-01 5.646396439042869475e-02 2.735775468992462933e-01 5.310949020769630685e-02 -2.028193987401235854e-01 -1.453763892639500233e-01 8.282088674014342899e-02 2.353050782208849015e-02 1.291926402135094853e-01 1.574854435735627278e-01 -1.986422043001244697e-01 -1.493380317863963747e-01 3.024974780298440580e-01 -4.766713731904553136e-02 3.181666111408720105e-02 1.339130215379970568e-01 -3.376876724797923113e-01 -1.439077033229189118e-01 6.846458705698335589e-02 -6.258593854654657951e-02 5.562322007530101642e-01 1.150209493392898297e-01 1.417804487745897082e-02 1.441327902051862120e-01 -3.145848395214007054e-02 -7.178978042513232960e-02 1.246308855811631144e-01
9.387659635085358889e-02 -3.648264523906006862e-01 -1.708571616714288921e-01 -2.985320310820439166e-02 1.708928622566358302e-01 4.924027453353445050e-01 -5.029785425168691732e-02 -7.549367532694192251e-01 -2.073983654489935713e+00 -3.916596060989013806e-02 8.058451047206867557e+00 5.329509091474559090e-01 -1.304927589838030144e+00 -3.249139983061561376e-01 -4.820089419503682283e-03 5.598919123920758079e-01 -4.470757329189699314e-02 -1.239507096078333592e-01 2.429340559289472345e-02 7.536012425044802399e-02 -1.315793992844837557e-01 7.502934105030029110e-02 1.858024999045033432e-01 -1.238503456813499215e-01 -5.816064382813122130e-02 2.639665442294316655e-01 -2.595647431422138385e-01 -1.650388519558619038e-01 2.626414803837375661e-03 1.070455818369344010e-02 -4.019238249110106825e-02 1.937486208272753974e-01 -7.446715406700932238e-02 2.648803661729240075e-02 3.366613905514178034e-03 -2.576236665386527278e-02 1.485459997362455209e-01 -7.884221496068737588e-04 3.049131206714155717e-01 -1.828184537343480187e-02
2.036808095897991444e-01 -1.743764465356631432e-01 -2.519987187736654199e-01 8.006750860913447454e-02 -8.966215331487784740e-03 -1.092620783622856723e-01 -4.348765047920857829e-01 3.096828928436243245e-02 -1.093004633504965767e-01 -1.456340502257710501e+00 5.329509091474559090e-01 6.103889929678386395e+00 3.777533965108163527e-01 -1.283606856072827540e+00 -1.590837158953460340e-01 2.898101404304314066e-01 -2.313577518457850951e-02 -1.067745939110783249e-01 8.068424916717506501e-02 1.753731792641171627e-01 -2.178028765665906696e-01 -3.377959378031886867e-03 -2.594540754858671860e-01 3.450960546312897143e-02 2.083508549815509259e-01 -2.187125189018556959e-01 -1.716946265144110584e-01 -2.808558422540365362e-01 -1.917028302187344657e-01 -2.281143146041370029e-01 -6.461603550468335289e-02 3.184831464577656673e-02 -2.845823804567510287e-02 -1.935403405842872071e-01 -1.675609677511815665e-01 6.349777634700448647e-02 2.051406421251688872e-01 2.527410234449170914e-03 -9.878738366912867552e-02 6.688415806973783961e-02
1.735102270817865944e-01 3.105350867361507672e-01 2.655143911161503278e-02 1.640565606126304088e-01 -1.387370941118709899e-01 -6.162663377298086553e-01 -2.712735137444159950e-01 2.382335381011252695e-01 2.990046455703821993e-01 6.219949404589754371e-02 -1.304927589838030144e+00 3.777533965108163527e-01 7.168188898346300242e+00 8.894073414699078528e-01 -1.370242308390961394e+00 -1.472608644371839748e-01 3.241573416309768696e-01 2.714554094692631439e-02 1.098651754206376452e-01 2.870329011919059981e-01 1.463793624417427386e-01 1.361219329746334583e-01 4.266831247901573670e-02 -9.342147212931896372e-02 1.740992391154942698e-01 2.898763102281317616e-01 2.094991748100633877e-01 1.757377547675908203e-01 -5.173425920047206583e-01 -1.600833732475701043e-01 -1.456726411411360667e-01 -1.517367123070371415e-01 2.066273970856832010e-01 -8.712935950683213526e-02 1.796765693347270598e-01 2.559790330347525567e-01 -6.856752366897063411e-02 -2.468163721123395327e-01 2.713809313344564197e-02 -2.021211682949987723e-02
1.131389522266597197e-01 4.110279403219150862e-01 1.062129916735321394e-01 -4.661540160050565832e-04 1.526142687275180432e-01 1.424723029286431852e-01 -4.652400972156489622e-02 5.461644798880627844e-02 6.084986971268108863e-02 1.713370468208016417e-01 -3.249139983061561376e-01 -1.283606856072827540e+00 8.894073414699078528e-01 6.681867266594817778e+00 3.675123413288954310e-01 -1.407547855406831694e+00 6.488139717695422248e-02 -1.375651010495166915e-01 1.116494180402595460e-02 -1.413211235077507233e-01 2.818379613042040072e-02 5.100832087285778887e-02 1.750098688001205938e-01 1.719513519394876289e-01 -5.721451597692697733e-02 1.946728500469518952e-01 1.934436025984574703e-01 -2.169102196669866339e-02 -1.105210644082535616e-02 2.450742351448839951e-01 -1.640647762360856743e-01 -8.230996643055646378e-02 5.813742619016124685e-02 -1.081932696844649378e-01 2.304660319121610845e-01 7.256648825127406943e-02 5.717437030626027622e-02 -2.619293169067295479e-01 3.963921806712916718e-02 4.497791115583994054e-02
3.093690640982950102e-01 2.199091644953805602e-01 -5.076778618473517385e-02 -2.391029669002795177e-01 7.900154436998484131e-02 7.200794281687812604e-02 4.507233707963551050e-02 -1.152320077802024417e-01 2.868807023267940653e-02 5.646396439042869475e-02 -4.820089419503682283e-03 -1.590837158953460340e-01 -1.370242308390961394e+00 3.675123413288954310e-01 5.968164653867908065e+00 2.407198645347037869e-01 -1.575380420532116243e+00 -3.900002540354957636e-01 1.451553586072271418e-01 -1.874461490966389532e-01 -2.815438183337046207e-01 -4.788438664211071977e-02 4.812273018112897538e-02 1.974085898688595631e-01 1.215509518617553381e-01 1.725795255449712740e-01 -5.524204312552446344e-02 -6.363080509988360001e-02 -9.808315683262595897e-02 4.782496214590183786e-02 -1.184275622266153238e-01 1.508983072982787443e-01 -9.210182725414148286e-02 1.530709293609843480e-01 -1.837127335413827611e-01 1.422184051528252620e-02 8.277291541130826769e-02 1.272120638010216798e-01 1.106615795162225746e-01 -8.800386878954923053e-02
8.093084755254177642e-02 -1.025227712358041526e-01 -7.291797827022475365e-02 -1.128499447255235516e-01 -3.420618431889302369e-01 -2.227544724174739810e-01 -1.540552955969410331e-01 -4.489359089105426914e-02 -2.785017780642009416e-02 2.735775468992462933e-01 5.598919123920758079e-01 2.898101404304314066e-01 -1.472608644371839748e-01 -1.407547855406831694e+00 2.407198645347037869e-01 7.100462057176195607e+00 6.416083662219705941e-01 -1.358887751219325146e+00 4.650800607873449288e-01 2.326801622738363384e-01 -9.253368582406466814e-02 -8.140569013252108022e-02 5.661448618232114982e-02 2.521391626781231965e-01 7.947399334006050031e-02 -2.600653993434786093e-01 -1.959444989348363975e-01 2.672603358489679670e-01 1.896509436943780436e-01 -1.777375590753421108e-01 -1.443012094842155146e-01 3.448359726280244009e-01 -2.366415942302576569e-01 -2.383905674396459909e-02 -1.462917955192720165e-01 -1.072570150128571431e-01 -2.073279860859922330e-01 6.051124949688508475e-02 3.057325513853609289e-02 1.536372383454710777e-01
-2.209544791229962057e-01 4.375363249417958678e-03 4.166921183210006152e-01 -8.002927939615379904e-02 -4.572480142106254142e-02 -2.780865433974397116e-01 -1.902585751296257399e-01 5.102691707102656460e-02 -1.957508772528056551e-01 5.310949020769630685e-02 -4.470757329189699314e-02 -2.313577518457850951e-02 3.241573416309768696e-01 6.488139717695422248e-02 -1.575380420532116243e+00 6.416083662219705941e-01 5.771484810800498799e+00 4.349046932948381627e-01 -9.196175703254224620e-01 1.154363820404921970e-01 -8.323810510390228234e-02 -1.157092828443575250e-01 1.770277422574458304e-01 -1.759918570213246936e-01 -2.025259246213816644e-01 -1.522173311356658509e-01 -2.304558975585166078e-02 7.230412998975073446e-02 -7.564253264309184210e-02 -3.352944573757525581e-02 -6.204032917715315799e-04 1.132055565847476207e-02 5.402197956804277723e-02 -2.024635204975513414e-01 8.849476849840141879e-02 2.608680072854335785e-01 1.824381481980528324e-03 2.086094886479266108e-01 -8.293482536718475677e-04 -3.442502135098694099e-02
-4.739110413718403830e-02 -1.464182093770380333e-01 -4.426132489985321744e-02 -5.968213634488150378e-03 1.736537297104881472e-01 1.340425462385150812e-01 4.399828479858204749e-06 6.623375812683508779e-02 -2.192791424856489479e-01 -2.028193987401235854e-01 -1.239507096078333592e-01 -1.067745939110783249e-01 2.714554094692631439e-02 -1.375651010495166915e-01 -3.900002540354957636e-01 -1.358887751219325146e+00 4.349046932948381627e-01 6.217998234045480466e+00 6.796645408601795779e-01 -1.174649664622278378e+00 -5.689149257289698863e-02 -1.605278695732814398e-01 4.652407014156430265e-02 1.063489089537529436e-01 -4.097825243883503055e-02 -5.368128276243106650e-02 -8.328652676116299336e-02 -1.787997143559789393e-01 -8.052410311065158477e-02 -7.165113860405652839e-03 -1.006690231533825808e-01 -3.224446606295662265e-01 1.724091547702189531e-01 -7.617162077087126851e-03 2.036344536597186339e-01 6.849463492415741594e-02 -1.058666099002320560e-01 -2.443274418428256489e-01 5.063885172332707046e-02 -2.649099684165499152e-02
7.695504463046175248e-02 -2.307193913003519337e-01 -3.674350327024205054e-01 -1.190673727813314486e-01 1.189220085178712832e-01 3.354594490686649277e-02 3.538280272571878160e-02 2.969062327533807111e-02 1.812870778347018541e-01 -1.453763892639500233e-01 2.429340559289472345e-02 8.068424916717506501e-02 1.098651754206376452e-01 1.116494180402595460e-02 1.451553586072271418e-01 4.650800607873449288e-01 -9.196175703254224620e-01 6.796645408601795779e-01 5.619123847539131411e+00 4.064023275128235690e-01 -1.080164598249271135e+00 1.104213306557142449e-01 1.973545102931599238e-01 -1.356571583238495304e-01 -1.931137954186702005e-02 -9.084665345072628906e-02 -1.961333957534395767e-01 -3.564586857953533361e-02 1.847730835725515386e-01 -4.692480284977103289e-02 -3.973567294442994502e-01 -4.666588090591548138e-02 1.382444267776912483e-01 -2.529659675661915727e-02 9.883165176815492114e-02 1.578563071319929734e-01 2.520114592714786661e-01 -2.426712727766375255e-01 -9.686725400510680373e-02 2.404821055720453016e-01
-2.241789441390836246e-01 -6.576125253968310991e-02 3.265348665311501586e-02 4.001985700272745472e-01 -1.348544122237591847e-01 -3.146425968127719019e-01 -2.838989373629079854e-02 2.185403388456214069e-01 1.967753114308928297e-01 8.282088674014342899e-02 7.536012425044802399e-02 1.753731792641171627e-01 2.870329011919059981e-01 -1.413211235077507233e-01 -1.874461490966389532e-01 2.326801622738363384e-01 1.154363820404921970e-01 -1.174649664622278378e+00 4.064023275128235690e-01 6.534780604014248873e+00 -2.272035848283501108e-02 -1.114940546259656662e+00 1.480608921498326735e-01 -8.490273101504434983e-02 2.928158834271027411e-01 3.952134610150996874e-01 2.990036691748215389e-02 6.619112582316373505e-02 4.152719905492775060e-02 1.014882773983244030e-01 1.774953109214515851e-02 -2.422010065384143374e-02 -2.354541649359875310e-01 5.382039531675630872e-02 6.142451944525273433e-02 2.552388029981364492e-01 -2.788081850032071429e-01 -1.918057241771168042e-01 -3.196078775595001531e-02 1.774925101256033533e-01
-1.563256366899264671e-01 1.079118291089662396e-01 -1.746867620080676531e-01 9.107174748815523302e-02 -8.047617911288144910e-02 1.486784506965670993e-01 6.709503566663900520e-02 9.212864721282483516e-02 -1.936040036510496831e-01 2.353050782208849015e-02 -1.315793992844837557e-01 -2.178028765665906696e-01 1.463793624417427386e-01 2.818379613042040072e-02 -2.815438183337046207e-01 -9.253368582406466814e-02 -8.323810510390228234e-02 -5.689149257289698863e-02 -1.080164598249271135e+00 -2.272035848283501108e-02 6.161932733557485165e+00 6.317689444946235078e-01 -1.159040296045059648e+00 6.518653675059103703e-02 1.814936213336323656e-01 -3.189714828968808757e-01 -2.804621183105105997e-01 1.520040204910531600e-01 -1.803620084086945685e-01 -2.111688924361893316e-01 1.306830967604852844e-01 3.152354000918436983e-01 2.547797030109257618e-03 -1.623312641349797802e-01 5.629351039300746484e-02 2.932945110291219626e-01 1.126147104295981832e-01 1.312498710145986180e-01 -5.967194984425525789e-03 -1.346197650182071603e-01
8.740662786961150843e-02 3.109493953615379280e-01 1.477039552106602649e-01 -5.099549795951414249e-02 -1.882876967786106526e-01 1.314731180774859898e-01 -2.836287659861256305e-01 -2.593387719382344581e-01 8.823149783860047279e-02 1.291926402135094853e-01 7.502934105030029110e-02 -3.377959378031886867e-03 1.361219329746334583e-01 5.100832087285778887e-02 -4.788438664211071977e-02 -8.140569013252108022e-02 -1.157092828443575250e-01 -1.605278695732814398e-01 1.104213306557142449e-01 -1.114940546259656662e+00 6.317689444946235078e-01 5.524422107286154571e+00 2.052270365486050796e-01 -1.040867669433348297e+00 2.040789167312336561e-01 -2.472013277719968816e-01 9.513844935057769181e-02 -6.693038784890033288e-02 7.781720581388220336e-03 -1.799307521695627521e-01 -5.670722814817042573e-02 -6.462500781292866703e-02 -2.860427629428221596e-01 -2.541816646268103552e-01 -8.478688868439217263e-02 1.467037537229281541e-01 -3.039790818654821911e-02 -1.219999676399753374e-01 6.488115597510540900e-02 -3.434502348804343436e-02
2.139817297767787063e-01 2.352560414627328511e-01 -7.188760693230976384e-02 -6.899265831990900044e-02 -1.078140039557825142e-01 8.856892396830134614e-03 1.824527909884864074e-01 1.839423930209089370e-02 -3.244453139708284861e-01 1.574854435735627278e-01 1.858024999045033432e-01 -2.594540754858671860e-01 4.266831247901573670e-02 1.750098688001205938e-01 4.812273018112897538e-02 5.661448618232114982e-02 1.770277422574458304e-01 4.652407014156430265e-02 1.973545102931599238e-01 1.480608921498326735e-01 -1.159040296045059648e+00 2.052270365486050796e-01 5.992267377396636618e+00 3.852575869478101767e-02 -1.399006636285240024e+00 9.933696276503299616e-02 -1.194947530673364094e-01 1.869458721653987354e-01 3.039651468605763518e-01 -1.769779271158355635e-02 -2.413357148217055714e-01 -4.274996577137514242e-01 4.330402147306195992e-01 5.121995573513765665e-02 -1.441380287774025604e-01 -1.644838640529496521e-01 1.111623175591009045e-02 -2.909640420188838728e-01 -1.567779590924505417e-01 1.519621216708656186e-01
1.454808730550197493e-01 1.158527312499483056e-02 -1.676551185216283990e-01 1.369114924120027298e-02 2.107789627172873201e-02 -2.064801630443458269e-01 -8.873845018009376973e-02 4.207915524084479379e-03 -1.189443155942734448e-01 -1.986422043001244697e-01 -1.238503456813499215e-01 3.450960546312897143e-02 -9.342147212931896372e-02 1.719513519394876289e-01 1.974085898688595631e-01 2.521391626781231965e-01 -1.759918570213246936e-01 1.063489089537529436e-01 -1.356571583238495304e-01 -8.490273101504434983e-02 6.518653675059103703e-02 -1.040867669433348297e+00 3.852575869478101767e-02 5.229730220260713658e+00 4.101820877015286970e-01 -9.472720394826106283e-01 -3.102043034163255997e-01 4.346908431750583224e-02 2.271640173940450980e-01 2.761268823757363072e-02 -4.261334099206010723e-02 -1.765683937273386517e-01 2.153788117130975566e-01 9.754156614089021238e-02 4.855205234349214971e-02 -8.942466023929003527e-02 -7.192826926211208505e-02 1.186065018159258716e-01 -3.824045087709423280e-02 -2.843021317108839763e-01
7.869561979011763242e-02 2.472662219875272280e-02 -6.036571747890027290e-02 4.480043664165796885e-02 -4.331107763841185454e-01 7.709315139179304111e-02 9.571843317800525497e-02 -9.437390060175168682e-02 -4.398415352433227010e-02 -1.493380317863963747e-01 -5.816064382813122130e-02 2.083508549815509259e-01 1.740992391154942698e-01 -5.721451597692697733e-02 1.215509518617553381e-01 7.947399334006050031e-02 -2.025259246213816644e-01 -4.097825243883503055e-02 -1.931137954186702005e-02 2.928158834271027411e-01 1.814936213336323656e-01 2.040789167312336561e-01 -1.399006636285240024e+00 4.101820877015286970e-01 7.009616096808482411e+00 3.429807002437081920e-01 -1.104004835909151216e+00 1.964073222116903272e-01 -4.392299849478139562e-01 6.147492168037278076e-02 2.335280083691720562e-02 5.504371066431130999e-02 -5.332988296847780418e-01 1.788360937760939684e-01 7.293071140841081434e-02 -3.938465365027138398e-02 1.447145749046674368e-01 2.227294552235683026e-02 1.174284965754309323e-01 -3.260266860756764334e-02
-4.462060924886532970e-02 3.228320027703287382e-02 7.590086901943468925e-03 -1.206087837832840459e-01 -1.187401882597819841e-01 2.034889461706645419e-01 -1.021448835519087328e-01 1.660509427014582665e-02 8.429924469861556358e-02 3.024974780298440580e-01 2.639665442294316655e-01 -2.187125189018556959e-01 2.898763102281317616e-01 1.946728500469518952e-01 1.725795255449712740e-01 -2.600653993434786093e-01 -1.522173311356658509e-01 -5.368128276243106650e-02 -9.084665345072628906e-02 3.952134610150996874e-01 -3.189714828968808757e-01 -2.472013277719968816e-01 9.933696276503299616e-02 -9.472720394826106283e-01 3.429807002437081920e-01 6.103689905229950696e+00 4.820219277926909851e-01 -8.863005682151681164e-01 -2.515433275121539691e-01 -3.117072893670177168e-03 3.009224428288518882e-01 -3.471560302361739736e-02 -2.089651624471730307e-01 3.099795197594576793e-02 1.792213844541715173e-02 2.309656567085426049e-01 5.641681403410155060e-03 -2.230261190587959352e-01 1.341248339014980695e-01 1.425237919516269824e-01
5.900976061550856216e-02 1.507004020325987403e-01 1.594467127884933444e-01 4.011551094642974713e-02 1.208154612370278547e-01 -1.803075619642403871e-02 -1.629692716053688095e-01 9.926552959526568909e-02 5.019609967654422578e-01 -4.766713731904553136e-02 -2.595647431422138385e-01 -1.716946265144110584e-01 2.094991748100633877e-01 1.934436025984574703e-01 -5.524204312552446344e-02 -1.959444989348363975e-01 -2.304558975585166078e-02 -8.328652676116299336e-02 -1.961333957534395767e-01 2.990036691748215389e-02 -2.804621183105105997e-01 9.513844935057769181e-02 -1.194947530673364094e-01 -3.102043034163255997e-01 -1.104004835909151216e+00 4.820219277926909851e-01 6.948462262772600262e+00 1.169924866396638619e+00 -1.443705865899949758e+00 -8.702455152501559210e-02 2.157786108882094600e-01 -1.076421087917062702e-01 -2.138689158496994910e-02 2.222511398770099234e-01 8.873401710775699613e-02 -1.104413739043043491e-01 -1.108256973478232849e-01 6.749172242082371320e-02 -2.348557193003573268e-02 7.463334260323599553e-04
2.105618078076042510e-01 2.669413967335251270e-01 4.218997421240076873e-02 2.961247446711471817e-02 -2.175061294691919833e-01 -8.827109075818169448e-02 -2.522276403094297903e-02 1.005531095810357073e-01 -8.739395843523313501e-02 3.181666111408720105e-02 -1.650388519558619038e-01 -2.808558422540365362e-01 1.757377547675908203e-01 -2.169102196669866339e-02 -6.363080509988360001e-02 2.672603358489679670e-01 7.230412998975073446e-02 -1.787997143559789393e-01 -3.564586857953533361e-02 6.619112582316373505e-02 1.520040204910531600e-01 -6.693038784890033288e-02 1.869458721653987354e-01 4.346908431750583224e-02 1.964073222116903272e-01 -8.863005682151681164e-01 1.169924866396638619e+00 6.283494744620356620e+00 -2.026492852074083806e-01 -1.480091302921015206e+00 3.800138059029892212e-01 6.036908672024916302e-03 1.713366514400842255e-01 2.199940169190478176e-02 -1.419160077311479862e-01 -3.584700800877041460e-01 9.914308156487548762e-02 1.121262879649367467e-01 -4.638074768781832308e-02 -3.123396210177886712e-01
-2.648671746387643022e-01 -7.191062334660625055e-02 -1.575490879075631956e-01 2.456244992494018703e-02 1.921850785728613370e-02 -1.561472335907244935e-01 6.016443828628832008e-02 -1.219906271140541731e-01 -1.504824141960797446e-01 1.339130215379970568e-01 2.626414803837375661e-03 -1.917028302187344657e-01 -5.173425920047206583e-01 -1.105210644082535616e-02 -9.808315683262595897e-02 1.896509436943780436e-01 -7.564253264309184210e-02 -8.052410311065158477e-02 1.847730835725515386e-01 4.152719905492775060e-02 -1.803620084086945685e-01 7.781720581388220336e-03 3.039651468605763518e-01 2.271640173940450980e-01 -4.392299849478139562e-01 -2.515433275121539691e-01 -1.443705865899949758e+00 -2.026492852074083806e-01 6.728704214694095853e+00 6.677220076486400924e-01 -1.244682795367247463e+00 -1.584802865185687137e-01 9.754323436981604534e-02 4.926559878967977021e-03 -2.228345062586887804e-01 3.503872619760992624e-01 1.756455831538145940e-01 1.705826783695810200e-01 -1.089259170226207322e-02 -1.256696248156307927e-01
-2.501829691066482231e-01 -1.804858576550664173e-01 -3.656073121660558672e-02 2.223464688130224326e-02 -9.671582054736428680e-03 1.166928734434884672e-02 5.989079907159722271e-02 -1.355817134615766584e-02 -1.980810551632423977e-01 -3.376876724797923113e-01 1.070455818369344010e-02 -2.281143146041370029e-01 -1.600833732475701043e-01 2.450742351448839951e-01 4.782496214590183786e-02 -1.777375590753421108e-01 -3.352944573757525581e-02 -7.165113860405652839e-03 -4.692480284977103289e-02 1.014882773983244030e-01 -2.111688924361893316e-01 -1.799307521695627521e-01 -1.769779271158355635e-02 2.761268823757363072e-02 6.147492168037278076e-02 -3.117072893670177168e-03 -8.702455152501559210e-02 -1.480091302921015206e+00 6.677220076486400924e-01 6.558926569774196302e+00 4.083089872804714915e-01 -7.833459101455899631e-01 -8.163838315580694838e-01 1.179409528869928420e-02 3.761413216693701989e-01 2.642950733725611956e-01 -2.002474234707380674e-01 -5.024671304138354777e-02 1.839517430118669250e-01 1.127809546232025062e-01
-1.528603768770548342e-02 -3.870960564067550957e-01 1.264204062715224008e-01 1.017507067720770930e-01 3.634373174694877778e-02 3.727272046907632169e-02 5.892596643250244681e-02 -1.160043817233161745e-01 1.691964208903947164e-01 -1.439077033229189118e-01 -4.019238249110106825e-02 -6.461603550468335289e-02 -1.456726411411360667e-01 -1.640647762360856743e-01 -1.184275622266153238e-01 -1.443012094842155146e-01 -6.204032917715315799e-04 -1.006690231533825808e-01 -3.973567294442994502e-01 1.774953109214515851e-02 1.306830967604852844e-01 -5.670722814817042573e-02 -2.413357148217055714e-01 -4.261334099206010723e-02 2.335280083691720562e-02 3.009224428288518882e-01 2.157786108882094600e-01 3.800138059029892212e-01 -1.244682795367247463e+00 4.083089872804714915e-01 6.345924146964261325e+00 8.383562863087812289e-01 -1.764331549659836185e+00 -2.595748965117529103e-02 1.900615142121373502e-01 -5.236905641933304462e-02 -4.114704699924477405e-01 -5.789730795060904489e-02 9.892218561192715753e-02 8.312479848281535688e-02
-5.933237598735943696e-02 -3.410046262743425816e-01 -5.790615822387963629e-02 1.673263013033376989e-01 2.066982877239864902e-01 -1.647948188124590818e-01 -9.077880275681587952e-02 -2.703781091758301058e-01 -2.383451338538811470e-01 6.846458705698335589e-02 1.937486208272753974e-01 3.184831464577656673e-02 -1.517367123070371415e-01 -8.230996643055646378e-02 1.508983072982787443e-01 3.448359726280244009e-01 1.132055565847476207e-02 -3.224446606295662265e-01 -4.666588090591548138e-02 -2.422010065384143374e-02 3.152354000918436983e-01 -6.462500781292866703e-02 -4.274996577137514242e-01 -1.765683937273386517e-01 5.504371066431130999e-02 -3.471560302361739736e-02 -1.076421087917062702e-01 6.036908672024916302e-03 -1.584802865185687137e-01 -7.833459101455899631e-01 8.383562863087812289e-01 6.929838459765663039e+00 2.344625385601317169e-01 -1.115274988321423466e+00 1.143534683900363121e-02 -1.951875485756436046e-01 -7.831235151925076965e-02 2.935739392451510235e-02 -1.348365936128161080e-02 4.158672185407819022e-02
9.703355125619000932e-02 3.329435901681204180e-01 3.186410714968998525e-01 -8.339661588083983890e-02 2.912631025859719128e-02 5.243157196590481073e-02 -9.066225090682916710e-02 -8.900723812527232270e-02 -5.232827184291763412e-02 -6.258593854654657951e-02 -7.446715406700932238e-02 -2.845823804567510287e-02 2.066273970856832010e-01 5.813742619016124685e-02 -9.210182725414148286e-02 -2.366415942302576569e-01 5.402197956804277723e-02 1.724091547702189531e-01 1.382444267776912483e-01 -2.354541649359875310e-01 2.547797030109257618e-03 -2.860427629428221596e-01 4.330402147306195992e-01 2.153788117130975566e-01 -5.332988296847780418e-01 -2.089651624471730307e-01 -2.138689158496994910e-02 1.713366514400842255e-01 9.754323436981604534e-02 -8.163838315580694838e-01 -1.764331549659836185e+00 2.344625385601317169e-01 7.702419278160229865e+00 9.869819131555598313e-01 -1.639268312409380979e+00 -6.973993726070034649e-01 3.845033324913815775e-01 1.939966672773331680e-01 -3.131508005690611940e-01 -2.659631606534064718e-01
-9.559722370185297358e-02 2.633185622634646728e-01 8.266061165152387147e-02 1.328176646204116407e-01 8.206765546097601061e-02 1.343959098880749548e-01 -5.266392775601488885e-02 -9.388946102623668688e-02 -1.025589959359599762e-02 5.562322007530101642e-01 2.648803661729240075e-02 -1.935403405842872071e-01 -8.712935950683213526e-02 -1.081932696844649378e-01 1.530709293609843480e-01 -2.383905674396459909e-02 -2.024635204975513414e-01 -7.617162077087126851e-03 -2.529659675661915727e-02 5.382039531675630872e-02 -1.623312641349797802e-01 -2.541816646268103552e-01 5.121995573513765665e-02 9.754156614089021238e-02 1.788360937760939684e-01 3.099795197594576793e-02 2.222511398770099234e-01 2.199940169190478176e-02 4.926559878967977021e-03 1.179409528869928420e-02 -2.595748965117529103e-02 -1.115274988321423466e+00 9.869819131555598313e-01 6.642227235541071195e+00 1.273211048624529329e-01 -1.972446169931817650e+00 6.092050340412289433e-01 2.475690540295420461e-01 -2.268836599525199393e-01 -5.953539872452021792e-02
2.328847857673087551e-01 -7.237452950039034716e-02 -5.387850906228495995e-02 1.230462409742071328e-01 1.485466693242142033e-01 -1.821764461045942141e-01 2.505284117180191505e-01 4.631109970535914055e-02 6.770647755221717579e-02 1.150209493392898297e-01 3.366613905514178034e-03 -1.675609677511815665e-01 1.796765693347270598e-01 2.304660319121610845e-01 -1.837127335413827611e-01 -1.462917955192720165e-01 8.849476849840141879e-02 2.036344536597186339e-01 9.883165176815492114e-02 6.142451944525273433e-02 5.629351039300746484e-02 -8.478688868439217263e-02 -1.441380287774025604e-01 4.855205234349214971e-02 7.293071140841081434e-02 1.792213844541715173e-02 8.873401710775699613e-02 -1.419160077311479862e-01 -2.228345062586887804e-01 3.761413216693701989e-01 1.900615142121373502e-01 1.143534683900363121e-02 -1.639268312409380979e+00 1.273211048624529329e-01 6.822628243202642828e+00 7.669934500944872724e-01 -1.169356916217179743e+00 1.110776605858412348e-02 -4.363680590586979657e-01 6.669012396652083952e-02
2.705919513326506074e-03 -8.676942334307903570e-02 -1.828854904706969098e-01 -1.068691767360232248e-01 -4.794813781090167398e-02 6.813206871527059671e-02 2.506641236358299607e-01 1.958765065333598898e-01 -8.744526470667982748e-03 1.417804487745897082e-02 -2.576236665386527278e-02 6.349777634700448647e-02 2.559790330347525567e-01 7.256648825127406943e-02 1.422184051528252620e-02 -1.072570150128571431e-01 2.608680072854335785e-01 6.849463492415741594e-02 1.578563071319929734e-01 2.552388029981364492e-01 2.932945110291219626e-01 1.467037537229281541e-01 -1.644838640529496521e-01 -8.942466023929003527e-02 -3.938465365027138398e-02 2.309656567085426049e-01 -1.104413739043043491e-01 -3.584700800877041460e-01 3.503872619760992624e-01 2.642950733725611956e-01 -5.236905641933304462e-02 -1.951875485756436046e-01 -6.973993726070034649e-01 -1.972446169931817650e+00 7.669934500944872724e-01 6.376811423839994220e+00 5.030809361937236927e-03 -7.979049264637287919e-01 -1.657473202392892309e-02 -5.764741237075823865e-02
2.434992875852556166e-02 -9.694084053224551190e-02 -2.754144655296550392e-01 4.310072209669193327e-02 1.970497646316356644e-03 1.876083686355075122e-02 1.301071632354421082e-01 -2.011168952989067504e-01 -3.541610837964003222e-01 1.441327902051862120e-01 1.485459997362455209e-01 2.051406421251688872e-01 -6.856752366897063411e-02 5.717437030626027622e-02 8.277291541130826769e-02 -2.073279860859922330e-01 1.824381481980528324e-03 -1.058666099002320560e-01 2.520114592714786661e-01 -2.788081850032071429e-01 1.126147104295981832e-01 -3.039790818654821911e-02 1.111623175591009045e-02 -7.192826926211208505e-02 1.447145749046674368e-01 5.641681403410155060e-03 -1.108256973478232849e-01 9.914308156487548762e-02 1.756455831538145940e-01 -2.002474234707380674e-01 -4.114704699924477405e-01 -7.831235151925076965e-02 3.845033324913815775e-01 6.092050340412289433e-01 -1.169356916217179743e+00 5.030809361937236927e-03 6.533734936143599015e+00 8.151410151017443040e-01 -1.559646076184139529e+00 1.240245055305265187e-01
-4.508408748474700134e-02 1.171530596325092433e-01 1.552143174509842960e-01 -4.383070168336163086e-02 4.282634667376967325e-02 -1.341288616671998946e-01 -3.037901723511175767e-02 1.655790717329625461e-01 -1.531280936500104550e-01 -3.145848395214007054e-02 -7.884221496068737588e-04 2.527410234449170914e-03 -2.468163721123395327e-01 -2.619293169067295479e-01 1.272120638010216798e-01 6.051124949688508475e-02 2.086094886479266108e-01 -2.443274418428256489e-01 -2.426712727766375255e-01 -1.918057241771168042e-01 1.312498710145986180e-01 -1.219999676399753374e-01 -2.909640420188838728e-01 1.186065018159258716e-01 2.227294552235683026e-02 -2.230261190587959352e-01 6.749172242082371320e-02 1.121262879649367467e-01 1.705826783695810200e-01 -5.024671304138354777e-02 -5.789730795060904489e-02 2.935739392451510235e-02 1.939966672773331680e-01 2.475690540295420461e-01 1.110776605858412348e-02 -7.979049264637287919e-01 8.151410151017443040e-01 6.669025444972079164e+00 1.444069278053569938e-01 -1.292738819631501279e+00
-1.236738528995421360e+00 -7.265988005413377415e-01 9.222937395127195348e-02 2.320489789227550281e-01 -1.793263308082292118e-01 3.973188435152498477e-02 9.070136195539381385e-02 1.230984437183764851e-01 -1.442258679195863036e-01 -7.178978042513232960e-02 3.049131206714155717e-01 -9.878738366912867552e-02 2.713809313344564197e-02 3.963921806712916718e-02 1.106615795162225746e-01 3.057325513853609289e-02 -8.293482536718475677e-04 5.063885172332707046e-02 -9.686725400510680373e-02 -3.196078775595001531e-02 -5.967194984425525789e-03 6.488115597510540900e-02 -1.567779590924505417e-01 -3.824045087709423280e-02 1.174284965754309323e-01 1.341248339014980695e-01 -2.348557193003573268e-02 -4.638074768781832308e-02 -1.089259170226207322e-02 1.839517430118669250e-01 9.892218561192715753e-02 -1.348365936128161080e-02 -3.131508005690611940e-01 -2.268836599525199393e-01 -4.363680590586979657e-01 -1.657473202392892309e-02 -1.559646076184139529e+00 1.444069278053569938e-01 6.645457401989366630e+00 4.815566863397373609e-01
