1.057142612174542151e+01 7.759712681201821338e-01 -2.410487704219189897e+00 -8.624625174805979899e-01 -5.828564289144107929e-02 1.872413030398935585e-01 2.615855794294652537e-01 4.235851445882662936e-02 -1.612025804182711519e-01 -2.737133584295821653e-01 -2.392312258083984511e-01 1.001784920441330280e-02 1.615318208706450348e-02 4.220152644457345059e-01 -2.045155473664606038e-01 7.409151265668117992e-02 -1.460250868110841704e-01 1.343171494944797872e-01 1.052589045801769707e+00 8.488877731845953512e-02 1.559839142162465497e-01 -5.408183828435290108e-01 1.767146101664027746e-01 -1.452338479427878748e-01 -1.499401969258915002e-01 -1.085298312820275057e-01 -3.956661640905164701e-01 1.793113869322885412e-01 2.585145195224494707e-01 1.095750730301005005e+00 6.820707145805556502e-03 -5.220386258386835454e-01 -5.210295305110747011e-01 -3.367996397213702808e-01 7.648881770066675578e-01 1.031865830091162756e-01 -1.019361692446043577e+00 -2.167238457517388361e-01 -2.264405626088560552e+00 1.167687960596795055e-01
7.759712681201821338e-01 8.952343489702746737e+00 8.715787766382088186e-01 -2.202507151593168455e+00 -1.089429071653005510e+00 -8.411673002898172047e-02 6.840474107564928907e-01 1.387612157251980616e-01 -1.231631838465958362e+00 -3.755252776965596340e-01 2.272533308792556717e-01 6.321706853714503804e-01 1.640848954809195070e-01 9.880458465398256340e-02 -2.351833115743836855e-01 3.225963222584614098e-01 -1.544601152125924803e-01 -2.988175595962428432e-01 1.037663575648042485e-01 3.237089732383733320e-01 9.397184476125125530e-01 -2.437764721829168424e-01 -4.363969553157205916e-01 -1.239472575177111013e-01 -2.492210759473077741e-01 1.854835258086862809e-02 1.203276534390458792e-02 1.753985533676338526e-01 -2.704153582426901958e-01 4.376227442446152804e-01 1.194650257737418231e-01 3.143819040675908671e-01 1.022733729365450372e-01 -6.982402373090955683e-01 -1.871212630723631254e-01 2.258804935087704857e-01 -7.406466908893728773e-02 -2.824528386442959685e-02 -1.253387400750323621e+00 -1.927161325721129304e+00
-2.410487704219189897e+00 8.715787766382088186e-01 8.214368120340729718e+00 2.238291788537944693e-01 -2.278242163126046993e+00 -1.130376240745070565e-01 2.073145466856186614e-01 1.005444130987924511e+00 -1.397047092870144780e-01 -4.336547136990227536e-01 -5.229165762289503250e-02 -4.494416283756016289e-02 -1.236398410534843006e-01 -1.328666122875928612e-01 1.667858095313683175e-01 -1.106147106467684493e-01 -1.288381483155723872e-01 -2.825406411957274710e-01 -4.433140254600987373e-01 2.853451159796629999e-01 1.047144748093972039e-01 8.136089227986385009e-01 -1.769401198481696524e-01 -3.165382876812038448e-01 -4.619730150505703126e-01 1.879679840632932641e-01 5.746539353246122861e-01 -2.415066096436996324e-01 -7.333447269043621985e-02 -3.002306427437653746e-01 2.427812819075815809e-01 2.075934321436097019e-01 2.002983186451831044e-01 1.567300409407102260e-02 -5.408241430980447184e-01 1.612018503337669939e-01 1.188004735969657999e-01 -8.516891998476400910e-03 6.092776574210447688e-03 -1.163527606964648853e-01
-8.624625174805979899e-01 -2.202507151593168455e+00 2.238291788537944693e-01 8.147066294235866479e+00 2.067734385348195258e-01 -1.351976517764670760e+00 -5.034589128129609570e-01 -2.807422841762080568e-01 1.231236370767566368e-01 -3.451628126286692133e-01 -7.165151830400630362e-02 5.055804333870173028e-01 -4.241524370737397298e-01 -3.599440436596910708e-01 2.681855693868666624e-01 -3.389284976228940788e-02 -2.283497708436960094e-01 3.001991454723490493e-01 -4.186542991036712458e-01 -1.717052618823126930e-01 5.361665440354763945e-02 3.466666658077091623e-01 -7.726782500850071234e-02 -3.626754327871214434e-01 3.155412249310817208e-01 8.171705465832695969e-02 1.677802041656325516e-01 -2.477577500884026451e-01 -3.529043289522021398e-02 -4.916471573447495080e-01 2.250965786333993246e-01 5.786667628693753507e-01 2.146437726118775868e-02 1.003272940330806190e-01 5.038961899794626165e-01 -8.198371289684253105e-02 1.025088949014671541e-01 -6.556105079832232063e-02 9.460548086755997677e-01 -1.270507532355872882e-01
-5.828564289144107929e-02 -1.089429071653005510e+00 -2.278242163126046993e+00 2.067734385348195258e-01 8.834405274039603739e+00 2.421199318755245800e-01 -1.151030271394616333e+00 -8.648309587552581723e-01 -1.539837856296212004e-01 3.190104338977327036e-01 -1.779198722203870209e-01 -7.094951984435909909e-01 -1.221225953703058420e-01 6.624765430606096572e-01 5.988002402396085389e-01 -4.529859354086361589e-02 -3.753595915335897759e-01 -1.914418351912681726e-01 4.003493335430458044e-01 -2.148466418462147490e-02 -5.267907496497479247e-01 -7.543114639758287110e-01 -1.159206143114969306e-01 3.975802637585966748e-01 -7.633498894946800784e-01 -2.266369863910464855e-01 -5.025750920663013543e-01 -4.654550441165100083e-01 8.971294398109614932e-01 1.723670643300229954e-01 -1.641420330600403266e-01 -4.278192831135103069e-01 -2.563993031513375764e-01 -4.254226443543887015e-01 -7.550092388895655870e-02 7.631579159249270161e-02 3.011410442899534190e-01 5.820379634080361658e-03 4.448542006806668067e-04 4.297450113786611681e-01
1.872413030398935585e-01 -8.411673002898172047e-02 -1.130376240745070565e-01 -1.351976517764670760e+00 2.421199318755245800e-01 8.699305543113302619e+00 1.099070593121594497e+00 -1.472926991680460596e+00 -6.684026038678334558e-01 -7.273039548081893235e-01 3.058443169318767474e-01 -1.832602581397941854e-01 6.585992831217803503e-03 7.368503299679529661e-02 -4.143463158918145317e-01 2.256538682860131373e-01 -5.509853289931460063e-01 -1.062855696247492071e-01 2.176533557276563724e-01 2.908229583090287673e-01 6.536569931182363569e-02 -1.270895110680836937e-01 -5.756403660283758716e-01 -1.683297313590413069e-01 -5.566751826282841931e-01 1.605117645928095804e-01 -9.291969834967239716e-02 -4.045285076897080501e-01 -4.851944524873482573e-02 -9.371118454376228812e-03 8.953339762100802346e-02 -8.723831152387995225e-01 -2.654070306735218931e-01 8.244044278501454492e-01 5.322679853828065077e-01 -1.951094616902653012e-01 -4.063928101798539028e-02 -3.220387956786825434e-01 -4.032689403728082628e-02 4.123973641341283636e-01
2.615855794294652537e-01 6.840474107564928907e-01 2.073145466856186614e-01 -5.034589128129609570e-01 -1.151030271394616333e+00 1.099070593121594497e+00 8.825527035551891331e+00 9.826399629983600947e-01 -2.559503117644573056e+00 -4.895170589920679327e-01 1.388230360185356560e-01 5.536109038163958967e-02 1.265833098838688164e-03 -5.726966441374129607e-02 -7.817082196866836918e-01 4.320468387547954370e-01 2.581945001189936972e-01 2.021604581710647885e-01 2.919517236695712281e-01 -1.960881411543498598e-01 -3.592829051939744334e-01 -1.418414596863829813e-01 -3.900115130943977021e-02 -2.298224583513531205e-01 -2.282377091750959486e-01 -2.949968386474625254e-02 3.497376157762950855e-01 2.161301609374094990e-01 -2.750001880213864824e-01 -2.863093840998497119e-02 8.928819215185820890e-02 -8.173050092897256313e-02 -2.457019749481506310e-01 -6.214488759724620115e-01 1.710541821702697973e-01 -4.560007986567544691e-01 -2.197979769916023618e-01 -1.001538116570747650e-01 3.783313778224918211e-01 -9.222502786093092486e-02
4.235851445882662936e-02 1.387612157251980616e-01 1.005444130987924511e+00 -2.807422841762080568e-01 -8.648309587552581723e-01 -1.472926991680460596e+00 9.826399629983600947e-01 1.122925855218661795e+01 1.105842609783289188e+00 -2.661120214469757439e+00 -1.442467865639559976e+00 -3.928960916736782827e-01 7.246356469109150877e-01 2.073740399627067854e-01 -8.115636282888428754e-01 -2.401653896220416473e-01 6.297100990767995343e-01 -6.575525502761553343e-02 2.284821787032754181e-01 -9.368123635238205515e-02 1.884106000886393573e-01 2.311223052089675933e-01 3.955516787667851530e-01 -8.983065141109169982e-02 -1.253225002827369761e-01 2.669894756030731231e-01 -2.385784010880211692e-01 1.717447197291291361e-01 1.745765513073665176e-01 -3.168625187858770120e-02 -4.801699433211433776e-01 -3.477205382607216344e-01 -3.663579603661753503e-01 -1.955301800120738398e-01 -8.914144733438756907e-01 -2.595627202948224133e-01 -2.496180711503314942e-01 -1.018793959287582207e-01 -2.500159552195477253e-02 2.205384418037528160e-01
-1.612025804182711519e-01 -1.231631838465958362e+00 -1.397047092870144780e-01 1.231236370767566368e-01 -1.539837856296212004e-01 -6.684026038678334558e-01 -2.559503117644573056e+00 1.105842609783289188e+00 1.074467060346090364e+01 8.026605698448020521e-01 -1.998424793627796792e+00 -5.609719069709129258e-01 -3.667119152837721163e-01 9.079801692727595963e-01 5.750132110666411611e-01 -2.623560577286311313e-01 1.829736268499326246e-01 2.939510839088504413e-01 1.092188856296217869e-01 -1.284629433791270869e-01 -6.102549682609916815e-01 2.996860622183607492e-01 6.874821813434447426e-01 2.337421125027563940e-01 -3.055726063630188616e-01 2.469072655124314730e-01 5.636679590713844501e-02 -1.157524698200655816e-01 3.819495922236370022e-01 1.053525117777203562e-02 2.003847070884259493e-02 2.767301219922250199e-01 -4.020635954006187007e-01 7.515174123778120552e-02 -1.947085988813731378e-02 1.771520480241645379e-01 4.998449453930661757e-01 -3.714570691513071621e-01 3.330876885837309731e-02 -2.256667590641549537e-01
-2.737133584295821653e-01 -3.755252776965596340e-01 -4.336547136990227536e-01 -3.451628126286692133e-01 3.190104338977327036e-01 -7.273039548081893235e-01 -4.895170589920679327e-01 -2.661120214469757439e+00 8.026605698448020521e-01 1.094775297097523215e+01 5.568273432091010167e-02 -2.352885934995575745e+00 -5.348800316361123075e-01 -1.029232854047397866e-01 7.862274758621636828e-01 1.675747483072871358e-01 1.999530231886559872e-01 -8.367356595245069029e-01 4.826533776441126466e-01 2.744532113497921699e-01 -2.868653997895275753e-01 3.708660139970066938e-01 2.730067592869500070e-01 6.271725231861360883e-02 1.157726266806149429e-01 -7.221094127652680772e-01 -1.850525531218996655e-01 3.575965973370181517e-01 1.985261731106488514e-01 -6.180520583841285498e-02 -2.143741978587137831e-01 -1.022053626551278210e-01 -5.974453813342356151e-04 2.124214012730396301e-03 -2.117158286037276460e-01 4.999271603116793306e-01 8.255614253162584237e-01 2.126098324663451278e-01 1.560472261991597553e-01 -3.790432834907939696e-01
-2.392312258083984511e-01 2.272533308792556717e-01 -5.229165762289503250e-02 -7.165151830400630362e-02 -1.779198722203870209e-01 3.058443169318767474e-01 1.388230360185356560e-01 -1.442467865639559976e+00 -1.998424793627796792e+00 5.568273432091010167e-02 1.172982055445409699e+01 1.255759500880683888e+00 -2.188353705093763146e+00 -1.841195903840349368e+00 7.228297146070915280e-02 1.459981492407416592e+00 6.361044087006926251e-01 -2.928103658733799408e-01 -2.518251108765054425e-01 3.729648687715335642e-01 1.186685544294642340e-02 6.430431383274783919e-01 1.620226603810702992e-01 -7.023605796449611249e-02 8.227302656114648949e-01 -3.863905709265779143e-01 -3.240744946487701394e-01 2.481696041557078236e-01 -1.331348704639704339e-01 4.670894936732413599e-02 4.003109865569064452e-01 2.480448017354882351e-01 1.302207889762525272e-01 1.123592607060923676e-01 -5.012850948395121131e-01 -4.186439318217008432e-02 -3.060517180380679103e-01 2.068826092329067445e-01 -3.164156464941119684e-01 3.029669043495781811e-01
1.001784920441330280e-02 6.321706853714503804e-01 -4.494416283756016289e-02 5.055804333870173028e-01 -7.094951984435909909e-01 -1.832602581397941854e-01 5.536109038163958967e-02 -3.928960916736782827e-01 -5.609719069709129258e-01 -2.352885934995575745e+00 1.255759500880683888e+00 9.397840992090563006e+00 4.923408008457564877e-01 -2.072663552099103690e+00 -4.177977906675732211e-01 -5.244202717461989016e-02 1.540026109201515225e-01 9.540771801444283273e-01 -2.939120131402361280e-01 -5.553390885532001331e-01 -5.641937422385870371e-02 -1.666733213972142191e-01 3.380299733215140767e-01 1.851991722057568235e-01 -2.378663071796533746e-01 1.650408821810974980e-01 1.192864798808787874e-01 1.170536385181911304e-01 -3.582460171117355929e-01 -6.551820043150351491e-01 6.572983958645615965e-02 3.385825247633054147e-01 1.923509104623501165e-02 2.867363016361069716e-01 -3.477364417821465215e-01 -5.864650823571605498e-01 -5.246520185069616371e-01 5.559618228077742863e-01 -6.170632978309779221e-02 -2.211043783423932430e-01
1.615318208706450348e-02 1.640848954809195070e-01 -1.236398410534843006e-01 -4.241524370737397298e-01 -1.221225953703058420e-01 6.585992831217803503e-03 1.265833098838688164e-03 7.246356469109150877e-01 -3.667119152837721163e-01 -5.348800316361123075e-01 -2.188353705093763146e+00 4.923408008457564877e-01 9.626034851639523993e+00 1.902504204008124977e-01 -2.043270941781911265e+00 -2.823288749048135093e-01 -3.907587503825481479e-01 7.099682816507988381e-01 3.598703274140717112e-01 -3.026111967296380989e-01 3.519396765816925482e-02 -3.084154329663536531e-01 -2.381840514325716807e-01 -9.681662669349110073e-02 6.236856144845057681e-01 3.944233279101769241e-01 -5.498203449416757538e-01 -3.264658313797012545e-01 4.080908651205592541e-01 1.169817873875116099e-01 3.029863904811927813e-02 -5.066669280771364248e-01 -4.615525322301525790e-01 4.288820383075365172e-01 3.936512106634145747e-01 2.936860191433447453e-01 -5.283282736026505555e-01 2.185221290887885970e-01 -1.589973085559128196e-01 6.362696467126621735e-01
4.220152644457345059e-01 9.880458465398256340e-02 -1.328666122875928612e-01 -3.599440436596910708e-01 6.624765430606096572e-01 7.368503299679529661e-02 -5.726966441374129607e-02 2.073740399627067854e-01 9.079801692727595963e-01 -1.029232854047397866e-01 -1.841195903840349368e+00 -2.072663552099103690e+00 1.902504204008124977e-01 1.048676365637452434e+01 4.503229265465333309e-01 -1.655822017320823569e+00 -1.004131450938186898e+00 -2.472949285271639625e-02 5.821636211890041102e-01 2.032826900925101543e-01 -4.307119747854019076e-01 -2.789504551226435532e-03 1.799306885409603651e-01 3.789466825167612241e-01 -7.302514152184356178e-01 -1.036452206901220530e+00 3.571549656975583353e-01 -3.750796142385829923e-01 -2.434204246467229840e-02 1.180471465329754194e-01 -5.639843544952895943e-02 2.407259872962848601e-01 5.946485310276390657e-02 -7.584936687123229604e-02 2.934493285335380564e-01 -1.875488802632585827e-01 4.829812621415868201e-01 -5.040718591256934666e-02 -4.027867612403374098e-01 -1.621649728508537114e-01
-2.045155473664606038e-01 -2.351833115743836855e-01 1.667858095313683175e-01 2.681855693868666624e-01 5.988002402396085389e-01 -4.143463158918145317e-01 -7.817082196866836918e-01 -8.115636282888428754e-01 5.750132110666411611e-01 7.862274758621636828e-01 7.228297146070915280e-02 -4.177977906675732211e-01 -2.043270941781911265e+00 4.503229265465333309e-01 9.682646114145796901e+00 3.126330958188303089e-01 -1.923861610929816335e+00 -1.686676308449031270e+00 1.803286211026545668e-02 1.110107935504156540e+00 4.255507012085167351e-01 -5.469694778822480341e-01 -4.552358844599770082e-02 1.453208807038720018e-01 3.156281339064384572e-01 4.238060934610249908e-01 -2.461485756673189029e-01 -9.118200437696984961e-01 -3.017684221583191162e-01 5.456645441226426474e-01 5.110855868228747489e-01 2.897541112903627147e-01 3.591998879364814712e-02 -5.152165772975673269e-02 2.799573438472174880e-01 -9.272384161707653005e-02 5.671066933819193245e-01 -2.747974158935714839e-01 1.207206784490591905e-01 1.192693152624256653e-01
7.409151265668117992e-02 3.225963222584614098e-01 -1.106147106467684493e-01 -3.389284976228940788e-02 -4.529859354086361589e-02 2.256538682860131373e-01 4.320468387547954370e-01 -2.401653896220416473e-01 -2.623560577286311313e-01 1.675747483072871358e-01 1.459981492407416592e+00 -5.244202717461989016e-02 -2.823288749048135093e-01 -1.655822017320823569e+00 3.126330958188303089e-01 9.780077301955468982e+00 8.358410479568806339e-01 -1.750951644117214601e+00 -3.503340009481146766e-01 8.779337108150284119e-02 3.770477884271680180e-01 7.095238404762112261e-02 -1.576021530912011526e-01 -2.569481905175632352e-01 -1.920602932263377749e-01 2.108770164533438352e-01 -3.558585277013801007e-01 -1.364148581529827375e-01 1.297201927611960071e-01 1.882542578322621840e-01 -1.829777695465604481e-01 3.518562264790134342e-01 2.080589293481526214e-01 1.295257610432007378e-01 2.079633608462359007e-01 1.000890921130639155e+00 2.184442863451092065e-01 1.607412434024668713e-01 -7.695618318308221628e-01 -1.726127895483995506e-02
-1.460250868110841704e-01 -1.544601152125924803e-01 -1.288381483155723872e-01 -2.283497708436960094e-01 -3.753595915335897759e-01 -5.509853289931460063e-01 2.581945001189936972e-01 6.297100990767995343e-01 1.829736268499326246e-01 1.999530231886559872e-01 6.361044087006926251e-01 1.540026109201515225e-01 -3.907587503825481479e-01 -1.004131450938186898e+00 -1.923861610929816335e+00 8.358410479568806339e-01 9.533735387819167073e+00 9.063992474806522592e-01 -1.574804391149022820e+00 -1.728553663829765386e+00 -9.701500491585143826e-02 6.785989039410769141e-01 3.667728542672647474e-01 2.583374191512654572e-01 2.836226387504097238e-02 1.266501269226036341e-01 1.172892760415860103e-01 4.345927007518179952e-01 -3.681201042454923522e-01 -3.013118200143531378e-01 -2.479387038387967646e-01 -3.739755321087784301e-02 -3.755113588050401074e-01 2.179938282981574438e-01 -7.804038874796113134e-01 5.752480175245030525e-01 4.414903185006011782e-02 4.031103022482561693e-01 4.673648359367691962e-01 -1.596380944437413851e-01
1.343171494944797872e-01 -2.988175595962428432e-01 -2.825406411957274710e-01 3.001991454723490493e-01 -1.914418351912681726e-01 -1.062855696247492071e-01 2.021604581710647885e-01 -6.575525502761553343e-02 2.939510839088504413e-01 -8.367356595245069029e-01 -2.928103658733799408e-01 9.540771801444283273e-01 7.099682816507988381e-01 -2.472949285271639625e-02 -1.686676308449031270e+00 -1.750951644117214601e+00 9.063992474806522592e-01 9.225440256584716892e+00 3.124765271295904534e-01 -2.241396327756517870e+00 -9.630423726096057901e-01 -3.024210339990306973e-01 6.227534167437633883e-01 3.675724215837460340e-01 3.191072636189328793e-01 -5.821581960321738913e-01 -1.359037005531032183e-01 -1.078357799086904732e-02 1.300062571891275331e-01 6.522233882670977478e-02 -7.843535519231803477e-01 -2.676948726638678777e-01 -8.347297665532564526e-02 -2.962108960679052383e-01 -2.509364707057352151e-01 -3.308743243913411791e-01 -3.048142102017937227e-01 8.941323156614176815e-02 4.491186264710843035e-01 4.951096127912153755e-02
1.052589045801769707e+00 1.037663575648042485e-01 -4.433140254600987373e-01 -4.186542991036712458e-01 4.003493335430458044e-01 2.176533557276563724e-01 2.919517236695712281e-01 2.284821787032754181e-01 1.092188856296217869e-01 4.826533776441126466e-01 -2.518251108765054425e-01 -2.939120131402361280e-01 3.598703274140717112e-01 5.821636211890041102e-01 1.803286211026545668e-02 -3.503340009481146766e-01 -1.574804391149022820e+00 3.124765271295904534e-01 8.029022241449334629e+00 2.744248203856697876e-01 -1.918505934531353985e+00 -4.432206640632602168e-01 -3.886587018564998663e-01 6.683788012196756334e-01 -3.461269965714140057e-02 -4.674077806118705908e-02 -1.358558582267187509e-01 2.996948513541774703e-02 -1.918852861503607954e-01 4.867494646371878231e-01 2.820054011857182630e-01 -6.069352967679149113e-01 8.181964202590083501e-02 1.027088046382644837e-01 -9.738568093784784330e-02 -9.514614255321879321e-02 3.344847877130281005e-02 -5.386242875548115094e-01 5.379439697415557692e-02 6.102446300126068701e-01
8.488877731845953512e-02 3.237089732383733320e-01 2.853451159796629999e-01 -1.717052618823126930e-01 -2.148466418462147490e-02 2.908229583090287673e-01 -1.960881411543498598e-01 -9.368123635238205515e-02 -1.284629433791270869e-01 2.744532113497921699e-01 3.729648687715335642e-01 -5.553390885532001331e-01 -3.026111967296380989e-01 2.032826900925101543e-01 1.110107935504156540e+00 8.779337108150284119e-02 -1.728553663829765386e+00 -2.241396327756517870e+00 2.744248203856697876e-01 9.682580872201871358e+00 6.984022128810181140e-01 -1.207868817933385852e+00 -9.014427480588428354e-01 -3.822429202072890053e-01 2.854076368015746046e-01 2.788934399935447117e-01 -1.629722131085387382e-01 -8.359889712095640302e-02 -6.459302701856803886e-01 -6.285766287384510209e-02 3.121624285626733442e-01 -2.134296015130092983e-01 1.791491590232562325e-01 -9.009813338741530508e-02 2.389337098681024729e-01 3.995460084665706235e-01 2.321179240629194507e-01 -2.380448719874541652e-01 -3.799399669792014045e-01 -3.047165658452816173e-01
1.559839142162465497e-01 9.397184476125125530e-01 1.047144748093972039e-01 5.361665440354763945e-02 -5.267907496497479247e-01 6.536569931182363569e-02 -3.592829051939744334e-01 1.884106000886393573e-01 -6.102549682609916815e-01 -2.868653997895275753e-01 1.186685544294642340e-02 -5.641937422385870371e-02 3.519396765816925482e-02 -4.307119747854019076e-01 4.255507012085167351e-01 3.770477884271680180e-01 -9.701500491585143826e-02 -9.630423726096057901e-01 -1.918505934531353985e+00 6.984022128810181140e-01 8.894723788953866617e+00 3.386866894745054757e-01 -2.403681181585194615e+00 -9.557390153810929601e-01 4.363379954706263393e-03 4.919353725214651862e-01 -1.608368607211662082e-01 1.720242817994987183e-01 -1.711601639164427591e-01 -5.541970267487730112e-02 -7.275283277287401817e-02 1.851976586055592289e-01 3.883584383367562620e-01 4.594729351893358515e-01 1.792488677799988217e-01 4.834010225522959031e-02 -2.076359264794173931e-01 -4.793025028304068180e-01 -3.500626207107397359e-01 -4.370581331976356454e-01
-5.408183828435290108e-01 -2.437764721829168424e-01 8.136089227986385009e-01 3.466666658077091623e-01 -7.543114639758287110e-01 -1.270895110680836937e-01 -1.418414596863829813e-01 2.311223052089675933e-01 2.996860622183607492e-01 3.708660139970066938e-01 6.430431383274783919e-01 -1.666733213972142191e-01 -3.084154329663536531e-01 -2.789504551226435532e-03 -5.469694778822480341e-01 7.095238404762112261e-02 6.785989039410769141e-01 -3.024210339990306973e-01 -4.432206640632602168e-01 -1.207868817933385852e+00 3.386866894745054757e-01 8.869298730689921584e+00 7.564111431421149945e-01 -2.103298955317681074e+00 -9.582255158194354916e-01 -1.876916410853683992e-01 6.818763433056944656e-01 4.486330412616420515e-01 -5.388855319168252000e-01 -4.415724060542137175e-01 6.248009642631364297e-02 -1.129017117728450675e-01 1.180638065986820973e-01 -8.552862275799459901e-01 1.291853376740218773e-01 3.366246171488207484e-01 7.573287366380476726e-01 3.462432548247430519e-01 1.591295146751958434e-01 -3.636166153038246085e-01
1.767146101664027746e-01 -4.363969553157205916e-01 -1.769401198481696524e-01 -7.726782500850071234e-02 -1.159206143114969306e-01 -5.756403660283758716e-01 -3.900115130943977021e-02 3.955516787667851530e-01 6.874821813434447426e-01 2.730067592869500070e-01 1.620226603810702992e-01 3.380299733215140767e-01 -2.381840514325716807e-01 1.799306885409603651e-01 -4.552358844599770082e-02 -1.576021530912011526e-01 3.667728542672647474e-01 6.227534167437633883e-01 -3.886587018564998663e-01 -9.014427480588428354e-01 -2.403681181585194615e+00 7.564111431421149945e-01 9.718726975889040887e+00 1.756814305808787058e-01 -2.251837694608536111e+00 -1.040738378320924973e+00 9.841951009222449365e-02 4.953697865758134311e-01 -1.851798962549019434e-01 -5.934683986032162073e-01 -1.402541283526242272e-02 6.716775668629534901e-02 6.808188663977641220e-01 -8.530115752120588646e-02 -6.043288691181115668e-01 -3.929095366596074834e-01 2.871723572411464809e-01 3.827647440148899682e-01 -1.018649405878403608e-01 -4.579203843518922252e-04
-1.452338479427878748e-01 -1.239472575177111013e-01 -3.165382876812038448e-01 -3.626754327871214434e-01 3.975802637585966748e-01 -1.683297313590413069e-01 -2.298224583513531205e-01 -8.983065141109169982e-02 2.337421125027563940e-01 6.271725231861360883e-02 -7.023605796449611249e-02 1.851991722057568235e-01 -9.681662669349110073e-02 3.789466825167612241e-01 1.453208807038720018e-01 -2.569481905175632352e-01 2.583374191512654572e-01 3.675724215837460340e-01 6.683788012196756334e-01 -3.822429202072890053e-01 -9.557390153810929601e-01 -2.103298955317681074e+00 1.756814305808787058e-01 8.921585242559364914e+00 9.058759183740708876e-01 -2.015422460247011216e+00 -6.161274993186778293e-01 -1.420059076246779628e-01 7.548039837454533219e-01 1.168294058264199159e-01 -7.672629684892583180e-02 5.591600432067626858e-02 -1.808781649184608986e-01 3.163241860365919034e-01 5.087204346896950780e-01 4.932434327785024941e-02 -2.413786502438372908e-02 -1.444391010206122483e-01 2.278150810830799899e-01 -1.313998707566226554e-01
-1.499401969258915002e-01 -2.492210759473077741e-01 -4.619730150505703126e-01 3.155412249310817208e-01 -7.633498894946800784e-01 -5.566751826282841931e-01 -2.282377091750959486e-01 -1.253225002827369761e-01 -3.055726063630188616e-01 1.157726266806149429e-01 8.227302656114648949e-01 -2.378663071796533746e-01 6.236856144845057681e-01 -7.302514152184356178e-01 3.156281339064384572e-01 -1.920602932263377749e-01 2.836226387504097238e-02 3.191072636189328793e-01 -3.461269965714140057e-02 2.854076368015746046e-01 4.363379954706263393e-03 -9.582255158194354916e-01 -2.251837694608536111e+00 9.058759183740708876e-01 1.091446295664201394e+01 5.728657454567653851e-01 -2.508452437231613708e+00 -1.101505830709867295e+00 2.188464092960643870e-01 4.402290776714954945e-01 2.598558156058223267e-01 -3.273764114106366696e-01 -2.848234571948952687e-01 1.414470170262997206e-01 -2.472949704943643704e-05 -3.291385235796921438e-01 -4.021594447285201657e-01 -2.655521155172438919e-01 4.600321730479028925e-01 4.676636284436843649e-01
-1.085298312820275057e-01 1.854835258086862809e-02 1.879679840632932641e-01 8.171705465832695969e-02 -2.266369863910464855e-01 1.605117645928095804e-01 -2.949968386474625254e-02 2.669894756030731231e-01 2.469072655124314730e-01 -7.221094127652680772e-01 -3.863905709265779143e-01 1.650408821810974980e-01 3.944233279101769241e-01 -1.036452206901220530e+00 4.238060934610249908e-01 2.108770164533438352e-01 1.266501269226036341e-01 -5.821581960321738913e-01 -4.674077806118705908e-02 2.788934399935447117e-01 4.919353725214651862e-01 -1.876916410853683992e-01 -1.040738378320924973e+00 -2.015422460247011216e+00 5.728657454567653851e-01 8.481472054662832605e+00 6.951034737469102831e-01 -1.902474340374910255e+00 -9.064564087342588117e-01 -8.879962839630004337e-03 5.170104557181659510e-01 -8.170605589725481177e-02 -3.160961025585452000e-01 2.485978527674481686e-01 -3.735980818945099924e-01 9.835708732854661629e-02 -2.286342192645552090e-03 5.919541396747054346e-02 4.904814657832831659e-02 -4.477307886269598636e-01
-3.956661640905164701e-01 1.203276534390458792e-02 5.746539353246122861e-01 1.677802041656325516e-01 -5.025750920663013543e-01 -9.291969834967239716e-02 3.497376157762950855e-01 -2.385784010880211692e-01 5.636679590713844501e-02 -1.850525531218996655e-01 -3.240744946487701394e-01 1.192864798808787874e-01 -5.498203449416757538e-01 3.571549656975583353e-01 -2.461485756673189029e-01 -3.558585277013801007e-01 1.172892760415860103e-01 -1.359037005531032183e-01 -1.358558582267187509e-01 -1.629722131085387382e-01 -1.608368607211662082e-01 6.818763433056944656e-01 9.841951009222449365e-02 -6.161274993186778293e-01 -2.508452437231613708e+00 6.951034737469102831e-01 9.763445562754816009e+00 1.133154551997603621e+00 -2.399676918571261641e+00 -8.518104764716196708e-01 -1.706884544657842340e-01 9.079656477899443745e-01 -2.718429286993898075e-01 -6.814075700335616714e-01 -1.913977300370006962e-01 5.838780828659574373e-01 2.063291318984122047e-01 -1.869280539019467849e-02 -1.561356526784175025e-01 -3.255205268801633078e-01
1.793113869322885412e-01 1.753985533676338526e-01 -2.415066096436996324e-01 -2.477577500884026451e-01 -4.654550441165100083e-01 -4.045285076897080501e-01 2.161301609374094990e-01 1.717447197291291361e-01 -1.157524698200655816e-01 3.575965973370181517e-01 2.481696041557078236e-01 1.170536385181911304e-01 -3.264658313797012545e-01 -3.750796142385829923e-01 -9.118200437696984961e-01 -1.364148581529827375e-01 4.345927007518179952e-01 -1.078357799086904732e-02 2.996948513541774703e-02 -8.359889712095640302e-02 1.720242817994987183e-01 4.486330412616420515e-01 4.953697865758134311e-01 -1.420059076246779628e-01 -1.101505830709867295e+00 -1.902474340374910255e+00 1.133154551997603621e+00 9.894955191107770887e+00 2.448718259641543826e-01 -1.875103952057972645e+00 -6.917205564153255937e-02 -5.002915201016578939e-01 6.293935618865279524e-01 -2.382914501316658884e-01 -2.442081008042496781e-01 -2.999294500023975685e-01 -1.865203706862682970e-02 1.532066197779679943e-02 -1.098047538999800399e-01 -1.634078524264185595e-01
2.585145195224494707e-01 -2.704153582426901958e-01 -7.333447269043621985e-02 -3.529043289522021398e-02 8.971294398109614932e-01 -4.851944524873482573e-02 -2.750001880213864824e-01 1.745765513073665176e-01 3.819495922236370022e-01 1.985261731106488514e-01 -1.331348704639704339e-01 -3.582460171117355929e-01 4.080908651205592541e-01 -2.434204246467229840e-02 -3.017684221583191162e-01 1.297201927611960071e-01 -3.681201042454923522e-01 1.300062571891275331e-01 -1.918852861503607954e-01 -6.459302701856803886e-01 -1.711601639164427591e-01 -5.388855319168252000e-01 -1.851798962549019434e-01 7.548039837454533219e-01 2.188464092960643870e-01 -9.064564087342588117e-01 -2.399676918571261641e+00 2.448718259641543826e-01 1.003694134408230099e+01 2.258518848835923687e-01 -1.597379092422715141e+00 -8.895435501007901147e-01 -8.168923859170279522e-02 2.408596429874577671e-01 -7.250295209242500760e-02 -6.079334995963256993e-01 -1.529789384431369248e-01 2.050177680249307965e-01 -5.423904894668544335e-02 -3.348948592450164043e-03
1.095750730301005005e+00 4.376227442446152804e-01 -3.002306427437653746e-01 -4.916471573447495080e-01 1.723670643300229954e-01 -9.371118454376228812e-03 -2.863093840998497119e-02 -3.168625187858770120e-02 1.053525117777203562e-02 -6.180520583841285498e-02 4.670894936732413599e-02 -6.551820043150351491e-01 1.169817873875116099e-01 1.180471465329754194e-01 5.456645441226426474e-01 1.882542578322621840e-01 -3.013118200143531378e-01 6.522233882670977478e-02 4.867494646371878231e-01 -6.285766287384510209e-02 -5.541970267487730112e-02 -4.415724060542137175e-01 -5.934683986032162073e-01 1.168294058264199159e-01 4.402290776714954945e-01 -8.879962839630004337e-03 -8.518104764716196708e-01 -1.875103952057972645e+00 2.258518848835923687e-01 8.808551666814070202e+00 7.702756762860961670e-01 -1.390623548977043544e+00 -1.486791297209598461e+00 4.324349580757563122e-02 9.764383826093415708e-01 1.965257453705903101e-01 -3.616974783929623460e-01 -5.642224863997897799e-01 -2.660920421340494668e-01 7.246304034763738633e-01
6.820707145805556502e-03 1.194650257737418231e-01 2.427812819075815809e-01 2.250965786333993246e-01 -1.641420330600403266e-01 8.953339762100802346e-02 8.928819215185820890e-02 -4.801699433211433776e-01 2.003847070884259493e-02 -2.143741978587137831e-01 4.003109865569064452e-01 6.572983958645615965e-02 3.029863904811927813e-02 -5.639843544952895943e-02 5.110855868228747489e-01 -1.829777695465604481e-01 -2.479387038387967646e-01 -7.843535519231803477e-01 2.820054011857182630e-01 3.121624285626733442e-01 -7.275283277287401817e-02 6.248009642631364297e-02 -1.402541283526242272e-02 -7.672629684892583180e-02 2.598558156058223267e-01 5.170104557181659510e-01 -1.706884544657842340e-01 -6.917205564153255937e-02 -1.597379092422715141e+00 7.702756762860961670e-01 8.835372293663425580e+00 5.354686635326727506e-01 -1.798233168323480013e+00 -4.368965977330035999e-01 -3.213649931653627112e-01 -2.328716159301104718e-02 9.894238004332718550e-02 -1.933620979034770815e-01 1.470428186539842197e-01 -4.524186719970494930e-01
-5.220386258386835454e-01 3.143819040675908671e-01 2.075934321436097019e-01 5.786667628693753507e-01 -4.278192831135103069e-01 -8.723831152387995225e-01 -8.173050092897256313e-02 -3.477205382607216344e-01 2.767301219922250199e-01 -1.022053626551278210e-01 2.480448017354882351e-01 3.385825247633054147e-01 -5.066669280771364248e-01 2.407259872962848601e-01 2.897541112903627147e-01 3.518562264790134342e-01 -3.739755321087784301e-02 -2.676948726638678777e-01 -6.069352967679149113e-01 -2.134296015130092983e-01 1.851976586055592289e-01 -1.129017117728450675e-01 6.716775668629534901e-02 5.591600432067626858e-02 -3.273764114106366696e-01 -8.170605589725481177e-02 9.079656477899443745e-01 -5.002915201016578939e-01 -8.895435501007901147e-01 -1.390623548977043544e+00 5.354686635326727506e-01 9.814623127537764447e+00 8.711422308544258808e-01 -2.497344644300786065e+00 -8.881176937989038178e-01 -4.561721212993640195e-01 2.085425937473411595e-01 3.329297490503156931e-01 1.899940608636190020e-01 -5.621446542815726755e-01
-5.210295305110747011e-01 1.022733729365450372e-01 2.002983186451831044e-01 2.146437726118775868e-02 -2.563993031513375764e-01 -2.654070306735218931e-01 -2.457019749481506310e-01 -3.663579603661753503e-01 -4.020635954006187007e-01 -5.974453813342356151e-04 1.302207889762525272e-01 1.923509104623501165e-02 -4.615525322301525790e-01 5.946485310276390657e-02 3.591998879364814712e-02 2.080589293481526214e-01 -3.755113588050401074e-01 -8.347297665532564526e-02 8.181964202590083501e-02 1.791491590232562325e-01 3.883584383367562620e-01 1.180638065986820973e-01 6.808188663977641220e-01 -1.808781649184608986e-01 -2.848234571948952687e-01 -3.160961025585452000e-01 -2.718429286993898075e-01 6.293935618865279524e-01 -8.168923859170279522e-02 -1.486791297209598461e+00 -1.798233168323480013e+00 8.711422308544258808e-01 1.040330081717337052e+01 1.254185076893220785e+00 -1.843518256778349684e+00 -1.565033093375543860e+00 -1.871090071855613657e-01 2.953227962269711626e-01 -3.816758314480147019e-01 -4.749903112571911973e-02
-3.367996397213702808e-01 -6.982402373090955683e-01 1.567300409407102260e-02 1.003272940330806190e-01 -4.254226443543887015e-01 8.244044278501454492e-01 -6.214488759724620115e-01 -1.955301800120738398e-01 7.515174123778120552e-02 2.124214012730396301e-03 1.123592607060923676e-01 2.867363016361069716e-01 4.288820383075365172e-01 -7.584936687123229604e-02 -5.152165772975673269e-02 1.295257610432007378e-01 2.179938282981574438e-01 -2.962108960679052383e-01 1.027088046382644837e-01 -9.009813338741530508e-02 4.594729351893358515e-01 -8.552862275799459901e-01 -8.530115752120588646e-02 3.163241860365919034e-01 1.414470170262997206e-01 2.485978527674481686e-01 -6.814075700335616714e-01 -2.382914501316658884e-01 2.408596429874577671e-01 4.324349580757563122e-02 -4.368965977330035999e-01 -2.497344644300786065e+00 1.254185076893220785e+00 1.021350875551135040e+01 3.550081890522737149e-01 -2.368802735693047001e+00 -4.280175865556943848e-01 -5.306777267919114000e-02 3.284976557004981590e-01 2.817308149083386226e-01
7.648881770066675578e-01 -1.871212630723631254e-01 -5.408241430980447184e-01 5.038961899794626165e-01 -7.550092388895655870e-02 5.322679853828065077e-01 1.710541821702697973e-01 -8.914144733438756907e-01 -1.947085988813731378e-02 -2.117158286037276460e-01 -5.012850948395121131e-01 -3.477364417821465215e-01 3.936512106634145747e-01 2.934493285335380564e-01 2.799573438472174880e-01 2.079633608462359007e-01 -7.804038874796113134e-01 -2.509364707057352151e-01 -9.738568093784784330e-02 2.389337098681024729e-01 1.792488677799988217e-01 1.291853376740218773e-01 -6.043288691181115668e-01 5.087204346896950780e-01 -2.472949704943643704e-05 -3.735980818945099924e-01 -1.913977300370006962e-01 -2.442081008042496781e-01 -7.250295209242500760e-02 9.764383826093415708e-01 -3.213649931653627112e-01 -8.881176937989038178e-01 -1.843518256778349684e+00 3.550081890522737149e-01 1.044894413153660473e+01 1.377558081798670342e+00 -1.549408050201941611e+00 -1.051829318533800572e+00 -4.884600796810917300e-01 4.384246382524411567e-01
1.031865830091162756e-01 2.258804935087704857e-01 1.612018503337669939e-01 -8.198371289684253105e-02 7.631579159249270161e-02 -1.951094616902653012e-01 -4.560007986567544691e-01 -2.595627202948224133e-01 1.771520480241645379e-01 4.999271603116793306e-01 -4.186439318217008432e-02 -5.864650823571605498e-01 2.936860191433447453e-01 -1.875488802632585827e-01 -9.272384161707653005e-02 1.000890921130639155e+00 5.752480175245030525e-01 -3.308743243913411791e-01 -9.514614255321879321e-02 3.995460084665706235e-01 4.834010225522959031e-02 3.366246171488207484e-01 -3.929095366596074834e-01 4.932434327785024941e-02 -3.291385235796921438e-01 9.835708732854661629e-02 5.838780828659574373e-01 -2.999294500023975685e-01 -6.079334995963256993e-01 1.965257453705903101e-01 -2.328716159301104718e-02 -4.561721212993640195e-01 -1.565033093375543860e+00 -2.368802735693047001e+00 1.377558081798670342e+00 1.042748178207249588e+01 8.274709748221175110e-01 -1.407608853112634284e+00 -9.027916451387731911e-01 -5.116243321342465178e-01
-1.019361692446043577e+00 -7.406466908893728773e-02 1.188004735969657999e-01 1.025088949014671541e-01 3.011410442899534190e-01 -4.063928101798539028e-02 -2.197979769916023618e-01 -2.496180711503314942e-01 4.998449453930661757e-01 8.255614253162584237e-01 -3.060517180380679103e-01 -5.246520185069616371e-01 -5.283282736026505555e-01 4.829812621415868201e-01 5.671066933819193245e-01 2.184442863451092065e-01 4.414903185006011782e-02 -3.048142102017937227e-01 3.344847877130281005e-02 2.321179240629194507e-01 -2.076359264794173931e-01 7.573287366380476726e-01 2.871723572411464809e-01 -2.413786502438372908e-02 -4.021594447285201657e-01 -2.286342192645552090e-03 2.063291318984122047e-01 -1.865203706862682970e-02 -1.529789384431369248e-01 -3.616974783929623460e-01 9.894238004332718550e-02 2.085425937473411595e-01 -1.871090071855613657e-01 -4.280175865556943848e-01 -1.549408050201941611e+00 8.274709748221175110e-01 8.877824554021881198e+00 9.809836839075716242e-01 -1.604415417287640366e+00 -1.119740659684410056e-01
-2.167238457517388361e-01 -2.824528386442959685e-02 -8.516891998476400910e-03 -6.556105079832232063e-02 5.820379634080361658e-03 -3.220387956786825434e-01 -1.001538116570747650e-01 -1.018793959287582207e-01 -3.714570691513071621e-01 2.126098324663451278e-01 2.068826092329067445e-01 5.559618228077742863e-01 2.185221290887885970e-01 -5.040718591256934666e-02 -2.747974158935714839e-01 1.607412434024668713e-01 4.031103022482561693e-01 8.941323156614176815e-02 -5.386242875548115094e-01 -2.380448719874541652e-01 -4.793025028304068180e-01 3.462432548247430519e-01 3.827647440148899682e-01 -1.444391010206122483e-01 -2.655521155172438919e-01 5.919541396747054346e-02 -1.869280539019467849e-02 1.532066197779679943e-02 2.050177680249307965e-01 -5.642224863997897799e-01 -1.933620979034770815e-01 3.329297490503156931e-01 2.953227962269711626e-01 -5.306777267919114000e-02 -1.051829318533800572e+00 -1.407608853112634284e+00 9.809836839075716242e-01 9.131612065907997788e+00 1.191490700420124241e-02 -1.690571486704529836e+00
-2.264405626088560552e+00 -1.253387400750323621e+00 6.092776574210447688e-03 9.460548086755997677e-01 4.448542006806668067e-04 -4.032689403728082628e-02 3.783313778224918211e-01 -2.500159552195477253e-02 3.330876885837309731e-02 1.560472261991597553e-01 -3.164156464941119684e-01 -6.170632978309779221e-02 -1.589973085559128196e-01 -4.027867612403374098e-01 1.207206784490591905e-01 -7.695618318308221628e-01 4.673648359367691962e-01 4.491186264710843035e-01 5.379439697415557692e-02 -3.799399669792014045e-01 -3.500626207107397359e-01 1.591295146751958434e-01 -1.018649405878403608e-01 2.278150810830799899e-01 4.600321730479028925e-01 4.904814657832831659e-02 -1.561356526784175025e-01 -1.098047538999800399e-01 -5.423904894668544335e-02 -2.660920421340494668e-01 1.470428186539842197e-01 1.899940608636190020e-01 -3.816758314480147019e-01 3.284976557004981590e-01 -4.884600796810917300e-01 -9.027916451387731911e-01 -1.604415417287640366e+00 1.191490700420124241e-02 9.270001364504151908e+00 3.446571114695188287e-01
