1.124924304023957333e+01 1.104064875199179729e+00 -1.973708903976779672e+00 -1.475303043416448023e+00 -1.797930522003883536e-01 4.655643308843430694e-01 3.779937240685706246e-01 -9.596076156441983585e-02 -4.794203426902458598e-01 -5.658647302899131315e-01 -1.177675463531056288e-01 5.346881799666141841e-03 3.532479686320826873e-01 -2.474521523904317510e-01 1.968958097507180968e-02 5.161506731917703955e-02 -1.115086507087671430e-01 -1.781238774357574439e-01 2.361364695964462690e-01 2.359618379501622898e-01 2.472754040984745660e-01 -4.343675275639877209e-02 -2.717844299040453326e-01 -4.549717653299305276e-02 1.662267211701808634e-01 -1.541798354532367410e-01 -4.148212050295469466e-01 -2.002191007722122287e-02 2.005242934184243986e-01 1.708920589527916367e-01 1.843841543826223728e-01 3.085129179156905210e-01 -7.850048381679037846e-01 -5.007154101836692739e-01 6.297513493454084399e-01 5.765571241565549121e-01 -7.921785461259490679e-01 -9.450876520219312349e-01 -2.169957426717052051e+00 1.004671109589777123e+00
1.104064875199179729e+00 9.577699562471673644e+00 4.581255673840081144e-01 -2.105141234484760648e+00 -7.779613997825787219e-01 5.681355247981020318e-01 6.560228182291416577e-01 -8.245615603497270796e-02 -9.330413744602545911e-01 -2.191232594189575222e-01 -1.209064808066854096e-01 -4.526176694000817735e-02 3.625695868038353309e-01 1.725271034604727027e-01 -1.944234965600600273e-01 5.048332708913477740e-01 1.663351079190014126e-01 -2.530352899090638347e-03 -4.309514902783649348e-01 1.295755392896871805e-01 9.369030752981152288e-01 2.413257673320464147e-01 -1.131556669676631738e-01 5.444237168335573918e-01 -7.912538422632772184e-01 -3.086410821974969743e-01 7.775010012474283805e-01 4.574567821301734893e-01 3.419115512105932453e-01 1.158793431570046689e-01 5.761534767225897635e-01 -1.768504497031568035e-01 -1.842060896934742328e-02 -2.670763092559857999e-01 -1.472580514032052201e-01 4.235393742162378850e-01 -9.947257963757108468e-02 -2.721568063382872604e-01 -9.003242540862765875e-01 -1.997645517182288666e+00
-1.973708903976779672e+00 4.581255673840081144e-01 8.163141445163272891e+00 8.896424485513292069e-02 -2.099170444889074894e+00 -3.186704514598139720e-02 1.152909201521252758e-01 1.014919347453131726e+00 -2.521661726603117715e-01 -2.777271950055390515e-01 -2.903624263871871780e-01 -1.408898922674339527e-01 -2.958386273195803828e-02 2.416630599284764480e-01 4.325471863801108596e-01 2.832496671165006183e-02 -5.033341283795024212e-01 -1.615667266278573433e-01 -1.623855707300461970e-01 4.767366681288890407e-01 -2.198997205308106037e-02 8.562629140924471471e-02 3.524275062550528970e-02 2.072272119946932251e-02 6.784385623261242337e-02 3.836141326322308753e-01 4.110723684434021696e-01 6.581424353135048588e-02 -6.410213953043079060e-01 -1.541225466410752754e-01 4.437467489198607673e-01 1.884854237051369619e-01 -1.245516655671630168e-01 -3.344112069146619737e-01 -1.069976172908014833e-01 5.786333391922238167e-01 3.895629886966328614e-01 3.703622258227198261e-01 -2.969651219005230158e-02 -2.634590116773040114e-01
-1.475303043416448023e+00 -2.105141234484760648e+00 8.896424485513292069e-02 8.855066187496541730e+00 1.508519914442042198e-01 -2.129634605938024450e+00 -1.030045363176943063e+00 -6.206186200554009158e-02 4.660151919351939176e-01 -3.838865167052774030e-01 3.016395444761642564e-01 3.283621805718202613e-01 -1.822102002515977037e-01 -1.441303939567788461e-01 6.908426442062023942e-02 1.117790143274957626e-01 -6.544975989247396597e-02 2.097394928002557779e-02 -1.287245420262841666e-01 1.199587468591222089e-01 -4.702404471983420153e-01 8.760758887011227403e-02 1.372118241422702334e-01 -1.000483452974735427e-02 2.302369542941107849e-01 1.189203065402396481e-01 -4.635841449052514052e-01 3.627299334804928721e-01 5.546902156166714226e-01 -2.413534762859863292e-01 -3.607853488982464274e-01 2.965590327354509226e-01 3.922424426233471761e-01 4.541370860799112674e-01 2.251935355679136885e-01 -6.050878341033762986e-01 1.751999914944731007e-01 2.778088511054331855e-01 8.922732861125971526e-01 -1.087298106163011313e-01
-1.797930522003883536e-01 -7.779613997825787219e-01 -2.099170444889074894e+00 1.508519914442042198e-01 8.202607522966085085e+00 2.641942516218204196e-01 -7.367516607703694653e-01 -1.262596695623072973e+00 2.139168125652603503e-01 5.887909393231112176e-01 -4.055950007589408934e-01 -1.234715488983930548e-01 -2.961373489485554789e-01 4.379713984086962553e-01 2.697164856915973755e-02 1.286387002170611971e-01 -1.851132740682860933e-01 -6.459968757818114644e-04 2.520962143303298597e-02 -6.396012320722488376e-01 -1.940984827002971980e-01 -3.259662409062811239e-01 -1.606596670439966734e-01 9.204212423251717512e-02 -1.095046196111472803e+00 -4.651437543052469592e-01 -8.147336344988613532e-02 6.307446492041871196e-03 4.909747074244713572e-01 1.484326017107696341e-03 -1.579686474811695662e-01 -3.503505661767261636e-01 1.978263786513556888e-01 1.212600653395595890e-01 7.621387034982690656e-02 -1.809475093383957067e-01 2.453963553027256050e-01 -5.662471532684368314e-02 3.054050774399997281e-01 2.496634910153750497e-01
4.655643308843430694e-01 5.681355247981020318e-01 -3.186704514598139720e-02 -2.129634605938024450e+00 2.641942516218204196e-01 9.634280058042229200e+00 1.048335611865131911e+00 -1.866482290776337649e+00 -9.430476990653012814e-01 -5.306404989837586461e-01 -8.564193143883884474e-02 -5.747518272448209030e-03 -3.184277703756703271e-01 -2.182536697868540931e-02 -2.115266451998727426e-01 -9.953482558297120641e-02 -2.509952628405241470e-01 4.283168032995518515e-01 -4.407370323586545791e-02 4.739561465682191194e-02 9.362043730725974067e-01 -4.983462373364177384e-02 -2.954189638061077150e-01 2.392948538914309864e-01 -1.745193198546144070e-03 1.550560708851183023e-01 9.325232909345176902e-02 -2.824819914532535337e-01 -3.767483876099273713e-03 1.523304918796124507e-01 -4.938464821234413438e-01 9.472051709563060473e-02 -4.543283081636260712e-01 4.759752837569472539e-01 3.634289193232003168e-01 -2.062403504934489651e-01 -2.336472002124129754e-01 -1.875347215292839653e-01 -5.469705222384096954e-01 4.271901684614802797e-01
3.779937240685706246e-01 6.560228182291416577e-01 1.152909201521252758e-01 -1.030045363176943063e+00 -7.367516607703694653e-01 1.048335611865131911e+00 8.447585638219356596e+00 5.745472286128798789e-01 -2.472024375492714476e+00 5.790452477937471643e-02 -1.832089901316842351e-01 -5.163944236057042003e-01 2.035627272711401647e-02 2.065131724258462420e-01 2.021920652574828343e-03 -4.420662696447659745e-01 1.123376537366577443e-01 -6.686823274085702817e-02 2.928484690293904902e-01 -8.542505438357454739e-02 7.409108610390273408e-02 4.458692125272382123e-01 1.822795138050671004e-01 -7.288402616352465113e-01 -2.213806057965266028e-01 -3.820254873341401014e-01 -1.420191200825273725e-01 -4.817267316636272834e-01 -3.335777324940408795e-01 -4.016799726223194839e-02 4.626978610153432148e-01 -1.367907926379961954e-02 -2.263025197016334533e-01 -2.719440614495254316e-01 4.098665620709210922e-01 8.502463964209182323e-02 -5.376582826902371881e-01 -2.618746942824036195e-01 7.218149491699797637e-02 3.560955340939272323e-02
-9.596076156441983585e-02 -8.245615603497270796e-02 1.014919347453131726e+00 -6.206186200554009158e-02 -1.262596695623072973e+00 -1.866482290776337649e+00 5.745472286128798789e-01 1.021890015955500886e+01 4.645651065631285492e-01 -2.460695715462152044e+00 -1.276518516901090194e+00 3.264221880920813446e-01 7.797731397093813355e-01 -1.098150012319609042e-01 9.567270234567680498e-02 2.016878283928402182e-01 -3.572511358630561101e-02 1.943270329691674514e-01 -1.541579884334216832e-01 1.060731420256692641e-02 2.060567018695166341e-01 2.987685029196918141e-01 2.500317177554486035e-03 3.380481035832397785e-01 9.047754967757518085e-02 -1.786693565900643599e-01 -1.873433873881207024e-01 4.435649304202908816e-01 2.272685351223731332e-01 -3.168053212698874743e-01 -5.102310184172968999e-01 -4.224827169836485874e-01 -2.032974476660201202e-01 -3.618622967935242740e-01 -1.930610926760192025e-01 4.904145416007749114e-01 -2.547421547719120882e-01 8.181164002041372285e-01 9.998659366181029962e-02 -6.266411761027064209e-01
-4.794203426902458598e-01 -9.330413744602545911e-01 -2.521661726603117715e-01 4.660151919351939176e-01 2.139168125652603503e-01 -9.430476990653012814e-01 -2.472024375492714476e+00 4.645651065631285492e-01 1.119430462319496300e+01 1.205034543829588634e+00 -2.647403229671764446e+00 -6.388913029544635025e-01 2.236462307368494995e-01 2.911428117672932303e-01 5.001075723300500986e-01 -8.319343489856144691e-01 3.668721549999508502e-01 3.891150241175649338e-01 2.093091799245350715e-01 -1.525426010650486608e-01 -7.124930722150080165e-01 -3.946893634103219028e-01 3.764663726270807143e-01 3.198319005659741587e-01 -1.974963429773623769e-01 -3.673144677987471574e-01 4.487867641145200648e-01 -2.961236403427067176e-01 6.772754064294085607e-02 1.033724912385766137e-01 3.134314736875735696e-01 2.629766891129455830e-01 -1.060567883424877955e+00 -4.063227979633791120e-01 -1.270155213372945457e-01 2.647106908556832727e-01 6.260831345283740523e-01 -1.493925979725586328e-01 4.317736859594634852e-02 -3.347688864783965323e-01
-5.658647302899131315e-01 -2.191232594189575222e-01 -2.777271950055390515e-01 -3.838865167052774030e-01 5.887909393231112176e-01 -5.306404989837586461e-01 5.790452477937471643e-02 -2.460695715462152044e+00 1.205034543829588634e+00 1.024875589845422930e+01 -2.230321351651561035e-01 -1.624308597089900053e+00 -2.776993381750952339e-01 -1.876925683958617641e-01 3.561319448637426666e-01 -1.499186006887692213e-01 -7.885565688125774353e-02 -4.382677794507490732e-01 6.825166504317662364e-01 2.559547839071590336e-01 -8.059466899853022781e-01 1.713751055504617038e-02 4.727716215676108225e-01 -7.207628724608728943e-01 -2.309568303146489754e-01 -4.865474616726922497e-01 -1.089949052187083739e-01 -2.469936449570554471e-01 -2.439208252868766413e-01 -1.018000331129376677e-02 6.457007483054381103e-01 3.815185727630135415e-02 3.511801233742656847e-01 2.783909754704422257e-01 -2.408745524716332798e-01 2.161419015460556703e-01 6.161562853824572583e-01 -4.844536607947929480e-02 2.690848910127762172e-01 -3.066992676101710780e-01
-1.177675463531056288e-01 -1.209064808066854096e-01 -2.903624263871871780e-01 3.016395444761642564e-01 -4.055950007589408934e-01 -8.564193143883884474e-02 -1.832089901316842351e-01 -1.276518516901090194e+00 -2.647403229671764446e+00 -2.230321351651561035e-01 1.037666121153484156e+01 2.862379702236346191e-01 -1.826098544872950979e+00 -1.390261477171241378e+00 -3.629899195736825401e-01 1.135672353412416458e+00 5.585267507489225514e-01 -2.242790707744752865e-01 -2.061171284986015317e-01 -3.750514360376007161e-01 5.953026966929816366e-01 4.826231229260780076e-01 4.275761366186089929e-02 -5.721903493194954032e-02 3.681598219884714140e-01 -1.137716349364879809e-01 4.823289633530282727e-01 -3.232376423297307344e-01 -5.024789417602064656e-01 1.765653936263112678e-01 2.025906097003373624e-02 -6.912790340273440581e-02 1.860668165080580638e-01 -2.288657656649706051e-01 -6.581099084558361678e-01 -2.548860678796697199e-01 -1.030551495445515692e-01 2.800520732038644378e-01 5.055304149576488326e-01 2.589982098189922977e-01
5.346881799666141841e-03 -4.526176694000817735e-02 -1.408898922674339527e-01 3.283621805718202613e-01 -1.234715488983930548e-01 -5.747518272448209030e-03 -5.163944236057042003e-01 3.264221880920813446e-01 -6.388913029544635025e-01 -1.624308597089900053e+00 2.862379702236346191e-01 9.719424795012850282e+00 8.242390351468246168e-01 -1.643913130241121179e+00 -4.904633830216988954e-01 -5.171871695481367048e-01 -5.993245414381804387e-03 5.687291752838816716e-01 -4.793220186605916533e-01 -3.497836909908211833e-01 6.620036816949988190e-02 4.375469476677023017e-01 2.135811139955285931e-01 -9.392377980108362889e-02 -2.062319696141787229e-01 2.668796146471180131e-01 3.538130776521468401e-02 -1.688765853045059440e-01 -1.042629192758435380e-01 -1.506993427199762939e-02 -1.280723459489925831e-01 -3.765047666262642534e-01 5.683377732608082544e-01 1.683060677692502227e-01 -1.523113891024670263e-01 -5.102482223142223994e-01 -3.574938664975906288e-01 3.729850077819294452e-01 4.575656543166516377e-01 -1.403903937427981585e-01
3.532479686320826873e-01 3.625695868038353309e-01 -2.958386273195803828e-02 -1.822102002515977037e-01 -2.961373489485554789e-01 -3.184277703756703271e-01 2.035627272711401647e-02 7.797731397093813355e-01 2.236462307368494995e-01 -2.776993381750952339e-01 -1.826098544872950979e+00 8.242390351468246168e-01 1.037571728983164654e+01 1.043059237718728882e+00 -2.446204415659461340e+00 -5.856498444909792322e-01 -3.572998436071516681e-01 1.439559555884230013e-01 7.088446737765955463e-01 -4.194008267988154348e-02 -3.885128159059310637e-01 -3.407151944666619858e-01 1.127880240507899007e-01 4.596169827828513466e-01 1.469389333976228729e-01 -2.787850177454439526e-01 -1.845836431268026712e-01 3.164778531897865510e-01 4.874783243350410689e-01 8.658202479848478572e-02 -2.179108270925177449e-01 -5.893080100428075285e-01 4.093374182234782999e-01 1.802383012596316669e-01 5.898752419294348709e-02 1.353789833791879949e-01 -2.441386642976959565e-01 -1.647144570174110534e-01 1.229743663882166965e-01 2.459164019004339910e-02
-2.474521523904317510e-01 1.725271034604727027e-01 2.416630599284764480e-01 -1.441303939567788461e-01 4.379713984086962553e-01 -2.182536697868540931e-02 2.065131724258462420e-01 -1.098150012319609042e-01 2.911428117672932303e-01 -1.876925683958617641e-01 -1.390261477171241378e+00 -1.643913130241121179e+00 1.043059237718728882e+00 1.004603470545455934e+01 3.145538557200407148e-02 -2.484849028547972960e+00 -1.256862012209770674e+00 8.265609591016268021e-02 9.290557203722910051e-01 -5.113124852278918553e-01 -8.514358097029833816e-01 -4.804024756969061949e-01 2.282812562709042037e-01 3.280775705040464563e-01 -8.533937442104729820e-01 -1.044898925715867177e+00 3.363804228137323160e-01 -1.090628574337570295e-01 7.363234950182444560e-01 -7.954827757638438523e-02 1.947993497993612544e-01 -5.817713447738971366e-01 -1.411317219155013014e-01 1.112069713648366487e-01 5.112190064509859466e-01 -2.604539346202337513e-01 -3.794937322949639702e-01 9.159059739302798098e-02 -1.093285361560224489e-01 1.650136320129202694e-01
1.968958097507180968e-02 -1.944234965600600273e-01 4.325471863801108596e-01 6.908426442062023942e-02 2.697164856915973755e-02 -2.115266451998727426e-01 2.021920652574828343e-03 9.567270234567680498e-02 5.001075723300500986e-01 3.561319448637426666e-01 -3.629899195736825401e-01 -4.904633830216988954e-01 -2.446204415659461340e+00 3.145538557200407148e-02 1.005175648916895703e+01 3.928484182719725881e-01 -2.642386561120459110e+00 -1.037800436096331991e+00 -2.157298305519074477e-02 1.237818188259078189e+00 -6.837333896183925286e-02 -3.018735531022004315e-01 1.243673606223936468e-01 -1.160030154052917040e-01 8.152130415897749227e-01 3.062919626367960890e-01 -7.398876672947988231e-01 -3.040964628394441371e-01 -2.775400647868008289e-02 3.312723727779858796e-01 3.774319490539646549e-01 3.034068139305555190e-01 -5.965746915720944177e-01 -1.476680046863800000e-01 3.136040535393885276e-01 3.618919346650985580e-01 -1.361370825205261981e-01 2.820048594268967923e-01 -4.645831799632633152e-01 -3.322386282025896476e-01
5.161506731917703955e-02 5.048332708913477740e-01 2.832496671165006183e-02 1.117790143274957626e-01 1.286387002170611971e-01 -9.953482558297120641e-02 -4.420662696447659745e-01 2.016878283928402182e-01 -8.319343489856144691e-01 -1.499186006887692213e-01 1.135672353412416458e+00 -5.171871695481367048e-01 -5.856498444909792322e-01 -2.484849028547972960e+00 3.928484182719725881e-01 9.937464092766338908e+00 1.168095422871009648e+00 -1.619633856200117128e+00 -8.422260570200227336e-01 3.294556296710489662e-01 9.400940228971725876e-01 -3.203963062141155366e-02 -3.536128276402029091e-01 4.090214563954451266e-01 1.517134966735192714e-01 3.654734760991991127e-01 -8.098049341636085474e-01 1.433507585868283932e-02 6.988074277080894570e-01 3.327458303438352027e-01 -2.416941080237391681e-01 2.294235072025413158e-01 -2.980547858270278516e-02 -6.911537399412608085e-02 -3.772159949346268748e-01 1.100027689460436747e-01 6.894388565875952946e-01 6.778469211022714047e-01 -6.705490260467052988e-01 -5.341852619419272807e-01
-1.115086507087671430e-01 1.663351079190014126e-01 -5.033341283795024212e-01 -6.544975989247396597e-02 -1.851132740682860933e-01 -2.509952628405241470e-01 1.123376537366577443e-01 -3.572511358630561101e-02 3.668721549999508502e-01 -7.885565688125774353e-02 5.585267507489225514e-01 -5.993245414381804387e-03 -3.572998436071516681e-01 -1.256862012209770674e+00 -2.642386561120459110e+00 1.168095422871009648e+00 1.072203049312247458e+01 8.614844390169223987e-01 -1.926238774821737554e+00 -1.012021425246374617e+00 4.950176119986528234e-02 1.353839196625320929e+00 5.492761819631838405e-01 3.639368881364177799e-01 -5.060326718393860501e-01 2.819676044327501518e-01 5.243693687206266857e-02 -3.947331263470647555e-01 -7.609278295465929931e-01 -4.520190639052064085e-01 -3.071748639872667538e-02 1.744288839608709452e-01 -8.968117315332616024e-02 -8.028786360659422028e-02 -7.816064097016861556e-02 5.393930228045017428e-01 2.068282182465913388e-01 5.152981136317218436e-01 5.548012142543564534e-02 5.285916886300921422e-03
-1.781238774357574439e-01 -2.530352899090638347e-03 -1.615667266278573433e-01 2.097394928002557779e-02 -6.459968757818114644e-04 4.283168032995518515e-01 -6.686823274085702817e-02 1.943270329691674514e-01 3.891150241175649338e-01 -4.382677794507490732e-01 -2.242790707744752865e-01 5.687291752838816716e-01 1.439559555884230013e-01 8.265609591016268021e-02 -1.037800436096331991e+00 -1.619633856200117128e+00 8.614844390169223987e-01 8.102965491709129608e+00 -1.571795968159744525e-02 -2.017778472439210713e+00 -3.142854269265392131e-01 -4.978694492913227077e-02 4.322647123667913149e-01 6.305019367031384769e-01 -3.743087056003517876e-01 -1.390127362402102107e-01 4.948596913457271596e-01 -9.877179014367416798e-02 8.078254643700927273e-02 4.600034553531807680e-01 -4.151889710404978451e-01 -6.867223237720185836e-01 -2.939110748141719465e-01 3.631804219000281386e-01 4.487823602099894060e-01 -2.623016316451696750e-01 -8.381302825813143897e-01 2.197462387749325452e-01 7.261638837694137649e-01 7.962029326364002124e-02
2.361364695964462690e-01 -4.309514902783649348e-01 -1.623855707300461970e-01 -1.287245420262841666e-01 2.520962143303298597e-02 -4.407370323586545791e-02 2.928484690293904902e-01 -1.541579884334216832e-01 2.093091799245350715e-01 6.825166504317662364e-01 -2.061171284986015317e-01 -4.793220186605916533e-01 7.088446737765955463e-01 9.290557203722910051e-01 -2.157298305519074477e-02 -8.422260570200227336e-01 -1.926238774821737554e+00 -1.571795968159744525e-02 8.479664133824929451e+00 3.014893183687696321e-01 -2.093886197082136746e+00 -6.148790660229846994e-01 -5.426681554406769248e-01 -3.394585489400125944e-01 5.421354496829758896e-01 -7.328538443142191827e-01 -3.542865950739578218e-01 -1.751638163110634250e-01 -2.255381808019715772e-01 1.111513029674090047e+00 2.720447853700179164e-01 -5.816694307121890173e-01 -7.092384349570042545e-02 5.393009694657483477e-01 -1.761432715121505344e-02 -5.315012636909732108e-02 1.320340306334609991e-02 -2.660840075226922896e-01 -2.171606699240997418e-01 1.072669233735938227e-01
2.359618379501622898e-01 1.295755392896871805e-01 4.767366681288890407e-01 1.199587468591222089e-01 -6.396012320722488376e-01 4.739561465682191194e-02 -8.542505438357454739e-02 1.060731420256692641e-02 -1.525426010650486608e-01 2.559547839071590336e-01 -3.750514360376007161e-01 -3.497836909908211833e-01 -4.194008267988154348e-02 -5.113124852278918553e-01 1.237818188259078189e+00 3.294556296710489662e-01 -1.012021425246374617e+00 -2.017778472439210713e+00 3.014893183687696321e-01 9.627919496614268269e+00 9.423803703910814400e-02 -2.185141519005916244e+00 -9.569518628820332662e-01 -6.085798697562342374e-01 7.486713737079814246e-01 2.841221769435108707e-02 -4.917850269145082054e-01 1.300367476076759732e-01 -1.435536484448134975e-01 4.218625736048831759e-02 -1.583834318790220130e-01 4.073738328247345497e-01 -2.649872954149251059e-01 3.660048925271334186e-01 3.090865477496768099e-02 -6.875987838146390037e-03 4.718528257954728022e-02 -4.024916956581653382e-01 -1.667404437405540507e-01 8.127233321004868616e-01
2.472754040984745660e-01 9.369030752981152288e-01 -2.198997205308106037e-02 -4.702404471983420153e-01 -1.940984827002971980e-01 9.362043730725974067e-01 7.409108610390273408e-02 2.060567018695166341e-01 -7.124930722150080165e-01 -8.059466899853022781e-01 5.953026966929816366e-01 6.620036816949988190e-02 -3.885128159059310637e-01 -8.514358097029833816e-01 -6.837333896183925286e-02 9.400940228971725876e-01 4.950176119986528234e-02 -3.142854269265392131e-01 -2.093886197082136746e+00 9.423803703910814400e-02 8.796824686082112876e+00 8.920686396789508921e-01 -1.861285052698723685e+00 -6.013851239238754420e-01 -3.806253097579367362e-01 7.368953395165790399e-01 -3.395085758836147855e-02 -1.324528719333196991e-01 -1.032761758374497324e-01 8.646773630690100798e-02 -1.748262070306993432e-01 1.471540473168494456e-01 4.948203394737085703e-02 -4.068625982357877702e-02 2.740755071336488657e-01 5.601312481743079275e-01 -2.109452756355215397e-01 -4.532597373879831970e-01 -3.218729292908807937e-01 -2.578914484682527375e-01
-4.343675275639877209e-02 2.413257673320464147e-01 8.562629140924471471e-02 8.760758887011227403e-02 -3.259662409062811239e-01 -4.983462373364177384e-02 4.458692125272382123e-01 2.987685029196918141e-01 -3.946893634103219028e-01 1.713751055504617038e-02 4.826231229260780076e-01 4.375469476677023017e-01 -3.407151944666619858e-01 -4.804024756969061949e-01 -3.018735531022004315e-01 -3.203963062141155366e-02 1.353839196625320929e+00 -4.978694492913227077e-02 -6.148790660229846994e-01 -2.185141519005916244e+00 8.920686396789508921e-01 1.018375511349304929e+01 7.631618986562539453e-01 -1.772989347983052300e+00 -6.611699103114420106e-01 -8.611125023963067671e-02 5.854391703850648776e-01 3.686485462633862231e-01 -2.902166212503984322e-01 -5.785852626201473115e-01 5.488794018006589587e-02 1.131064310187826910e-01 1.760090939889051853e-01 -3.309182520223115653e-01 2.626076095700280097e-02 5.150434493609398201e-01 1.033287347991343808e+00 3.619439767728448859e-02 4.147246492839203741e-02 -2.629151694484745949e-01
-2.717844299040453326e-01 -1.131556669676631738e-01 3.524275062550528970e-02 1.372118241422702334e-01 -1.606596670439966734e-01 -2.954189638061077150e-01 1.822795138050671004e-01 2.500317177554486035e-03 3.764663726270807143e-01 4.727716215676108225e-01 4.275761366186089929e-02 2.135811139955285931e-01 1.127880240507899007e-01 2.282812562709042037e-01 1.243673606223936468e-01 -3.536128276402029091e-01 5.492761819631838405e-01 4.322647123667913149e-01 -5.426681554406769248e-01 -9.569518628820332662e-01 -1.861285052698723685e+00 7.631618986562539453e-01 1.030851183537271076e+01 5.849956761644311554e-01 -2.958962833132183778e+00 -7.742060363333591599e-01 -3.428061017718898179e-02 4.964153102338518808e-01 1.024880665467797118e-03 -4.724656845715522469e-01 3.824166028215228441e-01 3.968345347538204670e-01 2.678580459860595009e-01 -7.148225758520900808e-01 -6.599125110730805766e-01 -1.425325816353855413e-01 -3.324088153274455948e-01 1.012664053437604267e-01 -2.688725291024086569e-02 2.832836531965085003e-01
-4.549717653299305276e-02 5.444237168335573918e-01 2.072272119946932251e-02 -1.000483452974735427e-02 9.204212423251717512e-02 2.392948538914309864e-01 -7.288402616352465113e-01 3.380481035832397785e-01 3.198319005659741587e-01 -7.207628724608728943e-01 -5.721903493194954032e-02 -9.392377980108362889e-02 4.596169827828513466e-01 3.280775705040464563e-01 -1.160030154052917040e-01 4.090214563954451266e-01 3.639368881364177799e-01 6.305019367031384769e-01 -3.394585489400125944e-01 -6.085798697562342374e-01 -6.013851239238754420e-01 -1.772989347983052300e+00 5.849956761644311554e-01 1.022914928437744209e+01 6.680922407387317463e-01 -1.975699937286228947e+00 -1.062314187290889222e-01 2.388202876691667975e-01 6.205625070935181231e-01 3.996749444941971041e-01 -3.845889944590277776e-02 -2.975208792082251752e-01 1.341275915356846260e-01 9.354773660668209631e-03 2.460667358891866774e-01 -6.800096724750881449e-01 -6.837925649014517382e-02 6.639538463860823470e-01 4.803254095143933422e-01 -3.709369253933811894e-01
1.662267211701808634e-01 -7.912538422632772184e-01 6.784385623261242337e-02 2.302369542941107849e-01 -1.095046196111472803e+00 -1.745193198546144070e-03 -2.213806057965266028e-01 9.047754967757518085e-02 -1.974963429773623769e-01 -2.309568303146489754e-01 3.681598219884714140e-01 -2.062319696141787229e-01 1.469389333976228729e-01 -8.533937442104729820e-01 8.152130415897749227e-01 1.517134966735192714e-01 -5.060326718393860501e-01 -3.743087056003517876e-01 5.421354496829758896e-01 7.486713737079814246e-01 -3.806253097579367362e-01 -6.611699103114420106e-01 -2.958962833132183778e+00 6.680922407387317463e-01 1.058868187370579861e+01 9.257324135344984217e-01 -1.919766397288697135e+00 -7.346480085080417943e-01 -6.306475820182952940e-01 5.886784435703643625e-01 7.145078284858723261e-02 2.546340091529830096e-01 -3.415670671484007798e-02 5.798152013044266528e-01 -7.636831552485574826e-02 -5.013407853113296397e-01 -9.689786559401995791e-02 7.148483158995030395e-01 -4.856113732030878372e-02 2.848295933955660719e-01
-1.541798354532367410e-01 -3.086410821974969743e-01 3.836141326322308753e-01 1.189203065402396481e-01 -4.651437543052469592e-01 1.550560708851183023e-01 -3.820254873341401014e-01 -1.786693565900643599e-01 -3.673144677987471574e-01 -4.865474616726922497e-01 -1.137716349364879809e-01 2.668796146471180131e-01 -2.787850177454439526e-01 -1.044898925715867177e+00 3.062919626367960890e-01 3.654734760991991127e-01 2.819676044327501518e-01 -1.390127362402102107e-01 -7.328538443142191827e-01 2.841221769435108707e-02 7.368953395165790399e-01 -8.611125023963067671e-02 -7.742060363333591599e-01 -1.975699937286228947e+00 9.257324135344984217e-01 9.232044596825213389e+00 7.437287337561950817e-01 -1.500114635806204966e+00 -7.156406805682606898e-01 -5.899189419808138074e-02 2.839627220510400063e-01 4.791000158576431689e-01 -2.259253231426168740e-01 1.841279580146637784e-01 4.596153420140874739e-03 3.049845876528037292e-02 1.380422827096316751e-01 2.149946871494526901e-01 -1.131759688696449932e-02 -3.597064024468852456e-02
-4.148212050295469466e-01 7.775010012474283805e-01 4.110723684434021696e-01 -4.635841449052514052e-01 -8.147336344988613532e-02 9.325232909345176902e-02 -1.420191200825273725e-01 -1.873433873881207024e-01 4.487867641145200648e-01 -1.089949052187083739e-01 4.823289633530282727e-01 3.538130776521468401e-02 -1.845836431268026712e-01 3.363804228137323160e-01 -7.398876672947988231e-01 -8.098049341636085474e-01 5.243693687206266857e-02 4.948596913457271596e-01 -3.542865950739578218e-01 -4.917850269145082054e-01 -3.395085758836147855e-02 5.854391703850648776e-01 -3.428061017718898179e-02 -1.062314187290889222e-01 -1.919766397288697135e+00 7.437287337561950817e-01 9.163361812807831797e+00 1.090799817709758424e+00 -1.834175036186488805e+00 -7.776472694224058069e-01 -4.004257702240363592e-01 2.373189345316756016e-01 2.491858784482096911e-01 -3.680938409106343512e-01 -6.005826549873320985e-01 -3.754865691214396284e-01 3.701935713062709521e-01 2.116857522886201326e-01 5.893051214632766266e-01 2.691474242016194673e-01
-2.002191007722122287e-02 4.574567821301734893e-01 6.581424353135048588e-02 3.627299334804928721e-01 6.307446492041871196e-03 -2.824819914532535337e-01 -4.817267316636272834e-01 4.435649304202908816e-01 -2.961236403427067176e-01 -2.469936449570554471e-01 -3.232376423297307344e-01 -1.688765853045059440e-01 3.164778531897865510e-01 -1.090628574337570295e-01 -3.040964628394441371e-01 1.433507585868283932e-02 -3.947331263470647555e-01 -9.877179014367416798e-02 -1.751638163110634250e-01 1.300367476076759732e-01 -1.324528719333196991e-01 3.686485462633862231e-01 4.964153102338518808e-01 2.388202876691667975e-01 -7.346480085080417943e-01 -1.500114635806204966e+00 1.090799817709758424e+00 9.146708277688208710e+00 6.116544210991528008e-01 -1.788332748759998259e+00 -5.438975729875857867e-01 -3.779519305206585633e-01 4.346362039733129290e-01 -3.125983837847327584e-01 -3.592189410999575561e-01 -1.962145305491458380e-01 2.406848469194722007e-01 3.940883072136516230e-01 6.363360004752606491e-02 4.757386964634934164e-03
2.005242934184243986e-01 3.419115512105932453e-01 -6.410213953043079060e-01 5.546902156166714226e-01 4.909747074244713572e-01 -3.767483876099273713e-03 -3.335777324940408795e-01 2.272685351223731332e-01 6.772754064294085607e-02 -2.439208252868766413e-01 -5.024789417602064656e-01 -1.042629192758435380e-01 4.874783243350410689e-01 7.363234950182444560e-01 -2.775400647868008289e-02 6.988074277080894570e-01 -7.609278295465929931e-01 8.078254643700927273e-02 -2.255381808019715772e-01 -1.435536484448134975e-01 -1.032761758374497324e-01 -2.902166212503984322e-01 1.024880665467797118e-03 6.205625070935181231e-01 -6.306475820182952940e-01 -7.156406805682606898e-01 -1.834175036186488805e+00 6.116544210991528008e-01 8.951473012765285731e+00 6.809486093292250741e-01 -2.083669756538406581e+00 -1.169366371249139114e+00 -6.175970355414429902e-02 1.936243728531071018e-01 4.359046140683542347e-01 -3.746483451528878073e-01 -3.356446220922230106e-01 -1.145646296248293006e-01 3.562167000690242280e-01 4.291612134940710893e-02
1.708920589527916367e-01 1.158793431570046689e-01 -1.541225466410752754e-01 -2.413534762859863292e-01 1.484326017107696341e-03 1.523304918796124507e-01 -4.016799726223194839e-02 -3.168053212698874743e-01 1.033724912385766137e-01 -1.018000331129376677e-02 1.765653936263112678e-01 -1.506993427199762939e-02 8.658202479848478572e-02 -7.954827757638438523e-02 3.312723727779858796e-01 3.327458303438352027e-01 -4.520190639052064085e-01 4.600034553531807680e-01 1.111513029674090047e+00 4.218625736048831759e-02 8.646773630690100798e-02 -5.785852626201473115e-01 -4.724656845715522469e-01 3.996749444941971041e-01 5.886784435703643625e-01 -5.899189419808138074e-02 -7.776472694224058069e-01 -1.788332748759998259e+00 6.809486093292250741e-01 9.036683645940312815e+00 9.159579300393716483e-01 -1.775923389951917564e+00 -1.525552816550098445e+00 4.158683333868173349e-01 6.603955524802378463e-01 1.671782505602538160e-01 -1.094986912477512231e+00 -1.274855495375812608e-01 1.111640831711362964e-01 -1.632536329387592744e-01
1.843841543826223728e-01 5.761534767225897635e-01 4.437467489198607673e-01 -3.607853488982464274e-01 -1.579686474811695662e-01 -4.938464821234413438e-01 4.626978610153432148e-01 -5.102310184172968999e-01 3.134314736875735696e-01 6.457007483054381103e-01 2.025906097003373624e-02 -1.280723459489925831e-01 -2.179108270925177449e-01 1.947993497993612544e-01 3.774319490539646549e-01 -2.416941080237391681e-01 -3.071748639872667538e-02 -4.151889710404978451e-01 2.720447853700179164e-01 -1.583834318790220130e-01 -1.748262070306993432e-01 5.488794018006589587e-02 3.824166028215228441e-01 -3.845889944590277776e-02 7.145078284858723261e-02 2.839627220510400063e-01 -4.004257702240363592e-01 -5.438975729875857867e-01 -2.083669756538406581e+00 9.159579300393716483e-01 8.722936444384515653e+00 1.107879144194362508e+00 -2.000906509132867495e+00 -4.596737072717159145e-01 -4.009118698120147095e-01 3.278138870070880229e-01 3.317649679156705056e-01 1.144207482342619597e-01 -6.451733557894051563e-01 -5.381172479837095235e-01
3.085129179156905210e-01 -1.768504497031568035e-01 1.884854237051369619e-01 2.965590327354509226e-01 -3.503505661767261636e-01 9.472051709563060473e-02 -1.367907926379961954e-02 -4.224827169836485874e-01 2.629766891129455830e-01 3.815185727630135415e-02 -6.912790340273440581e-02 -3.765047666262642534e-01 -5.893080100428075285e-01 -5.817713447738971366e-01 3.034068139305555190e-01 2.294235072025413158e-01 1.744288839608709452e-01 -6.867223237720185836e-01 -5.816694307121890173e-01 4.073738328247345497e-01 1.471540473168494456e-01 1.131064310187826910e-01 3.968345347538204670e-01 -2.975208792082251752e-01 2.546340091529830096e-01 4.791000158576431689e-01 2.373189345316756016e-01 -3.779519305206585633e-01 -1.169366371249139114e+00 -1.775923389951917564e+00 1.107879144194362508e+00 9.770928826655994826e+00 -5.002211987990634601e-02 -1.887534415880029348e+00 -4.354159565441515500e-01 -4.715960343874207039e-01 5.351474131386473321e-01 3.111034450920454053e-01 -2.361018651573889345e-03 1.515431721911247587e-01
-7.850048381679037846e-01 -1.842060896934742328e-02 -1.245516655671630168e-01 3.922424426233471761e-01 1.978263786513556888e-01 -4.543283081636260712e-01 -2.263025197016334533e-01 -2.032974476660201202e-01 -1.060567883424877955e+00 3.511801233742656847e-01 1.860668165080580638e-01 5.683377732608082544e-01 4.093374182234782999e-01 -1.411317219155013014e-01 -5.965746915720944177e-01 -2.980547858270278516e-02 -8.968117315332616024e-02 -2.939110748141719465e-01 -7.092384349570042545e-02 -2.649872954149251059e-01 4.948203394737085703e-02 1.760090939889051853e-01 2.678580459860595009e-01 1.341275915356846260e-01 -3.415670671484007798e-02 -2.259253231426168740e-01 2.491858784482096911e-01 4.346362039733129290e-01 -6.175970355414429902e-02 -1.525552816550098445e+00 -2.000906509132867495e+00 -5.002211987990634601e-02 1.028437281786645308e+01 1.166183015403758905e+00 -1.916678437568654969e+00 -1.140743136972644400e+00 -3.244061526101694320e-02 6.537862409751945547e-01 -7.237947739824052151e-02 -5.466890187303871107e-01
-5.007154101836692739e-01 -2.670763092559857999e-01 -3.344112069146619737e-01 4.541370860799112674e-01 1.212600653395595890e-01 4.759752837569472539e-01 -2.719440614495254316e-01 -3.618622967935242740e-01 -4.063227979633791120e-01 2.783909754704422257e-01 -2.288657656649706051e-01 1.683060677692502227e-01 1.802383012596316669e-01 1.112069713648366487e-01 -1.476680046863800000e-01 -6.911537399412608085e-02 -8.028786360659422028e-02 3.631804219000281386e-01 5.393009694657483477e-01 3.660048925271334186e-01 -4.068625982357877702e-02 -3.309182520223115653e-01 -7.148225758520900808e-01 9.354773660668209631e-03 5.798152013044266528e-01 1.841279580146637784e-01 -3.680938409106343512e-01 -3.125983837847327584e-01 1.936243728531071018e-01 4.158683333868173349e-01 -4.596737072717159145e-01 -1.887534415880029348e+00 1.166183015403758905e+00 9.389757050412507411e+00 9.204273225853448759e-01 -2.238950606372438923e+00 -3.519464731093405740e-01 5.645598313367399673e-02 -9.416951995903879991e-02 -6.606742430545856082e-02
6.297513493454084399e-01 -1.472580514032052201e-01 -1.069976172908014833e-01 2.251935355679136885e-01 7.621387034982690656e-02 3.634289193232003168e-01 4.098665620709210922e-01 -1.930610926760192025e-01 -1.270155213372945457e-01 -2.408745524716332798e-01 -6.581099084558361678e-01 -1.523113891024670263e-01 5.898752419294348709e-02 5.112190064509859466e-01 3.136040535393885276e-01 -3.772159949346268748e-01 -7.816064097016861556e-02 4.487823602099894060e-01 -1.761432715121505344e-02 3.090865477496768099e-02 2.740755071336488657e-01 2.626076095700280097e-02 -6.599125110730805766e-01 2.460667358891866774e-01 -7.636831552485574826e-02 4.596153420140874739e-03 -6.005826549873320985e-01 -3.592189410999575561e-01 4.359046140683542347e-01 6.603955524802378463e-01 -4.009118698120147095e-01 -4.354159565441515500e-01 -1.916678437568654969e+00 9.204273225853448759e-01 1.018606852551803854e+01 7.827517285779960199e-01 -1.978743941401707840e+00 -1.124815538410107951e+00 -2.280213415384867437e-01 3.862345758012800667e-01
5.765571241565549121e-01 4.235393742162378850e-01 5.786333391922238167e-01 -6.050878341033762986e-01 -1.809475093383957067e-01 -2.062403504934489651e-01 8.502463964209182323e-02 4.904145416007749114e-01 2.647106908556832727e-01 2.161419015460556703e-01 -2.548860678796697199e-01 -5.102482223142223994e-01 1.353789833791879949e-01 -2.604539346202337513e-01 3.618919346650985580e-01 1.100027689460436747e-01 5.393930228045017428e-01 -2.623016316451696750e-01 -5.315012636909732108e-02 -6.875987838146390037e-03 5.601312481743079275e-01 5.150434493609398201e-01 -1.425325816353855413e-01 -6.800096724750881449e-01 -5.013407853113296397e-01 3.049845876528037292e-02 -3.754865691214396284e-01 -1.962145305491458380e-01 -3.746483451528878073e-01 1.671782505602538160e-01 3.278138870070880229e-01 -4.715960343874207039e-01 -1.140743136972644400e+00 -2.238950606372438923e+00 7.827517285779960199e-01 9.217482059442957620e+00 5.664193540910434921e-01 -1.979174445011953054e+00 -1.106552964582286913e+00 -3.720113355957590517e-01
-7.921785461259490679e-01 -9.947257963757108468e-02 3.895629886966328614e-01 1.751999914944731007e-01 2.453963553027256050e-01 -2.336472002124129754e-01 -5.376582826902371881e-01 -2.547421547719120882e-01 6.260831345283740523e-01 6.161562853824572583e-01 -1.030551495445515692e-01 -3.574938664975906288e-01 -2.441386642976959565e-01 -3.794937322949639702e-01 -1.361370825205261981e-01 6.894388565875952946e-01 2.068282182465913388e-01 -8.381302825813143897e-01 1.320340306334609991e-02 4.718528257954728022e-02 -2.109452756355215397e-01 1.033287347991343808e+00 -3.324088153274455948e-01 -6.837925649014517382e-02 -9.689786559401995791e-02 1.380422827096316751e-01 3.701935713062709521e-01 2.406848469194722007e-01 -3.356446220922230106e-01 -1.094986912477512231e+00 3.317649679156705056e-01 5.351474131386473321e-01 -3.244061526101694320e-02 -3.519464731093405740e-01 -1.978743941401707840e+00 5.664193540910434921e-01 9.575694224025479429e+00 6.986562276921600700e-01 -1.916912989302969939e+00 -5.143566346586386784e-01
-9.450876520219312349e-01 -2.721568063382872604e-01 3.703622258227198261e-01 2.778088511054331855e-01 -5.662471532684368314e-02 -1.875347215292839653e-01 -2.618746942824036195e-01 8.181164002041372285e-01 -1.493925979725586328e-01 -4.844536607947929480e-02 2.800520732038644378e-01 3.729850077819294452e-01 -1.647144570174110534e-01 9.159059739302798098e-02 2.820048594268967923e-01 6.778469211022714047e-01 5.152981136317218436e-01 2.197462387749325452e-01 -2.660840075226922896e-01 -4.024916956581653382e-01 -4.532597373879831970e-01 3.619439767728448859e-02 1.012664053437604267e-01 6.639538463860823470e-01 7.148483158995030395e-01 2.149946871494526901e-01 2.116857522886201326e-01 3.940883072136516230e-01 -1.145646296248293006e-01 -1.274855495375812608e-01 1.144207482342619597e-01 3.111034450920454053e-01 6.537862409751945547e-01 5.645598313367399673e-02 -1.124815538410107951e+00 -1.979174445011953054e+00 6.986562276921600700e-01 9.498248131388061566e+00 4.893954592650303081e-01 -1.761848734015621254e+00
-2.169957426717052051e+00 -9.003242540862765875e-01 -2.969651219005230158e-02 8.922732861125971526e-01 3.054050774399997281e-01 -5.469705222384096954e-01 7.218149491699797637e-02 9.998659366181029962e-02 4.317736859594634852e-02 2.690848910127762172e-01 5.055304149576488326e-01 4.575656543166516377e-01 1.229743663882166965e-01 -1.093285361560224489e-01 -4.645831799632633152e-01 -6.705490260467052988e-01 5.548012142543564534e-02 7.261638837694137649e-01 -2.171606699240997418e-01 -1.667404437405540507e-01 -3.218729292908807937e-01 4.147246492839203741e-02 -2.688725291024086569e-02 4.803254095143933422e-01 -4.856113732030878372e-02 -1.131759688696449932e-02 5.893051214632766266e-01 6.363360004752606491e-02 3.562167000690242280e-01 1.111640831711362964e-01 -6.451733557894051563e-01 -2.361018651573889345e-03 -7.237947739824052151e-02 -9.416951995903879991e-02 -2.280213415384867437e-01 -1.106552964582286913e+00 -1.916912989302969939e+00 4.893954592650303081e-01 9.245959712161019084e+00 6.912329311525271525e-01
