1.088871479738038417e+01 1.642897472376432522e-01 -2.042727246973623956e+00 -9.273777745373708026e-01 -2.894703230858485243e-01 4.690899264311205741e-01 2.780192256270566653e-01 4.691066422839833550e-01 2.375169807021479396e-01 7.099004044264296820e-02 1.790938802603825319e-01 -3.248896998403695835e-01 1.011580779526649251e-02 5.216169678183650849e-01 1.955602397011991234e-01 -4.349458127301075727e-02 -8.457531999171982173e-01 -3.461929306068352828e-03 6.301594749179822985e-01 5.964031293055458427e-01 -3.489079806740209844e-02 1.665653057092277012e-01 -1.787202626879529771e-02 -4.561743984702167909e-01 -1.542682834465630426e-01 -3.435699439235090358e-01 -6.359900417422479357e-01 4.311587942373059090e-01 6.548045103483896012e-02 4.807336259890515606e-01 -1.286199079990613670e-01 -1.239194214962790891e-01 -3.290509748320715189e-01 -6.983915214371901048e-02 5.631543427086896925e-01 2.509004047934755288e-01 -6.592209734928270448e-01 -5.583583358010066888e-01 -1.768319853955741205e+00 3.788753049800446249e-01
1.642897472376432522e-01 9.982064278456292072e+00 3.099321377793443633e-01 -1.882618652093430489e+00 -1.062073213539865169e+00 1.126129213155629832e-01 4.829911975488866416e-01 4.807409801430993779e-02 -8.158367728120922147e-01 -1.831681405797909723e-01 5.982595525319704677e-02 5.780730603252993982e-02 3.157162773612253726e-01 5.897494440901750179e-02 -4.218834438924346647e-02 -1.523833071394989358e-02 -7.800576495089789342e-02 -2.362393843784913947e-02 4.628941732220939742e-01 9.632012711244842817e-01 1.078531923199557568e-01 -6.750508058760836816e-01 1.367323851724078047e-02 1.797511370651802276e-01 -1.273607013703450530e-01 -3.453118478320166274e-01 8.644160144669850443e-02 1.384229031437350377e-01 3.793711471742118591e-02 4.180589327673313593e-01 3.043391340360663277e-01 3.463021154638832866e-01 -1.789752779236890856e-01 -2.079296981939124378e-01 2.856087295374387103e-01 2.058927638528068038e-01 8.150331092193933286e-03 -3.429217393239307465e-02 -8.428425952603950666e-01 -2.352098202033896079e+00
-2.042727246973623956e+00 3.099321377793443633e-01 8.852408822188515103e+00 2.862010645162080019e-05 -2.288316774752173988e+00 -3.542264113033608552e-01 2.300493621024899960e-01 4.050967107793408406e-01 4.186320981006867725e-02 3.339318735411714867e-01 -6.514674397200547196e-01 -1.087548363551372743e-01 9.565279486486144567e-02 3.510911685495591433e-02 8.009403724639853339e-03 2.317625646584668131e-01 1.208104531126435038e-01 -3.994748586110923039e-02 -7.830553016737393790e-01 2.198745092786165423e-01 3.433406953906560921e-01 5.979287477766066505e-01 1.838278353308976099e-01 -4.875543156226951058e-02 -4.917856984728524727e-01 3.939975657891788274e-01 1.155272247038900302e+00 -3.211709301509426545e-02 -6.669838495789519595e-01 -1.278641681693153120e-01 4.384426054679525508e-01 5.874104852767915164e-01 9.895287980192792043e-02 -4.215310880773920355e-01 -4.543069793536591572e-01 -8.141575824357658378e-03 5.801722426331725746e-01 4.352935423474985077e-02 -5.872738067798957129e-01 3.298195397328597400e-02
-9.273777745373708026e-01 -1.882618652093430489e+00 2.862010645162080019e-05 8.222724490279890830e+00 -7.638607190293854321e-02 -1.411208583507306269e+00 -2.257734018743943472e-01 -5.659722585016980778e-01 4.407230017671777134e-01 -5.624993147278401634e-02 -8.143612761872183192e-01 7.632864151288404342e-02 -4.188092890083097708e-01 5.207255566268455954e-02 4.110596127262555743e-01 2.980334997529376362e-01 -2.620988336960882736e-01 2.233954173797194909e-01 -1.670645167018092458e-01 1.081847942953617497e-01 -1.376138019454647698e-01 9.710642626949482492e-02 -7.361744208971975068e-02 -2.823591924165951283e-01 1.493430348817034736e-01 2.746937991462887196e-01 5.078790284899790258e-02 2.157254981129680949e-01 1.084776198730208752e-01 -6.685586524849859158e-01 -2.045126709947695243e-01 4.021792390053997024e-01 2.280313792231073444e-01 -1.947681866455824307e-01 -1.949569382088218727e-01 -1.967116192934058594e-01 -4.993348718428568256e-02 1.223111186348873197e-01 1.037973710382584125e+00 -7.492708431550016979e-01
-2.894703230858485243e-01 -1.062073213539865169e+00 -2.288316774752173988e+00 -7.638607190293854321e-02 8.409703246640056307e+00 5.338452457281893659e-01 -1.060730603960109875e+00 -1.057885998285688078e+00 -1.887719890328334593e-01 3.713012823383572414e-01 -6.468441822363450722e-02 -9.791123862637997333e-02 4.197095884587932479e-01 3.653058048910624023e-01 2.169904399670752326e-01 5.393999613561895057e-02 -1.121454840987480273e-01 -4.924415153560655067e-01 2.641628598133144434e-01 -2.772829501676073449e-01 -5.242630789024443905e-01 -3.161914468250159871e-01 2.196929143653283956e-01 2.828062359322712771e-01 -1.764165572958791284e-01 -4.127476212392728327e-01 -7.574222100365015642e-01 -3.377909960586149007e-01 3.626004711750661635e-01 1.082627458358084438e-01 -2.512491678392432815e-01 -1.065924689484647248e+00 4.321680040432177572e-01 5.457247748159147482e-01 3.465031158331459693e-01 7.216546090900440025e-02 -2.643428659107119327e-01 -2.858712746852737699e-02 3.344764193350450165e-01 4.355683750184825009e-01
4.690899264311205741e-01 1.126129213155629832e-01 -3.542264113033608552e-01 -1.411208583507306269e+00 5.338452457281893659e-01 9.002979097628173832e+00 8.249229773748999461e-01 -2.454876443770443117e+00 -1.467318357722888544e+00 -1.853108646598769504e-02 7.550184169786177124e-01 -3.033984439994234089e-02 -5.132685343051716087e-01 -2.650516751459191522e-01 -3.207281008056612343e-02 -2.812591068170125497e-01 -1.146479495636211487e-01 -5.934209107046839460e-02 2.967174806370731499e-01 2.249199796210097149e-02 2.387064904690176514e-01 2.347488395415797680e-02 -6.746532257662756216e-01 4.736432489530939538e-01 7.952202712114761485e-02 3.540860948662951507e-02 -5.628579394772967870e-01 -1.531605632736781630e-01 1.117118713654052936e-01 -7.347098575474808602e-02 -2.287665933741521163e-01 1.343779768251232853e-01 -1.222080089915388718e-01 3.817277087839239802e-01 9.199937533251049127e-01 2.329568078423635558e-01 -3.776126941256481850e-01 -7.449156566316109673e-01 -2.731164466895285581e-01 5.748847016976837976e-01
2.780192256270566653e-01 4.829911975488866416e-01 2.300493621024899960e-01 -2.257734018743943472e-01 -1.060730603960109875e+00 8.249229773748999461e-01 8.760585149705066854e+00 7.861264111393898579e-01 -2.579695981198828925e+00 -3.902827564419558137e-01 3.333371493248152850e-01 1.473028417617051333e-01 -1.664062032875089636e-01 -2.978597699883867023e-02 -5.274810000522830444e-01 5.509426217612355126e-02 3.477348964640870621e-01 8.496678445458644147e-02 -7.411007656168158153e-01 -2.650263231982813994e-01 5.459211004235248188e-01 4.525568689918131327e-01 1.095229471367916291e-01 2.043638042610733743e-02 3.744367751842473876e-03 -2.226279647491813396e-01 -2.215834487635622574e-01 -1.990681529269812677e-01 4.462627291721137923e-01 -9.830056141977307205e-02 -2.429134001952158173e-01 1.852518425136161218e-01 -2.314886448009692288e-01 -8.768618318414483914e-01 2.896925740393969106e-01 2.385775884388169898e-01 -5.674038653820462352e-01 -1.358548752218206035e-01 2.043176853011454408e-01 3.710030329564022178e-02
4.691066422839833550e-01 4.807409801430993779e-02 4.050967107793408406e-01 -5.659722585016980778e-01 -1.057885998285688078e+00 -2.454876443770443117e+00 7.861264111393898579e-01 1.159853372683741668e+01 8.977584130032002507e-01 -2.187040189407178481e+00 -1.381225614142945979e+00 6.532704166177272231e-02 5.901668562596443790e-01 -5.335086958680881897e-02 2.289082834301006952e-01 -1.018753738768318345e-01 -5.213485979674050558e-02 -3.826238690804184550e-01 2.640971653733466262e-02 -2.706646638487126277e-01 2.947109214727423598e-01 4.793441170848152244e-01 -4.993466553733889035e-01 -3.493850222595279442e-02 1.070457415021860287e-01 3.203546248212163494e-01 1.267554748164193279e-01 1.406875273953113181e-01 -1.110803945279888183e-01 7.351441907815843280e-01 3.065880653019623786e-02 3.413193220548355056e-01 -2.250558141565075221e-01 -2.495676614897123780e-01 -1.475591585945849882e-01 -2.112583129931564496e-01 -2.774383077209440218e-01 2.141051242312794478e-01 -4.797658300266770537e-01 -9.694579765139099692e-02
2.375169807021479396e-01 -8.158367728120922147e-01 4.186320981006867725e-02 4.407230017671777134e-01 -1.887719890328334593e-01 -1.467318357722888544e+00 -2.579695981198828925e+00 8.977584130032002507e-01 1.178001865319346564e+01 1.113816454371463704e+00 -2.806550889174943997e+00 -1.021855989446528445e+00 -9.909671311038583882e-03 5.515274130044854894e-01 8.308315972850789377e-01 -2.515617808690223667e-01 -1.877688276081679319e-01 4.841647001919877763e-02 -3.147416665911444839e-02 -2.489767339384925393e-01 -7.580730972370480769e-01 2.260121896259125185e-01 5.144590954344879785e-01 -9.108626173923559111e-02 5.558748135217969621e-02 7.107422446689781736e-02 5.451503510393731489e-01 1.448489797660840184e-01 -1.617551108477509048e-01 1.501297877426683858e-01 6.113447095261108633e-01 2.678720178277823605e-01 -6.110802545118179108e-01 -4.971244764343573097e-01 -2.363289610834138077e-01 2.848926023819512432e-01 2.463708775766249859e-01 -4.019677262135727958e-01 -3.878336326037638560e-01 -5.360972799490036911e-01
7.099004044264296820e-02 -1.831681405797909723e-01 3.339318735411714867e-01 -5.624993147278401634e-02 3.713012823383572414e-01 -1.853108646598769504e-02 -3.902827564419558137e-01 -2.187040189407178481e+00 1.113816454371463704e+00 1.131401336974228578e+01 2.666576294915586343e-01 -2.074231498160800768e+00 -4.822622706625118161e-01 -1.912447704767843426e-01 3.592944210889318923e-01 4.781502302183263109e-01 4.644466345676633301e-01 -1.101616328436440861e+00 -1.417991612692847958e-01 7.422446021680084716e-01 -3.668441415343787759e-01 4.197292775894117534e-01 8.086157030979648219e-01 -4.557636501426211573e-01 -1.906695456575539238e-01 -2.195250820591763130e-01 4.572977245653145895e-01 -3.558958923166024441e-02 3.161474496375437093e-01 -2.960663359046794216e-02 1.042815055889526471e-01 -1.197483784804932588e-01 1.370587782614280659e-01 1.672395183799449958e-01 -3.878266636973339704e-02 1.402039238017580847e-01 -7.155758748739729502e-02 -9.032806116426847498e-02 -6.275678808986797641e-01 5.492592091855690306e-01
1.790938802603825319e-01 5.982595525319704677e-02 -6.514674397200547196e-01 -8.143612761872183192e-01 -6.468441822363450722e-02 7.550184169786177124e-01 3.333371493248152850e-01 -1.381225614142945979e+00 -2.806550889174943997e+00 2.666576294915586343e-01 1.098211139232166644e+01 7.990221641198472780e-01 -2.093593245956344440e+00 -2.654334276383698565e+00 -8.131702603085322334e-01 9.048075266109215642e-01 7.317908437706840408e-01 -3.317934889201201165e-01 -3.866486262890722059e-01 2.491577018244613313e-03 2.784951246779970857e-01 7.688455031053040289e-02 1.585950756011234308e-01 2.410918480562260213e-01 2.041585237610124559e-01 -6.213562813672585117e-01 -4.400614094473318527e-01 3.646314807873375918e-01 -3.947697613274403494e-01 1.033763244685401428e-01 4.565655701448348980e-01 -2.475279913600875459e-01 6.724765386061784533e-02 -4.258606921111695587e-01 -1.796317724353126144e-01 9.959646780820487211e-02 -8.840670422696195185e-01 4.525803314679826550e-01 -1.694625950035897610e-01 8.194096827743809763e-01
-3.248896998403695835e-01 5.780730603252993982e-02 -1.087548363551372743e-01 7.632864151288404342e-02 -9.791123862637997333e-02 -3.033984439994234089e-02 1.473028417617051333e-01 6.532704166177272231e-02 -1.021855989446528445e+00 -2.074231498160800768e+00 7.990221641198472780e-01 9.709395728087288902e+00 5.713449574290796473e-01 -2.011648715522013742e+00 -1.278055107116245370e+00 -5.155065910126833684e-01 6.272893869043230097e-01 4.548562510852830476e-01 -8.148321806833816461e-02 -1.022234898988752527e-01 1.507046735989048813e-01 -2.564768244048079016e-01 -1.433175728809238381e-01 9.266136147196962769e-02 -2.924979923614244304e-01 2.763594529657746879e-01 -2.276761780439812977e-01 -1.063868684815524705e-02 -2.878367305192475745e-01 -2.780786079757540108e-01 3.124828121312127616e-01 -2.660739238632309211e-01 5.220118365113283337e-02 6.131828053923843447e-02 6.513012711858257031e-02 3.651865744872779401e-02 -5.411009025625727054e-01 2.775221572208891319e-01 1.542163591884213591e-01 -3.503449373981060155e-01
1.011580779526649251e-02 3.157162773612253726e-01 9.565279486486144567e-02 -4.188092890083097708e-01 4.197095884587932479e-01 -5.132685343051716087e-01 -1.664062032875089636e-01 5.901668562596443790e-01 -9.909671311038583882e-03 -4.822622706625118161e-01 -2.093593245956344440e+00 5.713449574290796473e-01 1.101892087380083751e+01 6.650051740055051841e-01 -2.301457645513146133e+00 -4.515316257259293642e-01 -2.866795391788834468e-01 5.570516623904464559e-01 5.263382746619235109e-01 -2.024891096879521402e-01 -3.177002020103106839e-01 -2.962155477912394308e-01 -2.372285443102736813e-03 1.853995226712378680e-02 -2.475814038055730026e-01 4.253770679993353343e-01 -2.841646397837594984e-01 -3.391950039324484467e-01 6.870715893624015913e-02 2.941830056622026235e-01 -4.988670939526046455e-01 -2.141488994547534053e-01 -4.597005581133477015e-01 6.022499359469600799e-01 5.319520319694772542e-02 8.103973880046475009e-02 5.401139423940166662e-01 -4.345418406879402728e-01 -5.815008242576935604e-02 -2.311438785122467421e-01
5.216169678183650849e-01 5.897494440901750179e-02 3.510911685495591433e-02 5.207255566268455954e-02 3.653058048910624023e-01 -2.650516751459191522e-01 -2.978597699883867023e-02 -5.335086958680881897e-02 5.515274130044854894e-01 -1.912447704767843426e-01 -2.654334276383698565e+00 -2.011648715522013742e+00 6.650051740055051841e-01 1.077620217238850486e+01 7.736867110470476705e-01 -2.003782267342253398e+00 -1.239991459721188072e+00 -4.008956768959190398e-02 9.933898089551425059e-01 1.565633280685613804e-01 -2.558234231525049474e-01 2.983236270351012354e-01 -7.138092719465975733e-02 -2.482785525970510887e-01 -7.845180732576979565e-01 4.217019653108496774e-03 3.880246487472201466e-01 -3.571833931114599681e-01 2.633473867542637237e-01 -6.391394177256394249e-01 -2.350779424445008647e-01 -2.987156741349462630e-01 -2.994360092196473033e-01 4.986607350163514418e-01 2.271174519400132388e-02 -4.629080367068471591e-01 1.235737082433025491e-01 -3.826048784594874852e-01 9.480929008906719899e-03 -2.294891827442545329e-01
1.955602397011991234e-01 -4.218834438924346647e-02 8.009403724639853339e-03 4.110596127262555743e-01 2.169904399670752326e-01 -3.207281008056612343e-02 -5.274810000522830444e-01 2.289082834301006952e-01 8.308315972850789377e-01 3.592944210889318923e-01 -8.131702603085322334e-01 -1.278055107116245370e+00 -2.301457645513146133e+00 7.736867110470476705e-01 9.569479012023302644e+00 2.631593377244736617e-02 -2.206602948287967880e+00 -9.649542512154898333e-01 -1.014414763122466617e-01 1.346576906498955450e+00 -2.123770104103591891e-02 -2.708067501151245060e-01 -4.942823151588569136e-02 -6.358447507360827089e-01 4.658023271991962866e-01 5.125111003022297940e-01 2.623088054278899239e-01 -7.928843655345048716e-03 -4.392862646749018940e-01 -2.199082248623971947e-01 5.103518330470618869e-01 6.440378930749973696e-01 -5.602712681706362163e-01 -4.704952676714151405e-01 -2.185788731208827829e-01 -3.336079301431960076e-02 1.848262653357941043e-01 -8.963505619931842749e-02 2.320418555369094943e-02 2.477792254838149522e-01
-4.349458127301075727e-02 -1.523833071394989358e-02 2.317625646584668131e-01 2.980334997529376362e-01 5.393999613561895057e-02 -2.812591068170125497e-01 5.509426217612355126e-02 -1.018753738768318345e-01 -2.515617808690223667e-01 4.781502302183263109e-01 9.048075266109215642e-01 -5.155065910126833684e-01 -4.515316257259293642e-01 -2.003782267342253398e+00 2.631593377244736617e-02 1.078884960939650739e+01 3.840130328888375910e-01 -1.849086467696973601e+00 -3.013133119842124064e-01 -4.239991795607814251e-01 5.971171920661580979e-01 4.247624298465630943e-01 -2.306863830590752118e-01 -8.229056572758414179e-02 3.013985588449938913e-01 -2.930926565988917210e-01 -1.140744414102099258e+00 6.335501251840616188e-01 7.737355036485196180e-01 -1.702085599230049595e-01 -3.208024033717654655e-01 4.611973004287290845e-01 -8.455631190791113028e-02 -2.273818834996841620e-01 -7.358310060771938114e-04 8.161480975334664545e-02 4.656917540522604315e-01 7.992227854221650718e-01 -3.079669720897960233e-02 -2.856732816826660915e-01
-8.457531999171982173e-01 -7.800576495089789342e-02 1.208104531126435038e-01 -2.620988336960882736e-01 -1.121454840987480273e-01 -1.146479495636211487e-01 3.477348964640870621e-01 -5.213485979674050558e-02 -1.877688276081679319e-01 4.644466345676633301e-01 7.317908437706840408e-01 6.272893869043230097e-01 -2.866795391788834468e-01 -1.239991459721188072e+00 -2.206602948287967880e+00 3.840130328888375910e-01 9.504870961946657815e+00 8.518706690744175525e-01 -1.471647425805289178e+00 -1.065469196163576049e+00 -5.221001331854889516e-02 8.855005187939071210e-01 -4.153346821180733950e-02 3.267610022384802027e-01 5.624992589606528370e-02 2.161990888666066035e-01 9.958117786326900478e-02 -2.235373287043839197e-01 -3.362278430647132055e-01 -2.036795526520471800e-01 5.075037956429074848e-01 -6.068884273993965794e-02 -5.688255660541671754e-02 3.502458701128441931e-01 -3.314101523375282410e-01 5.378092516816259522e-02 -3.708484986521848326e-01 1.834366383385648003e-01 5.151240306846193162e-01 -4.437283192797690790e-01
-3.461929306068352828e-03 -2.362393843784913947e-02 -3.994748586110923039e-02 2.233954173797194909e-01 -4.924415153560655067e-01 -5.934209107046839460e-02 8.496678445458644147e-02 -3.826238690804184550e-01 4.841647001919877763e-02 -1.101616328436440861e+00 -3.317934889201201165e-01 4.548562510852830476e-01 5.570516623904464559e-01 -4.008956768959190398e-02 -9.649542512154898333e-01 -1.849086467696973601e+00 8.518706690744175525e-01 9.168854484638357505e+00 6.791587466269396467e-01 -1.891627505246247898e+00 -1.036650250712199961e+00 -1.069578041267288837e+00 6.793733094453757726e-01 4.484202600857565835e-01 -1.863096147712694772e-01 -1.389528396082333195e-01 -4.880823632311627747e-01 -2.187534671869625358e-01 -3.537039628182849782e-01 -9.958216879553277723e-02 -2.742165030586171115e-01 -5.687026938532686593e-01 -5.006346035635714231e-02 1.461051945324664814e-01 2.196010690708325996e-01 -4.503533544639741759e-01 -5.236777586155971775e-01 -1.917195616628169785e-01 3.512681627579084531e-01 6.527165958246408141e-03
6.301594749179822985e-01 4.628941732220939742e-01 -7.830553016737393790e-01 -1.670645167018092458e-01 2.641628598133144434e-01 2.967174806370731499e-01 -7.411007656168158153e-01 2.640971653733466262e-02 -3.147416665911444839e-02 -1.417991612692847958e-01 -3.866486262890722059e-01 -8.148321806833816461e-02 5.263382746619235109e-01 9.933898089551425059e-01 -1.014414763122466617e-01 -3.013133119842124064e-01 -1.471647425805289178e+00 6.791587466269396467e-01 8.549587841199720373e+00 2.405265118121830969e-01 -2.056673103973522210e+00 -8.956116280884948155e-01 -7.019542420099734725e-01 2.670780659895047315e-01 5.248320885850765727e-01 3.926357684661089809e-01 -4.554866872555426438e-01 -6.666025911283804950e-01 -3.585376085328138562e-01 4.395193345414450947e-01 -2.340079205903565218e-01 -8.702919799577774063e-02 8.020337675444254300e-02 2.556196398308085982e-01 3.268126220805930848e-01 4.821689250876442512e-01 -3.838478397960809474e-01 2.724104544411626305e-01 -8.780442240176111746e-02 4.477548437598655728e-01
5.964031293055458427e-01 9.632012711244842817e-01 2.198745092786165423e-01 1.081847942953617497e-01 -2.772829501676073449e-01 2.249199796210097149e-02 -2.650263231982813994e-01 -2.706646638487126277e-01 -2.489767339384925393e-01 7.422446021680084716e-01 2.491577018244613313e-03 -1.022234898988752527e-01 -2.024891096879521402e-01 1.565633280685613804e-01 1.346576906498955450e+00 -4.239991795607814251e-01 -1.065469196163576049e+00 -1.891627505246247898e+00 2.405265118121830969e-01 9.088730527789007141e+00 4.833593305601230350e-01 -1.773530822135446661e+00 -1.108310847699501167e+00 -1.594982803003782701e-01 5.405424271091608945e-01 2.824929773953623324e-01 1.449769805663955469e-01 -3.328865350480536556e-01 -5.558609869524856473e-01 -9.950214262106090932e-03 2.227074006423159502e-01 5.431983133480018378e-01 1.619007431158267785e-01 -3.203573417413449476e-02 8.817112890503470135e-01 4.563473139504512499e-01 -2.636207261615518549e-01 -4.169606804835711972e-02 -4.831932124650571425e-01 -1.661557842021265385e-01
-3.489079806740209844e-02 1.078531923199557568e-01 3.433406953906560921e-01 -1.376138019454647698e-01 -5.242630789024443905e-01 2.387064904690176514e-01 5.459211004235248188e-01 2.947109214727423598e-01 -7.580730972370480769e-01 -3.668441415343787759e-01 2.784951246779970857e-01 1.507046735989048813e-01 -3.177002020103106839e-01 -2.558234231525049474e-01 -2.123770104103591891e-02 5.971171920661580979e-01 -5.221001331854889516e-02 -1.036650250712199961e+00 -2.056673103973522210e+00 4.833593305601230350e-01 9.395012731831805297e+00 5.669896398175615637e-01 -2.023376282297652207e+00 -5.644868824746680502e-01 -6.703095242093032313e-02 3.323728649120878398e-01 6.287805423442997810e-02 -1.222027347042640467e-02 -2.261439789576954323e-02 -1.523022493357621132e-01 -3.227146894227116980e-01 4.689825147197970168e-01 -2.397209932101492247e-01 -1.195133650153019922e-01 9.655507850086428312e-02 5.908792949287774432e-01 1.354959271991968417e-01 -1.488645275569361881e-01 -8.310679559108943848e-02 -3.183745595525109273e-01
1.665653057092277012e-01 -6.750508058760836816e-01 5.979287477766066505e-01 9.710642626949482492e-02 -3.161914468250159871e-01 2.347488395415797680e-02 4.525568689918131327e-01 4.793441170848152244e-01 2.260121896259125185e-01 4.197292775894117534e-01 7.688455031053040289e-02 -2.564768244048079016e-01 -2.962155477912394308e-01 2.983236270351012354e-01 -2.708067501151245060e-01 4.247624298465630943e-01 8.855005187939071210e-01 -1.069578041267288837e+00 -8.956116280884948155e-01 -1.773530822135446661e+00 5.669896398175615637e-01 1.012861608121480295e+01 5.410148319330018163e-01 -1.616968752010892851e+00 -8.599102329039555181e-01 1.227710833786567896e-01 7.888352336656698771e-01 1.859456155346672079e-01 -9.738244686956826213e-02 2.450927803818191975e-01 2.976781941599900283e-01 4.804237620859027613e-01 -1.506447816484084504e-03 -9.166831987577083174e-01 2.852914544671573127e-01 4.288202284288665789e-01 7.749955681624864923e-01 3.361568618721575419e-01 -2.453677106080773274e-01 -4.763288610058201145e-01
-1.787202626879529771e-02 1.367323851724078047e-02 1.838278353308976099e-01 -7.361744208971975068e-02 2.196929143653283956e-01 -6.746532257662756216e-01 1.095229471367916291e-01 -4.993466553733889035e-01 5.144590954344879785e-01 8.086157030979648219e-01 1.585950756011234308e-01 -1.433175728809238381e-01 -2.372285443102736813e-03 -7.138092719465975733e-02 -4.942823151588569136e-02 -2.306863830590752118e-01 -4.153346821180733950e-02 6.793733094453757726e-01 -7.019542420099734725e-01 -1.108310847699501167e+00 -2.023376282297652207e+00 5.410148319330018163e-01 9.606403532086705610e+00 4.722025721692562072e-01 -2.065527849545981898e+00 -9.832800750077909102e-01 7.362190944362516365e-02 5.979822259137992368e-01 2.420403531600789637e-01 -6.070173695575883377e-01 4.408356478637594222e-02 -2.138926285982981346e-01 6.266375823159332503e-01 -1.330790058488224084e-02 -1.109757193907544348e+00 -6.383904803095180602e-01 5.484995753428312248e-02 -9.412418994683484363e-02 -9.610673516722528786e-02 2.316124565116212675e-01
-4.561743984702167909e-01 1.797511370651802276e-01 -4.875543156226951058e-02 -2.823591924165951283e-01 2.828062359322712771e-01 4.736432489530939538e-01 2.043638042610733743e-02 -3.493850222595279442e-02 -9.108626173923559111e-02 -4.557636501426211573e-01 2.410918480562260213e-01 9.266136147196962769e-02 1.853995226712378680e-02 -2.482785525970510887e-01 -6.358447507360827089e-01 -8.229056572758414179e-02 3.267610022384802027e-01 4.484202600857565835e-01 2.670780659895047315e-01 -1.594982803003782701e-01 -5.644868824746680502e-01 -1.616968752010892851e+00 4.722025721692562072e-01 8.825785283301671669e+00 7.670046485386092794e-01 -1.847816577039582686e+00 -5.797497359959616903e-01 1.215991891664445351e-02 6.880060353752568414e-01 2.425639477889730833e-01 -4.092277945674209771e-01 -5.336050822284413853e-01 5.005167889131409975e-01 5.673023539353886369e-01 1.240001368809170723e-01 4.168209373960642117e-02 1.220755931352770218e-01 -1.265684915662030063e-01 -1.488782619341421087e-01 2.293418582567556263e-01
-1.542682834465630426e-01 -1.273607013703450530e-01 -4.917856984728524727e-01 1.493430348817034736e-01 -1.764165572958791284e-01 7.952202712114761485e-02 3.744367751842473876e-03 1.070457415021860287e-01 5.558748135217969621e-02 -1.906695456575539238e-01 2.041585237610124559e-01 -2.924979923614244304e-01 -2.475814038055730026e-01 -7.845180732576979565e-01 4.658023271991962866e-01 3.013985588449938913e-01 5.624992589606528370e-02 -1.863096147712694772e-01 5.248320885850765727e-01 5.405424271091608945e-01 -6.703095242093032313e-02 -8.599102329039555181e-01 -2.065527849545981898e+00 7.670046485386092794e-01 1.035095459740396784e+01 8.450479712411214095e-01 -2.761597885521388296e+00 -9.224637099526432626e-01 -4.386850574690804860e-01 8.572727048243728998e-01 4.515140019410878724e-01 5.261841130545082956e-01 -1.240140243129132097e-01 -3.391254408549712607e-01 8.885289141171434646e-02 2.873000692498038910e-01 -6.038633201374425941e-01 7.137400985252125851e-01 -2.556017710924632716e-02 2.725405888324127224e-01
-3.435699439235090358e-01 -3.453118478320166274e-01 3.939975657891788274e-01 2.746937991462887196e-01 -4.127476212392728327e-01 3.540860948662951507e-02 -2.226279647491813396e-01 3.203546248212163494e-01 7.107422446689781736e-02 -2.195250820591763130e-01 -6.213562813672585117e-01 2.763594529657746879e-01 4.253770679993353343e-01 4.217019653108496774e-03 5.125111003022297940e-01 -2.930926565988917210e-01 2.161990888666066035e-01 -1.389528396082333195e-01 3.926357684661089809e-01 2.824929773953623324e-01 3.323728649120878398e-01 1.227710833786567896e-01 -9.832800750077909102e-01 -1.847816577039582686e+00 8.450479712411214095e-01 9.722456103300510577e+00 1.139402003024821086e+00 -2.524310035271370101e+00 -1.655436167569208417e+00 1.764447739138740034e-01 1.034219237557510329e+00 1.431226400641894436e+00 -4.083985685367899632e-01 -2.378277473092870464e-01 -6.299888329748360993e-01 3.609007449490970743e-01 3.826879485889357335e-01 2.753892150133571137e-01 3.249980336728065522e-01 -2.421213797516464095e-01
-6.359900417422479357e-01 8.644160144669850443e-02 1.155272247038900302e+00 5.078790284899790258e-02 -7.574222100365015642e-01 -5.628579394772967870e-01 -2.215834487635622574e-01 1.267554748164193279e-01 5.451503510393731489e-01 4.572977245653145895e-01 -4.400614094473318527e-01 -2.276761780439812977e-01 -2.841646397837594984e-01 3.880246487472201466e-01 2.623088054278899239e-01 -1.140744414102099258e+00 9.958117786326900478e-02 -4.880823632311627747e-01 -4.554866872555426438e-01 1.449769805663955469e-01 6.287805423442997810e-02 7.888352336656698771e-01 7.362190944362516365e-02 -5.797497359959616903e-01 -2.761597885521388296e+00 1.139402003024821086e+00 1.138366972522444698e+01 8.370401053694283000e-01 -1.816494300926528638e+00 -6.540274262885110712e-01 1.892507814249373144e-01 8.761217040549255097e-01 1.638391129906456301e-01 2.959046612060625692e-01 -3.789489407507652396e-01 -3.900689923404460080e-01 3.633831312732849206e-01 -2.372367099221141529e-01 2.172416120864368305e-01 -3.421747228635852595e-02
4.311587942373059090e-01 1.384229031437350377e-01 -3.211709301509426545e-02 2.157254981129680949e-01 -3.377909960586149007e-01 -1.531605632736781630e-01 -1.990681529269812677e-01 1.406875273953113181e-01 1.448489797660840184e-01 -3.558958923166024441e-02 3.646314807873375918e-01 -1.063868684815524705e-02 -3.391950039324484467e-01 -3.571833931114599681e-01 -7.928843655345048716e-03 6.335501251840616188e-01 -2.235373287043839197e-01 -2.187534671869625358e-01 -6.666025911283804950e-01 -3.328865350480536556e-01 -1.222027347042640467e-02 1.859456155346672079e-01 5.979822259137992368e-01 1.215991891664445351e-02 -9.224637099526432626e-01 -2.524310035271370101e+00 8.370401053694283000e-01 1.030415636912869637e+01 1.365229213021977195e+00 -2.207728355761377159e+00 -4.719249259177896727e-01 -6.967690023794868015e-01 3.408841737514494707e-01 3.403943465688044623e-01 -8.830135070029092315e-02 -6.897425527550091751e-01 -7.493184382188528003e-02 -5.494445274663457834e-02 -6.632586579795771153e-02 -2.928491458568624473e-01
6.548045103483896012e-02 3.793711471742118591e-02 -6.669838495789519595e-01 1.084776198730208752e-01 3.626004711750661635e-01 1.117118713654052936e-01 4.462627291721137923e-01 -1.110803945279888183e-01 -1.617551108477509048e-01 3.161474496375437093e-01 -3.947697613274403494e-01 -2.878367305192475745e-01 6.870715893624015913e-02 2.633473867542637237e-01 -4.392862646749018940e-01 7.737355036485196180e-01 -3.362278430647132055e-01 -3.537039628182849782e-01 -3.585376085328138562e-01 -5.558609869524856473e-01 -2.261439789576954323e-02 -9.738244686956826213e-02 2.420403531600789637e-01 6.880060353752568414e-01 -4.386850574690804860e-01 -1.655436167569208417e+00 -1.816494300926528638e+00 1.365229213021977195e+00 1.018486562603122536e+01 4.532119812353075372e-01 -2.286029137796149691e+00 -1.385756629825872999e+00 2.373092507841018661e-01 4.862056053217335139e-01 2.914051750640851979e-01 -2.892193032513953321e-01 -1.374490324836900312e-01 5.726324363172364401e-02 2.952398749519458687e-01 -9.112257557794535556e-02
4.807336259890515606e-01 4.180589327673313593e-01 -1.278641681693153120e-01 -6.685586524849859158e-01 1.082627458358084438e-01 -7.347098575474808602e-02 -9.830056141977307205e-02 7.351441907815843280e-01 1.501297877426683858e-01 -2.960663359046794216e-02 1.033763244685401428e-01 -2.780786079757540108e-01 2.941830056622026235e-01 -6.391394177256394249e-01 -2.199082248623971947e-01 -1.702085599230049595e-01 -2.036795526520471800e-01 -9.958216879553277723e-02 4.395193345414450947e-01 -9.950214262106090932e-03 -1.523022493357621132e-01 2.450927803818191975e-01 -6.070173695575883377e-01 2.425639477889730833e-01 8.572727048243728998e-01 1.764447739138740034e-01 -6.540274262885110712e-01 -2.207728355761377159e+00 4.532119812353075372e-01 9.389761534325263170e+00 5.768390545616329801e-01 -1.323842248178367154e+00 -9.711602769239338073e-01 1.220014261859416332e-01 1.230221793964806798e+00 2.388451092221267336e-01 -9.257166864289763097e-01 -7.328511705740513305e-02 -5.540898969438888821e-01 5.861503451308514023e-02
-1.286199079990613670e-01 3.043391340360663277e-01 4.384426054679525508e-01 -2.045126709947695243e-01 -2.512491678392432815e-01 -2.287665933741521163e-01 -2.429134001952158173e-01 3.065880653019623786e-02 6.113447095261108633e-01 1.042815055889526471e-01 4.565655701448348980e-01 3.124828121312127616e-01 -4.988670939526046455e-01 -2.350779424445008647e-01 5.103518330470618869e-01 -3.208024033717654655e-01 5.075037956429074848e-01 -2.742165030586171115e-01 -2.340079205903565218e-01 2.227074006423159502e-01 -3.227146894227116980e-01 2.976781941599900283e-01 4.408356478637594222e-02 -4.092277945674209771e-01 4.515140019410878724e-01 1.034219237557510329e+00 1.892507814249373144e-01 -4.719249259177896727e-01 -2.286029137796149691e+00 5.768390545616329801e-01 8.827057644443861761e+00 1.129987617756848861e+00 -1.940910823987108458e+00 -3.892019157491158343e-01 -4.881648641885936168e-01 4.960980293908941463e-01 -6.341778043865672898e-02 -3.080343496852240223e-02 -2.046488478037474662e-02 -5.144760529968467333e-01
-1.239194214962790891e-01 3.463021154638832866e-01 5.874104852767915164e-01 4.021792390053997024e-01 -1.065924689484647248e+00 1.343779768251232853e-01 1.852518425136161218e-01 3.413193220548355056e-01 2.678720178277823605e-01 -1.197483784804932588e-01 -2.475279913600875459e-01 -2.660739238632309211e-01 -2.141488994547534053e-01 -2.987156741349462630e-01 6.440378930749973696e-01 4.611973004287290845e-01 -6.068884273993965794e-02 -5.687026938532686593e-01 -8.702919799577774063e-02 5.431983133480018378e-01 4.689825147197970168e-01 4.804237620859027613e-01 -2.138926285982981346e-01 -5.336050822284413853e-01 5.261841130545082956e-01 1.431226400641894436e+00 8.761217040549255097e-01 -6.967690023794868015e-01 -1.385756629825872999e+00 -1.323842248178367154e+00 1.129987617756848861e+00 1.105063416091068085e+01 -1.408695925904828450e-01 -2.332465802084354944e+00 -9.301043685709416975e-01 -4.019999512545429504e-03 1.016370260427874594e+00 2.767532419458408888e-01 -7.534931763902306956e-02 -4.980254794036770294e-01
-3.290509748320715189e-01 -1.789752779236890856e-01 9.895287980192792043e-02 2.280313792231073444e-01 4.321680040432177572e-01 -1.222080089915388718e-01 -2.314886448009692288e-01 -2.250558141565075221e-01 -6.110802545118179108e-01 1.370587782614280659e-01 6.724765386061784533e-02 5.220118365113283337e-02 -4.597005581133477015e-01 -2.994360092196473033e-01 -5.602712681706362163e-01 -8.455631190791113028e-02 -5.688255660541671754e-02 -5.006346035635714231e-02 8.020337675444254300e-02 1.619007431158267785e-01 -2.397209932101492247e-01 -1.506447816484084504e-03 6.266375823159332503e-01 5.005167889131409975e-01 -1.240140243129132097e-01 -4.083985685367899632e-01 1.638391129906456301e-01 3.408841737514494707e-01 2.373092507841018661e-01 -9.711602769239338073e-01 -1.940910823987108458e+00 -1.408695925904828450e-01 1.088921426423605610e+01 8.952261858710105491e-01 -2.290394657387892163e+00 -9.340387991196511530e-01 2.292880448752331601e-01 3.257440369564664762e-01 3.686500809220508712e-01 -4.039481974640993234e-01
-6.983915214371901048e-02 -2.079296981939124378e-01 -4.215310880773920355e-01 -1.947681866455824307e-01 5.457247748159147482e-01 3.817277087839239802e-01 -8.768618318414483914e-01 -2.495676614897123780e-01 -4.971244764343573097e-01 1.672395183799449958e-01 -4.258606921111695587e-01 6.131828053923843447e-02 6.022499359469600799e-01 4.986607350163514418e-01 -4.704952676714151405e-01 -2.273818834996841620e-01 3.502458701128441931e-01 1.461051945324664814e-01 2.556196398308085982e-01 -3.203573417413449476e-02 -1.195133650153019922e-01 -9.166831987577083174e-01 -1.330790058488224084e-02 5.673023539353886369e-01 -3.391254408549712607e-01 -2.378277473092870464e-01 2.959046612060625692e-01 3.403943465688044623e-01 4.862056053217335139e-01 1.220014261859416332e-01 -3.892019157491158343e-01 -2.332465802084354944e+00 8.952261858710105491e-01 9.764796365608995998e+00 3.915002572812941589e-02 -1.664336018175952558e+00 -1.003998947056397306e-01 -8.707861911012476641e-01 -2.489726406012145732e-01 3.118569188887581611e-01
5.631543427086896925e-01 2.856087295374387103e-01 -4.543069793536591572e-01 -1.949569382088218727e-01 3.465031158331459693e-01 9.199937533251049127e-01 2.896925740393969106e-01 -1.475591585945849882e-01 -2.363289610834138077e-01 -3.878266636973339704e-02 -1.796317724353126144e-01 6.513012711858257031e-02 5.319520319694772542e-02 2.271174519400132388e-02 -2.185788731208827829e-01 -7.358310060771938114e-04 -3.314101523375282410e-01 2.196010690708325996e-01 3.268126220805930848e-01 8.817112890503470135e-01 9.655507850086428312e-02 2.852914544671573127e-01 -1.109757193907544348e+00 1.240001368809170723e-01 8.885289141171434646e-02 -6.299888329748360993e-01 -3.789489407507652396e-01 -8.830135070029092315e-02 2.914051750640851979e-01 1.230221793964806798e+00 -4.881648641885936168e-01 -9.301043685709416975e-01 -2.290394657387892163e+00 3.915002572812941589e-02 1.069934185104730595e+01 1.256037545835576585e+00 -2.172353068152326205e+00 -1.142106114593643085e+00 -5.502358658830061033e-01 4.960771952340400914e-01
2.509004047934755288e-01 2.058927638528068038e-01 -8.141575824357658378e-03 -1.967116192934058594e-01 7.216546090900440025e-02 2.329568078423635558e-01 2.385775884388169898e-01 -2.112583129931564496e-01 2.848926023819512432e-01 1.402039238017580847e-01 9.959646780820487211e-02 3.651865744872779401e-02 8.103973880046475009e-02 -4.629080367068471591e-01 -3.336079301431960076e-02 8.161480975334664545e-02 5.378092516816259522e-02 -4.503533544639741759e-01 4.821689250876442512e-01 4.563473139504512499e-01 5.908792949287774432e-01 4.288202284288665789e-01 -6.383904803095180602e-01 4.168209373960642117e-02 2.873000692498038910e-01 3.609007449490970743e-01 -3.900689923404460080e-01 -6.897425527550091751e-01 -2.892193032513953321e-01 2.388451092221267336e-01 4.960980293908941463e-01 -4.019999512545429504e-03 -9.340387991196511530e-01 -1.664336018175952558e+00 1.256037545835576585e+00 1.035721319778447835e+01 6.399836872634327989e-01 -1.800794798604250291e+00 -1.195867260463677084e+00 -1.658431886358272545e-01
-6.592209734928270448e-01 8.150331092193933286e-03 5.801722426331725746e-01 -4.993348718428568256e-02 -2.643428659107119327e-01 -3.776126941256481850e-01 -5.674038653820462352e-01 -2.774383077209440218e-01 2.463708775766249859e-01 -7.155758748739729502e-02 -8.840670422696195185e-01 -5.411009025625727054e-01 5.401139423940166662e-01 1.235737082433025491e-01 1.848262653357941043e-01 4.656917540522604315e-01 -3.708484986521848326e-01 -5.236777586155971775e-01 -3.838478397960809474e-01 -2.636207261615518549e-01 1.354959271991968417e-01 7.749955681624864923e-01 5.484995753428312248e-02 1.220755931352770218e-01 -6.038633201374425941e-01 3.826879485889357335e-01 3.633831312732849206e-01 -7.493184382188528003e-02 -1.374490324836900312e-01 -9.257166864289763097e-01 -6.341778043865672898e-02 1.016370260427874594e+00 2.292880448752331601e-01 -1.003998947056397306e-01 -2.172353068152326205e+00 6.399836872634327989e-01 1.051782425339457028e+01 9.955928082225815601e-01 -2.098807917349627239e+00 -3.386181589031289629e-01
-5.583583358010066888e-01 -3.429217393239307465e-02 4.352935423474985077e-02 1.223111186348873197e-01 -2.858712746852737699e-02 -7.449156566316109673e-01 -1.358548752218206035e-01 2.141051242312794478e-01 -4.019677262135727958e-01 -9.032806116426847498e-02 4.525803314679826550e-01 2.775221572208891319e-01 -4.345418406879402728e-01 -3.826048784594874852e-01 -8.963505619931842749e-02 7.992227854221650718e-01 1.834366383385648003e-01 -1.917195616628169785e-01 2.724104544411626305e-01 -4.169606804835711972e-02 -1.488645275569361881e-01 3.361568618721575419e-01 -9.412418994683484363e-02 -1.265684915662030063e-01 7.137400985252125851e-01 2.753892150133571137e-01 -2.372367099221141529e-01 -5.494445274663457834e-02 5.726324363172364401e-02 -7.328511705740513305e-02 -3.080343496852240223e-02 2.767532419458408888e-01 3.257440369564664762e-01 -8.707861911012476641e-01 -1.142106114593643085e+00 -1.800794798604250291e+00 9.955928082225815601e-01 9.639984735580704012e+00 6.799738366955638824e-01 -1.959135140975258205e+00
-1.768319853955741205e+00 -8.428425952603950666e-01 -5.872738067798957129e-01 1.037973710382584125e+00 3.344764193350450165e-01 -2.731164466895285581e-01 2.043176853011454408e-01 -4.797658300266770537e-01 -3.878336326037638560e-01 -6.275678808986797641e-01 -1.694625950035897610e-01 1.542163591884213591e-01 -5.815008242576935604e-02 9.480929008906719899e-03 2.320418555369094943e-02 -3.079669720897960233e-02 5.151240306846193162e-01 3.512681627579084531e-01 -8.780442240176111746e-02 -4.831932124650571425e-01 -8.310679559108943848e-02 -2.453677106080773274e-01 -9.610673516722528786e-02 -1.488782619341421087e-01 -2.556017710924632716e-02 3.249980336728065522e-01 2.172416120864368305e-01 -6.632586579795771153e-02 2.952398749519458687e-01 -5.540898969438888821e-01 -2.046488478037474662e-02 -7.534931763902306956e-02 3.686500809220508712e-01 -2.489726406012145732e-01 -5.502358658830061033e-01 -1.195867260463677084e+00 -2.098807917349627239e+00 6.799738366955638824e-01 1.012148540115997974e+01 -2.878069934746689887e-02
