1.064647600506986258e+01 3.235139944715540450e-01 -2.955021668687054515e+00 -8.180280858539701327e-01 -9.061487397207117489e-01 5.849004746670423138e-01 4.176057736704488210e-01 3.478553633969408976e-01 -2.126728037389299386e-01 -1.093624704876301756e-01 -1.731020980114779950e-01 -7.979664519782625476e-01 4.816799852877770016e-01 8.657074509355903169e-01 -7.630486192414518420e-01 -1.736250718517197769e-02 -3.223411262842544311e-01 7.364863924556089847e-01 9.609949671594286702e-01 1.349734111418131155e+00 -2.386011561161728300e-01 -5.749785659968795759e-01 -7.827224120108027261e-01 -9.553732953623698954e-02 3.358772869014194362e-01 -6.726616425651653353e-02 -1.579419593728750293e-01 -3.649043015119701194e-01 3.723503045907020081e-01 8.116829358237069858e-01 1.599385840373553080e-01 -6.167450568309885695e-01 -4.709500972487005999e-02 -5.734267860260323646e-01 -1.199012303320274725e-01 3.207797459499168169e-01 -5.516460574895137858e-01 -9.610356782351037186e-01 -2.726399705710612853e+00 2.799418936861135521e-01
3.235139944715540450e-01 1.005865806216440994e+01 1.559582638213064865e+00 -3.014217133007480065e+00 -1.999707096011771101e+00 -8.365734407267697570e-01 7.753269876187277587e-01 3.177052430185045573e-01 -5.400688419907219151e-01 6.391452513696525006e-01 6.944196721375242021e-01 -6.094994671234690298e-01 1.173104704488227151e-01 4.308345690862568356e-01 3.777367501139134442e-01 6.576293313823727837e-01 -1.325575197125283544e-01 3.299221809362052338e-01 5.195497239598375616e-01 6.254272179239628304e-01 1.963090671216186078e-01 2.353193784190729665e-01 1.965621083194481200e-01 -3.005500401956410009e-02 3.770902358469888083e-01 -4.742612231354210728e-01 -4.207502649563590880e-01 1.047400183451804578e-01 4.265894777852203418e-02 1.232021597745154400e-02 6.744145168890207653e-01 3.469036023029704596e-01 -3.172901483492750474e-01 -3.639615284520345551e-01 -5.888988557862945283e-01 8.495496540579331457e-01 2.312540655878551066e-01 -2.405292806718450360e-01 -2.494559783258910368e+00 -1.540987455728936473e+00
-2.955021668687054515e+00 1.559582638213064865e+00 1.052796157950596445e+01 -4.743909479850939581e-01 -2.957947730744070469e+00 -1.576718233655664880e+00 -2.559014768831505693e-01 9.862546525526454388e-01 3.377145800421297861e-01 -2.789554211550669405e-01 1.295223268782285331e+00 5.976162513174997359e-01 -6.761639377115375993e-01 -7.325502022070029540e-01 2.128179361675623382e-01 -2.734789224027655563e-01 -4.884967804934350899e-01 -1.245495167334491393e+00 -7.715965324291864658e-01 1.190477353691525852e+00 1.424931364194285122e+00 5.351168571082415282e-02 -7.847563055076869354e-01 5.124010913126962087e-03 -1.721739324658962123e-01 -1.187604043125431580e-01 7.789158096562344147e-01 6.768238198442237674e-02 -1.383542043956172751e+00 -1.885748290232940327e-01 3.755277194047518252e-01 1.253577835024230591e+00 -4.880050834170290286e-01 4.536103187098936562e-01 -2.718857215321307530e-01 4.111226035037729987e-01 1.345259738997018673e+00 4.573006758814921469e-01 -1.125405643808009115e+00 -1.282524092216185796e+00
-8.180280858539701327e-01 -3.014217133007480065e+00 -4.743909479850939581e-01 1.081442716808532012e+01 3.451842768122024840e-01 -1.385227418216421258e+00 -1.471167958732752856e+00 7.464180140385877626e-01 1.290557365748624008e+00 1.902210309828597165e-02 -1.063084735950762028e+00 3.379656620951111412e-01 -1.415262982719008023e-01 7.836152599725239309e-02 -1.307406878995154287e+00 1.244426015317198764e-02 5.267915667936220459e-01 -3.097953892105448359e-01 -3.385990708506420588e-01 -9.078639846753789877e-01 -2.041184475282880328e-01 1.257603818627907710e+00 3.245210231251523525e-01 6.283556576248217063e-02 -3.389326610981000520e-01 -9.627080139601895681e-01 2.920718754612435242e-01 1.008447738134225835e+00 -2.876273238985309066e-01 -1.730766052592187521e-01 -1.368278477144800609e-01 -1.623358829841973772e-01 1.622693936415305349e-01 6.443187898259327140e-01 7.012528910315196651e-01 -4.034197280565338661e-01 -4.545937874140339452e-01 5.314340361133321755e-01 8.933712624057368323e-01 -8.207137453869387533e-01
-9.061487397207117489e-01 -1.999707096011771101e+00 -2.957947730744070469e+00 3.451842768122024840e-01 1.086538323154341867e+01 -1.681423758292838189e-01 -2.321499203397773492e+00 -2.075750348558306424e+00 -6.088065477103117296e-01 1.002086252150122370e+00 5.358926002320988369e-01 -3.052650964358325503e-01 1.439147292643400411e-01 -3.164442580547618400e-01 5.586028118922402586e-01 -5.976188950414325074e-01 4.272518827106693839e-01 6.245364392179456603e-01 -4.043398961464420016e-01 -9.955091197561075633e-01 -1.245067368209634484e+00 2.686899546512871439e-01 6.169111991064163414e-01 -1.151329529234732807e-01 -2.282218575403792693e-01 3.202789193517264765e-01 1.732769131511937566e-01 1.206529979346337850e-01 5.437621626537346708e-01 5.494255140820945155e-02 -5.180870185456499799e-01 -9.053972840160273705e-02 -5.262799096386439057e-01 9.082758115188194203e-02 1.684618926287411445e-01 -3.938301298726086253e-01 6.591188595089130242e-01 2.477151652375342294e-01 7.329409502796405684e-01 2.111679894047046868e-01
5.849004746670423138e-01 -8.365734407267697570e-01 -1.576718233655664880e+00 -1.385227418216421258e+00 -1.681423758292838189e-01 1.060052852309755167e+01 3.731220259514304027e-01 -2.346825424073757826e+00 -1.131779889208598178e+00 -1.204946494696751191e+00 2.625375444219107401e-01 4.188372502198550035e-02 4.176354992548521050e-01 -5.839478410677310105e-01 -6.845913706941344490e-01 -1.032888543046496688e+00 -2.592483339344880400e-01 9.912425902453879667e-01 2.912681131215317798e-01 8.530792655382104517e-01 -3.098329261329483830e-01 -3.512307576338853932e-01 -5.683527083004876745e-01 1.264338660243968515e-01 3.171938069101862823e-01 2.845772511124492476e-01 5.049223731126158965e-01 4.031369687617055164e-01 -1.854149715474150972e-01 -3.511497619794513025e-01 -2.501447293954434103e-01 -5.602763269870755236e-01 -3.801487531342490622e-01 -9.264880223633966891e-03 1.411991148536498042e-01 -5.425554997670012369e-01 -6.329775699999481420e-01 -3.077027499435417424e-01 1.679856707744677435e-01 8.371523375041900472e-01
4.176057736704488210e-01 7.753269876187277587e-01 -2.559014768831505693e-01 -1.471167958732752856e+00 -2.321499203397773492e+00 3.731220259514304027e-01 1.081334051798670437e+01 2.151962255504388521e-01 -2.523523066484554711e+00 -1.802104564366314721e+00 -6.941014903899562771e-01 1.851659448824650056e+00 -3.535531210690961990e-02 -6.032412488466480927e-01 -8.066837996938273081e-01 4.175077096288449252e-01 4.054556631468081984e-01 -2.463145575290180966e-01 -7.115435232867045601e-02 -2.468734541843475242e-03 1.037764769206682980e-01 -3.115905192928316580e-01 8.521554432198115148e-01 -6.169029042633106252e-01 -3.673653197224819866e-01 9.067240490989750823e-01 -6.373052595958976496e-02 -4.748823565665740154e-01 9.069398795839502814e-01 2.105807046568316521e-01 5.735347021289934899e-01 -5.248114325829532634e-01 -8.012269131517357756e-01 -6.426827403710132225e-02 4.644728867781890980e-01 4.043833924826190085e-01 -7.764980080215436731e-01 -6.667290525046822014e-02 -1.091454592231930532e+00 -3.108445853671864545e-01
3.478553633969408976e-01 3.177052430185045573e-01 9.862546525526454388e-01 7.464180140385877626e-01 -2.075750348558306424e+00 -2.346825424073757826e+00 2.151962255504388521e-01 1.216104402614351265e+01 7.250810714738109564e-01 -2.617175566034855905e+00 -1.989771353239555784e+00 -2.872244409454074443e-01 1.576338230921594974e+00 -5.882378398863227220e-01 -1.689639682926760700e-01 -4.673004591446112965e-02 3.883619897563315992e-02 6.251615057774022599e-01 -2.342713548517243727e-01 -4.305732078658661144e-01 -4.264243676194079402e-01 -2.891962092062265177e-01 -4.221957971165041235e-02 4.738700517755305430e-01 -3.909444220440750906e-01 -1.843572170406722610e-01 -3.519294884191254136e-01 -3.070700485116428097e-02 8.316103843038416543e-02 6.020608739598197756e-01 -2.846032735497849853e-01 -1.485112963143306875e-01 -8.095298820848774168e-01 -2.557077717108309223e-01 -1.636715842259672468e-02 -1.636630046554298501e-01 8.691304682488523170e-01 5.419222745296342625e-01 -8.868854831425522223e-01 -8.657888223522168802e-01
-2.126728037389299386e-01 -5.400688419907219151e-01 3.377145800421297861e-01 1.290557365748624008e+00 -6.088065477103117296e-01 -1.131779889208598178e+00 -2.523523066484554711e+00 7.250810714738109564e-01 1.229497310302873281e+01 8.119604052558512253e-01 -2.206153296701883093e+00 -2.782529572091842596e+00 3.711229327455481952e-01 1.844401153322470455e+00 -5.607360933001794834e-01 -4.450575802266139025e-01 -4.009934539536608167e-01 8.543248377618325451e-01 2.745393804599547405e-01 1.185002327251096221e-01 -6.367904352635940235e-01 1.742085126928366867e-01 -1.143694065007914151e+00 -3.288483949029165077e-01 4.907635515084797784e-01 -5.432567779619268400e-01 -1.942087771949062638e-02 5.883410183018928929e-01 5.911517215091584114e-03 -4.453646102285274341e-03 -1.211331536345411908e-01 -6.571518966128966910e-02 -5.632896863568694068e-02 4.831193774394673679e-01 -3.947901588074795298e-01 -5.882149621351988600e-01 -4.345162499754203766e-01 -2.497363326709921838e-01 -2.713399885051050453e-01 -4.473148278539715861e-01
-1.093624704876301756e-01 6.391452513696525006e-01 -2.789554211550669405e-01 1.902210309828597165e-02 1.002086252150122370e+00 -1.204946494696751191e+00 -1.802104564366314721e+00 -2.617175566034855905e+00 8.119604052558512253e-01 1.106547674286334271e+01 8.023018527730303440e-01 -3.162741810593620695e+00 -8.610652691609109732e-01 3.245989433285472181e-01 4.679362921396744701e-01 1.147479022571649826e-01 -3.136212413255662912e-01 -7.114054026404316167e-01 4.853995490968108228e-01 1.865694035364011960e-01 -9.869177744014247244e-02 6.966115325748682974e-01 -1.752538878803903133e-01 -1.522396960259243814e-01 3.760641386106836070e-01 1.126191715417675043e+00 -1.521505849452065573e-01 2.837678866454887427e-01 -1.572260152370824615e-01 -2.357736387906187447e-01 -6.104358742024948992e-01 1.012269719231763565e+00 -1.132343770432884256e-01 2.109264453599867251e-01 -4.158021241362982456e-01 -4.375729628115240799e-01 1.518321567027945074e+00 8.509293453981250366e-01 -6.056396420813504600e-01 -6.685898806011082718e-02
-1.731020980114779950e-01 6.944196721375242021e-01 1.295223268782285331e+00 -1.063084735950762028e+00 5.358926002320988369e-01 2.625375444219107401e-01 -6.941014903899562771e-01 -1.989771353239555784e+00 -2.206153296701883093e+00 8.023018527730303440e-01 1.312711022492150725e+01 -4.808903770452146315e-02 -1.890748229794272595e+00 -2.222433110387533439e+00 -1.234395153689405999e-01 9.724456627394760799e-01 5.086210506602946158e-01 -1.703122573059337563e+00 -1.501463381290796262e-01 1.231562644039053689e+00 1.058060508682659107e+00 -1.266498213203533174e+00 -1.171535337714994851e+00 9.220074336311016028e-01 4.168392339733690277e-01 8.967866748437575142e-01 5.238832252785855514e-01 -8.032595020374951045e-02 -1.324444344687663477e+00 -4.854892314895281613e-01 -3.596321157464423823e-01 6.072978789748038064e-01 1.254940815180541236e+00 -6.315690388951974987e-02 1.194751304284787374e-01 4.729827895325328657e-01 4.739392682082438357e-01 8.258249291750310861e-02 5.065059301679491338e-02 1.010933162264596868e-01
-7.979664519782625476e-01 -6.094994671234690298e-01 5.976162513174997359e-01 3.379656620951111412e-01 -3.052650964358325503e-01 4.188372502198550035e-02 1.851659448824650056e+00 -2.872244409454074443e-01 -2.782529572091842596e+00 -3.162741810593620695e+00 -4.808903770452146315e-02 1.259220325004752361e+01 4.830221481226125158e-01 -3.257793537547832408e+00 -1.397681743015416256e+00 -3.966922619222701951e-01 6.659147970050999232e-01 -2.050298656085376980e-01 -1.736583011955849520e-01 -1.498265980336699610e-01 3.646037266432166635e-01 7.091803256767178487e-01 -4.589510228653105595e-02 -5.879691762949621481e-01 -7.460758026166934842e-01 -6.145163438429095126e-02 7.563763560929027685e-01 6.427798213746463984e-01 5.787923000169450383e-01 1.168665108732548502e-01 -2.522453521583621350e-01 1.399231363083717761e-01 -1.318876074725873870e+00 -4.075118007385518659e-01 1.674906802997030875e+00 -8.189670256882303212e-02 2.081099834907000068e-01 4.624589509590607550e-01 -6.069277441321239194e-04 -3.173703493762721206e-01
4.816799852877770016e-01 1.173104704488227151e-01 -6.761639377115375993e-01 -1.415262982719008023e-01 1.439147292643400411e-01 4.176354992548521050e-01 -3.535531210690961990e-02 1.576338230921594974e+00 3.711229327455481952e-01 -8.610652691609109732e-01 -1.890748229794272595e+00 4.830221481226125158e-01 1.207445957992481667e+01 1.006166765983465883e+00 -3.873415406204242295e+00 -1.224467964735207692e+00 -2.276470394674087738e-01 6.995786346976919923e-01 -9.378831049057011482e-01 2.627447277177192841e-01 -1.548733079615289554e-01 4.112969224163803839e-02 -5.514112070074740357e-01 -1.278914491826523558e-01 -2.256678520728519835e-02 7.389084042618869128e-03 1.063959782882979210e+00 -3.586553340674971668e-01 5.860780852051682421e-01 7.860473389492113050e-01 1.265510392334523448e+00 -3.060950697862851455e-01 -1.158472011251843403e+00 -6.372863599440450333e-01 -8.534346358741995431e-01 1.148885571754908685e+00 1.796443169988725108e-01 8.941387836850913651e-01 4.806876967410831925e-01 -5.335168554616158409e-02
8.657074509355903169e-01 4.308345690862568356e-01 -7.325502022070029540e-01 7.836152599725239309e-02 -3.164442580547618400e-01 -5.839478410677310105e-01 -6.032412488466480927e-01 -5.882378398863227220e-01 1.844401153322470455e+00 3.245989433285472181e-01 -2.222433110387533439e+00 -3.257793537547832408e+00 1.006166765983465883e+00 1.280254338004698766e+01 4.568531307202466363e-01 -2.991867438570594118e+00 -1.028779191438308205e+00 2.187035292000019948e-01 -1.877967130368524140e-01 1.793669741700484599e-01 -5.483723750614689640e-01 1.041959421147331255e-01 2.499228227404400593e-01 1.120645024972063974e-01 1.378424353828449633e-01 -1.850249465895126511e+00 1.006405052581041959e+00 -3.385610769183545199e-01 -1.605683158836405944e-02 1.048973888011057953e+00 5.095092928549915801e-01 8.151071432363767022e-02 -3.286631773192112971e-01 2.172885681952368142e-01 -3.085352172438943219e-01 -4.051201044075906643e-01 -7.505040854005918805e-01 2.378511829788700072e-01 5.067738314724757887e-01 5.957043058190947260e-01
-7.630486192414518420e-01 3.777367501139134442e-01 2.128179361675623382e-01 -1.307406878995154287e+00 5.586028118922402586e-01 -6.845913706941344490e-01 -8.066837996938273081e-01 -1.689639682926760700e-01 -5.607360933001794834e-01 4.679362921396744701e-01 -1.234395153689405999e-01 -1.397681743015416256e+00 -3.873415406204242295e+00 4.568531307202466363e-01 1.435042808340267584e+01 1.357737636819404958e+00 -2.670853872513737848e+00 -2.291588272135122839e+00 4.238429267823854429e-01 -3.063103053874370874e-01 -1.730553219964793554e-02 -1.165688683536412057e-01 6.351460794387333575e-01 -2.597695245995189084e-01 -1.150061806416785917e-02 4.959252617700561361e-01 -4.859962911038319677e-01 -5.526470482160356079e-01 -7.545148284205924760e-01 -1.111759902917098808e+00 4.447325402017768270e-01 1.008662303534747284e+00 -1.990316742040699749e-01 1.771372338454934581e-01 3.431400866899202984e-01 4.666454442126654611e-01 4.546948942761071255e-02 4.158263368258395820e-01 1.112473513603005726e+00 -4.496031612282151424e-01
-1.736250718517197769e-02 6.576293313823727837e-01 -2.734789224027655563e-01 1.244426015317198764e-02 -5.976188950414325074e-01 -1.032888543046496688e+00 4.175077096288449252e-01 -4.673004591446112965e-02 -4.450575802266139025e-01 1.147479022571649826e-01 9.724456627394760799e-01 -3.966922619222701951e-01 -1.224467964735207692e+00 -2.991867438570594118e+00 1.357737636819404958e+00 1.327600789814898974e+01 8.559116146583991558e-01 -2.067924614739044653e+00 -1.273885679083780476e+00 -4.096164450307201443e-01 1.029976810286640093e-01 1.594490110051158815e-01 7.321228751445607585e-01 -5.331852592978418570e-02 -1.790497270674811015e+00 -5.618140844353318730e-01 -1.966272730939981617e-01 1.495379045123815143e+00 -3.071388888427125652e-01 -8.476373024077339668e-02 6.240616382241639393e-01 -1.217233002444620960e+00 1.407846153797131551e-02 8.809067720181580630e-02 4.773736665585063266e-01 9.951408903746371548e-01 1.795252967267400301e-01 1.329638187944008620e-02 3.214648546384943906e-01 -2.660052562148855770e-01
-3.223411262842544311e-01 -1.325575197125283544e-01 -4.884967804934350899e-01 5.267915667936220459e-01 4.272518827106693839e-01 -2.592483339344880400e-01 4.054556631468081984e-01 3.883619897563315992e-02 -4.009934539536608167e-01 -3.136212413255662912e-01 5.086210506602946158e-01 6.659147970050999232e-01 -2.276470394674087738e-01 -1.028779191438308205e+00 -2.670853872513737848e+00 8.559116146583991558e-01 1.065968874574069503e+01 6.173545534376012611e-01 -2.115484948673089338e+00 -1.638274162254634625e+00 -3.998202063109962401e-01 1.000179361736845518e+00 4.532646936402749405e-01 1.085579882029630849e-01 6.921562910167539107e-01 -2.196498805975839463e-01 -5.924478736724604344e-01 -5.773967342491637122e-01 -1.871748403251413950e-01 3.449941609314272628e-01 -8.165357830016350960e-02 -3.377624903944556611e-02 3.767645038992996631e-01 -1.053168542870701829e+00 1.300323188815555031e-01 5.202618258946809515e-01 -3.195186143496108189e-01 -2.373479420791499706e-01 6.623508360221821434e-01 -1.547636310612506561e-01
7.364863924556089847e-01 3.299221809362052338e-01 -1.245495167334491393e+00 -3.097953892105448359e-01 6.245364392179456603e-01 9.912425902453879667e-01 -2.463145575290180966e-01 6.251615057774022599e-01 8.543248377618325451e-01 -7.114054026404316167e-01 -1.703122573059337563e+00 -2.050298656085376980e-01 6.995786346976919923e-01 2.187035292000019948e-01 -2.291588272135122839e+00 -2.067924614739044653e+00 6.173545534376012611e-01 1.137264976594372001e+01 -6.066106057678889024e-02 -2.436285974094754891e+00 -1.456702891563619762e+00 -1.829108825283354001e-01 1.059873459119940353e+00 -2.605058903076644394e-02 7.099752443419439230e-01 -2.597885561901780091e-02 -2.972875013922977039e-01 1.064530006785907812e+00 -9.467226649884197265e-02 1.702456564175155451e-01 -7.829938640783523640e-01 -4.362430230188594216e-01 -1.834612331262714963e-03 -8.983141279855311190e-01 -9.870346152290877528e-01 -1.301815583193295101e-01 1.027631379666515687e-01 -7.926268061051218172e-01 -7.242626626875480200e-01 1.161704478981253841e+00
9.609949671594286702e-01 5.195497239598375616e-01 -7.715965324291864658e-01 -3.385990708506420588e-01 -4.043398961464420016e-01 2.912681131215317798e-01 -7.115435232867045601e-02 -2.342713548517243727e-01 2.745393804599547405e-01 4.853995490968108228e-01 -1.501463381290796262e-01 -1.736583011955849520e-01 -9.378831049057011482e-01 -1.877967130368524140e-01 4.238429267823854429e-01 -1.273885679083780476e+00 -2.115484948673089338e+00 -6.066106057678889024e-02 9.912838970501104185e+00 7.336197747015493764e-01 -2.106216490653780582e+00 -1.318687376855114168e+00 -2.882735789489150879e-01 1.580004469329793215e+00 2.650231856829547428e-01 3.405654397043469950e-01 -6.846721387544973947e-01 8.722307079060805102e-02 -2.112351700653239961e-01 3.123952322554488514e-01 -2.365836896090098840e-01 4.605590651807658226e-02 3.143576192083006315e-01 9.300943766132422352e-01 -2.328046348402399990e-01 -6.651421175880909420e-01 -7.004416391984097379e-01 -9.433939715781077817e-01 -5.183504365728049956e-01 7.317826432114912238e-01
1.349734111418131155e+00 6.254272179239628304e-01 1.190477353691525852e+00 -9.078639846753789877e-01 -9.955091197561075633e-01 8.530792655382104517e-01 -2.468734541843475242e-03 -4.305732078658661144e-01 1.185002327251096221e-01 1.865694035364011960e-01 1.231562644039053689e+00 -1.498265980336699610e-01 2.627447277177192841e-01 1.793669741700484599e-01 -3.063103053874370874e-01 -4.096164450307201443e-01 -1.638274162254634625e+00 -2.436285974094754891e+00 7.336197747015493764e-01 1.060354132515806569e+01 4.844003872323943694e-01 -2.716122365814674033e+00 -2.166416664451691343e+00 -8.717394026553816344e-01 1.381273247136080240e+00 5.248036773584230374e-01 -1.933682573320616785e-02 -6.293798280673795764e-02 -5.858275322252881612e-01 5.576988774480211575e-01 1.271715340097775426e+00 7.580978085723339976e-01 -2.111985777799452735e-01 4.078383553363204017e-01 1.470607820938726051e-01 1.645581177124385563e-01 -1.597853064037908499e-01 -7.340374019118997007e-01 -8.843784533147425186e-01 6.481570873465576366e-01
-2.386011561161728300e-01 1.963090671216186078e-01 1.424931364194285122e+00 -2.041184475282880328e-01 -1.245067368209634484e+00 -3.098329261329483830e-01 1.037764769206682980e-01 -4.264243676194079402e-01 -6.367904352635940235e-01 -9.869177744014247244e-02 1.058060508682659107e+00 3.646037266432166635e-01 -1.548733079615289554e-01 -5.483723750614689640e-01 -1.730553219964793554e-02 1.029976810286640093e-01 -3.998202063109962401e-01 -1.456702891563619762e+00 -2.106216490653780582e+00 4.844003872323943694e-01 1.105364864233868971e+01 7.457275152063325141e-01 -2.222380009307125093e+00 -1.902346328648553131e+00 -1.930188837662959733e-01 9.782856749838843013e-01 3.514798257617141042e-01 -8.209196847346427184e-01 -5.305384967354153103e-01 4.273581996110989434e-01 -5.992512367131412887e-01 3.101077045994244941e-01 9.213009141815936553e-01 -5.165815284771434479e-01 2.954371892054574178e-01 5.582953455531167730e-01 -3.217409994411588037e-02 -8.763400622901622306e-02 1.620764753075730202e-01 -3.997394607852776116e-01
-5.749785659968795759e-01 2.353193784190729665e-01 5.351168571082415282e-02 1.257603818627907710e+00 2.686899546512871439e-01 -3.512307576338853932e-01 -3.115905192928316580e-01 -2.891962092062265177e-01 1.742085126928366867e-01 6.966115325748682974e-01 -1.266498213203533174e+00 7.091803256767178487e-01 4.112969224163803839e-02 1.041959421147331255e-01 -1.165688683536412057e-01 1.594490110051158815e-01 1.000179361736845518e+00 -1.829108825283354001e-01 -1.318687376855114168e+00 -2.716122365814674033e+00 7.457275152063325141e-01 1.228233707205004954e+01 3.133128137103561445e-02 -2.123919199727205775e+00 -1.526850197624943783e+00 -4.084829660381658067e-01 1.547198306769775877e+00 4.566737610546856563e-01 -5.487300536053790756e-01 -8.365945906553539091e-01 -6.474125531067541628e-01 3.506117350866412852e-01 4.100693809250009481e-01 3.143014097670666640e-01 6.914782525953820924e-01 7.674861381229673984e-01 7.940123086006776187e-01 8.495919742945176045e-01 -6.041781535560972749e-01 -8.079225132046872204e-01
-7.827224120108027261e-01 1.965621083194481200e-01 -7.847563055076869354e-01 3.245210231251523525e-01 6.169111991064163414e-01 -5.683527083004876745e-01 8.521554432198115148e-01 -4.221957971165041235e-02 -1.143694065007914151e+00 -1.752538878803903133e-01 -1.171535337714994851e+00 -4.589510228653105595e-02 -5.514112070074740357e-01 2.499228227404400593e-01 6.351460794387333575e-01 7.321228751445607585e-01 4.532646936402749405e-01 1.059873459119940353e+00 -2.882735789489150879e-01 -2.166416664451691343e+00 -2.222380009307125093e+00 3.133128137103561445e-02 1.172286426950978111e+01 8.811916476069324711e-01 -3.293123450425547549e+00 -1.755651298107478997e+00 2.660733646781043849e-01 7.404964887530950390e-01 9.880944957686567109e-01 -4.588217731031774549e-01 2.571670626964104867e-01 -5.337006522680773912e-01 1.459388799824301863e-01 -1.459230045944810428e-01 -5.220671177392374185e-01 3.742959316360617850e-01 -1.885587812486280435e-01 1.096404974985714764e+00 -2.512014147143760145e-01 1.699419397436269519e-01
-9.553732953623698954e-02 -3.005500401956410009e-02 5.124010913126962087e-03 6.283556576248217063e-02 -1.151329529234732807e-01 1.264338660243968515e-01 -6.169029042633106252e-01 4.738700517755305430e-01 -3.288483949029165077e-01 -1.522396960259243814e-01 9.220074336311016028e-01 -5.879691762949621481e-01 -1.278914491826523558e-01 1.120645024972063974e-01 -2.597695245995189084e-01 -5.331852592978418570e-02 1.085579882029630849e-01 -2.605058903076644394e-02 1.580004469329793215e+00 -8.717394026553816344e-01 -1.902346328648553131e+00 -2.123919199727205775e+00 8.811916476069324711e-01 1.118843291289131159e+01 -8.657131609705424891e-02 -3.213560616212127297e+00 -1.354858304633859811e+00 -3.006587824351638072e-01 1.054092034374750853e+00 6.436253122957709127e-01 -8.140050572736166057e-01 -6.348692905964141708e-01 -1.531438511394262181e-01 5.915894621675859000e-01 1.395002189182750485e-01 -6.312503062255734321e-01 -7.012178164954196991e-01 2.608293630656397522e-01 1.127665393172892827e+00 -5.008486275111340147e-01
3.358772869014194362e-01 3.770902358469888083e-01 -1.721739324658962123e-01 -3.389326610981000520e-01 -2.282218575403792693e-01 3.171938069101862823e-01 -3.673653197224819866e-01 -3.909444220440750906e-01 4.907635515084797784e-01 3.760641386106836070e-01 4.168392339733690277e-01 -7.460758026166934842e-01 -2.256678520728519835e-02 1.378424353828449633e-01 -1.150061806416785917e-02 -1.790497270674811015e+00 6.921562910167539107e-01 7.099752443419439230e-01 2.650231856829547428e-01 1.381273247136080240e+00 -1.930188837662959733e-01 -1.526850197624943783e+00 -3.293123450425547549e+00 -8.657131609705424891e-02 1.367981616824703472e+01 7.292666400399454574e-01 -3.486507727034874105e+00 -1.298887311329875560e+00 -6.432123441961599131e-01 9.704919946511429973e-01 5.735262867934494135e-01 -7.793804285184878777e-01 -1.671136347671214883e-01 -2.778166781870977566e-03 1.745785248565337733e-01 -1.032118034842271007e-02 -4.365313383420192928e-01 -1.189447088445779066e+00 -2.592306550881099958e-01 6.832249992729252375e-01
-6.726616425651653353e-02 -4.742612231354210728e-01 -1.187604043125431580e-01 -9.627080139601895681e-01 3.202789193517264765e-01 2.845772511124492476e-01 9.067240490989750823e-01 -1.843572170406722610e-01 -5.432567779619268400e-01 1.126191715417675043e+00 8.967866748437575142e-01 -6.145163438429095126e-02 7.389084042618869128e-03 -1.850249465895126511e+00 4.959252617700561361e-01 -5.618140844353318730e-01 -2.196498805975839463e-01 -2.597885561901780091e-02 3.405654397043469950e-01 5.248036773584230374e-01 9.782856749838843013e-01 -4.084829660381658067e-01 -1.755651298107478997e+00 -3.213560616212127297e+00 7.292666400399454574e-01 1.300992619886276991e+01 9.953491640296090459e-01 -2.449508075758187076e+00 -1.674320283982906554e+00 -1.189215205206466397e-01 3.815668468026148230e-01 8.201146843716062840e-01 4.519755090409446896e-01 2.039970773927886893e-01 -4.286172545326233929e-01 -4.619667370672912998e-01 3.861284746513394817e-01 -2.339024996343455620e-01 -8.567669443078054226e-01 1.667536318515945581e-01
-1.579419593728750293e-01 -4.207502649563590880e-01 7.789158096562344147e-01 2.920718754612435242e-01 1.732769131511937566e-01 5.049223731126158965e-01 -6.373052595958976496e-02 -3.519294884191254136e-01 -1.942087771949062638e-02 -1.521505849452065573e-01 5.238832252785855514e-01 7.563763560929027685e-01 1.063959782882979210e+00 1.006405052581041959e+00 -4.859962911038319677e-01 -1.966272730939981617e-01 -5.924478736724604344e-01 -2.972875013922977039e-01 -6.846721387544973947e-01 -1.933682573320616785e-02 3.514798257617141042e-01 1.547198306769775877e+00 2.660733646781043849e-01 -1.354858304633859811e+00 -3.486507727034874105e+00 9.953491640296090459e-01 1.409251491132867784e+01 2.459149323133805742e-01 -3.263478990064101470e+00 -1.964524703964867225e+00 -1.537135771511564775e+00 8.351043329860091680e-01 4.333827940026275388e-02 9.628384530334581637e-01 1.295957366138127120e-01 -3.252178014713241749e-01 2.401878442340711073e-01 4.764441037938656476e-01 -6.632847822537711879e-01 -4.981297780269772907e-02
-3.649043015119701194e-01 1.047400183451804578e-01 6.768238198442237674e-02 1.008447738134225835e+00 1.206529979346337850e-01 4.031369687617055164e-01 -4.748823565665740154e-01 -3.070700485116428097e-02 5.883410183018928929e-01 2.837678866454887427e-01 -8.032595020374951045e-02 6.427798213746463984e-01 -3.586553340674971668e-01 -3.385610769183545199e-01 -5.526470482160356079e-01 1.495379045123815143e+00 -5.773967342491637122e-01 1.064530006785907812e+00 8.722307079060805102e-02 -6.293798280673795764e-02 -8.209196847346427184e-01 4.566737610546856563e-01 7.404964887530950390e-01 -3.006587824351638072e-01 -1.298887311329875560e+00 -2.449508075758187076e+00 2.459149323133805742e-01 1.176626606694811983e+01 4.277647185594176671e-01 -2.526064599223957430e+00 -1.404330447426308304e+00 -1.693246508946986584e+00 9.763893192382222530e-02 1.125171540620866883e+00 2.707335989477135593e-02 -2.538184754678274313e-01 -6.683754404203335886e-01 7.478723477734289249e-01 1.597037409044441969e-01 2.545999175113745627e-01
3.723503045907020081e-01 4.265894777852203418e-02 -1.383542043956172751e+00 -2.876273238985309066e-01 5.437621626537346708e-01 -1.854149715474150972e-01 9.069398795839502814e-01 8.316103843038416543e-02 5.911517215091584114e-03 -1.572260152370824615e-01 -1.324444344687663477e+00 5.787923000169450383e-01 5.860780852051682421e-01 -1.605683158836405944e-02 -7.545148284205924760e-01 -3.071388888427125652e-01 -1.871748403251413950e-01 -9.467226649884197265e-02 -2.112351700653239961e-01 -5.858275322252881612e-01 -5.305384967354153103e-01 -5.487300536053790756e-01 9.880944957686567109e-01 1.054092034374750853e+00 -6.432123441961599131e-01 -1.674320283982906554e+00 -3.263478990064101470e+00 4.277647185594176671e-01 1.269827837449457597e+01 8.146756318347125880e-01 -2.436144256097524163e+00 -1.568574753465024729e+00 -8.924384802833236208e-01 8.964483911989851173e-01 -1.209269494194841199e-01 -1.234527802377514583e+00 -6.843336993478905672e-01 5.275734736050082807e-01 -1.732028021332645829e-01 -3.742662593860111575e-01
8.116829358237069858e-01 1.232021597745154400e-02 -1.885748290232940327e-01 -1.730766052592187521e-01 5.494255140820945155e-02 -3.511497619794513025e-01 2.105807046568316521e-01 6.020608739598197756e-01 -4.453646102285274341e-03 -2.357736387906187447e-01 -4.854892314895281613e-01 1.168665108732548502e-01 7.860473389492113050e-01 1.048973888011057953e+00 -1.111759902917098808e+00 -8.476373024077339668e-02 3.449941609314272628e-01 1.702456564175155451e-01 3.123952322554488514e-01 5.576988774480211575e-01 4.273581996110989434e-01 -8.365945906553539091e-01 -4.588217731031774549e-01 6.436253122957709127e-01 9.704919946511429973e-01 -1.189215205206466397e-01 -1.964524703964867225e+00 -2.526064599223957430e+00 8.146756318347125880e-01 1.153969160375844893e+01 7.632967183469070438e-01 -2.798287642587843127e+00 -1.598505618693302210e+00 -7.532371863710297655e-01 1.906950692066686326e+00 9.839774859847061350e-01 -9.737049303977675097e-01 -1.887180732027747165e+00 -4.673700579670907462e-01 2.570409084150609424e-01
1.599385840373553080e-01 6.744145168890207653e-01 3.755277194047518252e-01 -1.368278477144800609e-01 -5.180870185456499799e-01 -2.501447293954434103e-01 5.735347021289934899e-01 -2.846032735497849853e-01 -1.211331536345411908e-01 -6.104358742024948992e-01 -3.596321157464423823e-01 -2.522453521583621350e-01 1.265510392334523448e+00 5.095092928549915801e-01 4.447325402017768270e-01 6.240616382241639393e-01 -8.165357830016350960e-02 -7.829938640783523640e-01 -2.365836896090098840e-01 1.271715340097775426e+00 -5.992512367131412887e-01 -6.474125531067541628e-01 2.571670626964104867e-01 -8.140050572736166057e-01 5.735262867934494135e-01 3.815668468026148230e-01 -1.537135771511564775e+00 -1.404330447426308304e+00 -2.436144256097524163e+00 7.632967183469070438e-01 1.170080532822458963e+01 9.738176633796036263e-01 -2.720865158771096137e+00 -1.694410308407821475e+00 -6.353992538335190288e-01 2.706154960808496934e+00 7.661122306619794209e-01 -1.584516959673974545e+00 -2.866690691609062314e-01 6.441016177466536430e-01
-6.167450568309885695e-01 3.469036023029704596e-01 1.253577835024230591e+00 -1.623358829841973772e-01 -9.053972840160273705e-02 -5.602763269870755236e-01 -5.248114325829532634e-01 -1.485112963143306875e-01 -6.571518966128966910e-02 1.012269719231763565e+00 6.072978789748038064e-01 1.399231363083717761e-01 -3.060950697862851455e-01 8.151071432363767022e-02 1.008662303534747284e+00 -1.217233002444620960e+00 -3.377624903944556611e-02 -4.362430230188594216e-01 4.605590651807658226e-02 7.580978085723339976e-01 3.101077045994244941e-01 3.506117350866412852e-01 -5.337006522680773912e-01 -6.348692905964141708e-01 -7.793804285184878777e-01 8.201146843716062840e-01 8.351043329860091680e-01 -1.693246508946986584e+00 -1.568574753465024729e+00 -2.798287642587843127e+00 9.738176633796036263e-01 1.306579489007657635e+01 -7.407888920987188985e-01 -3.781462710957091744e+00 -2.538208452776804069e+00 3.398260321010515006e-01 2.177246409217327816e+00 1.176500155226921862e+00 -5.430680038996311687e-01 -1.137333547734593830e+00
-4.709500972487005999e-02 -3.172901483492750474e-01 -4.880050834170290286e-01 1.622693936415305349e-01 -5.262799096386439057e-01 -3.801487531342490622e-01 -8.012269131517357756e-01 -8.095298820848774168e-01 -5.632896863568694068e-02 -1.132343770432884256e-01 1.254940815180541236e+00 -1.318876074725873870e+00 -1.158472011251843403e+00 -3.286631773192112971e-01 -1.990316742040699749e-01 1.407846153797131551e-02 3.767645038992996631e-01 -1.834612331262714963e-03 3.143576192083006315e-01 -2.111985777799452735e-01 9.213009141815936553e-01 4.100693809250009481e-01 1.459388799824301863e-01 -1.531438511394262181e-01 -1.671136347671214883e-01 4.519755090409446896e-01 4.333827940026275388e-02 9.763893192382222530e-02 -8.924384802833236208e-01 -1.598505618693302210e+00 -2.720865158771096137e+00 -7.407888920987188985e-01 1.261937934737727041e+01 1.165344325604802611e+00 -3.006112826710866326e+00 -1.473681840367700113e+00 -7.604663549020930224e-01 5.178179624677211601e-01 6.309246010802548321e-01 5.710690135107632237e-01
-5.734267860260323646e-01 -3.639615284520345551e-01 4.536103187098936562e-01 6.443187898259327140e-01 9.082758115188194203e-02 -9.264880223633966891e-03 -6.426827403710132225e-02 -2.557077717108309223e-01 4.831193774394673679e-01 2.109264453599867251e-01 -6.315690388951974987e-02 -4.075118007385518659e-01 -6.372863599440450333e-01 2.172885681952368142e-01 1.771372338454934581e-01 8.809067720181580630e-02 -1.053168542870701829e+00 -8.983141279855311190e-01 9.300943766132422352e-01 4.078383553363204017e-01 -5.165815284771434479e-01 3.143014097670666640e-01 -1.459230045944810428e-01 5.915894621675859000e-01 -2.778166781870977566e-03 2.039970773927886893e-01 9.628384530334581637e-01 1.125171540620866883e+00 8.964483911989851173e-01 -7.532371863710297655e-01 -1.694410308407821475e+00 -3.781462710957091744e+00 1.165344325604802611e+00 1.359684805039080757e+01 -5.097311084356794808e-01 -3.114883824896255593e+00 -1.441039209936704868e+00 1.950121224869444392e-01 -1.714960907323485051e-01 1.514417141325983922e-02
-1.199012303320274725e-01 -5.888988557862945283e-01 -2.718857215321307530e-01 7.012528910315196651e-01 1.684618926287411445e-01 1.411991148536498042e-01 4.644728867781890980e-01 -1.636715842259672468e-02 -3.947901588074795298e-01 -4.158021241362982456e-01 1.194751304284787374e-01 1.674906802997030875e+00 -8.534346358741995431e-01 -3.085352172438943219e-01 3.431400866899202984e-01 4.773736665585063266e-01 1.300323188815555031e-01 -9.870346152290877528e-01 -2.328046348402399990e-01 1.470607820938726051e-01 2.954371892054574178e-01 6.914782525953820924e-01 -5.220671177392374185e-01 1.395002189182750485e-01 1.745785248565337733e-01 -4.286172545326233929e-01 1.295957366138127120e-01 2.707335989477135593e-02 -1.209269494194841199e-01 1.906950692066686326e+00 -6.353992538335190288e-01 -2.538208452776804069e+00 -3.006112826710866326e+00 -5.097311084356794808e-01 1.356280770081315801e+01 9.344747906799707460e-01 -2.749929388679398734e+00 -2.291579007803073331e+00 -3.768284745478222564e-01 7.233990709680804265e-01
3.207797459499168169e-01 8.495496540579331457e-01 4.111226035037729987e-01 -4.034197280565338661e-01 -3.938301298726086253e-01 -5.425554997670012369e-01 4.043833924826190085e-01 -1.636630046554298501e-01 -5.882149621351988600e-01 -4.375729628115240799e-01 4.729827895325328657e-01 -8.189670256882303212e-02 1.148885571754908685e+00 -4.051201044075906643e-01 4.666454442126654611e-01 9.951408903746371548e-01 5.202618258946809515e-01 -1.301815583193295101e-01 -6.651421175880909420e-01 1.645581177124385563e-01 5.582953455531167730e-01 7.674861381229673984e-01 3.742959316360617850e-01 -6.312503062255734321e-01 -1.032118034842271007e-02 -4.619667370672912998e-01 -3.252178014713241749e-01 -2.538184754678274313e-01 -1.234527802377514583e+00 9.839774859847061350e-01 2.706154960808496934e+00 3.398260321010515006e-01 -1.473681840367700113e+00 -3.114883824896255593e+00 9.344747906799707460e-01 1.153336051870181933e+01 5.100606717181075389e-01 -2.583445713357790829e+00 -1.231630814709974597e+00 -5.229401692987587502e-01
-5.516460574895137858e-01 2.312540655878551066e-01 1.345259738997018673e+00 -4.545937874140339452e-01 6.591188595089130242e-01 -6.329775699999481420e-01 -7.764980080215436731e-01 8.691304682488523170e-01 -4.345162499754203766e-01 1.518321567027945074e+00 4.739392682082438357e-01 2.081099834907000068e-01 1.796443169988725108e-01 -7.505040854005918805e-01 4.546948942761071255e-02 1.795252967267400301e-01 -3.195186143496108189e-01 1.027631379666515687e-01 -7.004416391984097379e-01 -1.597853064037908499e-01 -3.217409994411588037e-02 7.940123086006776187e-01 -1.885587812486280435e-01 -7.012178164954196991e-01 -4.365313383420192928e-01 3.861284746513394817e-01 2.401878442340711073e-01 -6.683754404203335886e-01 -6.843336993478905672e-01 -9.737049303977675097e-01 7.661122306619794209e-01 2.177246409217327816e+00 -7.604663549020930224e-01 -1.441039209936704868e+00 -2.749929388679398734e+00 5.100606717181075389e-01 1.137862331454640774e+01 8.462100570715641590e-01 -2.758138612559331460e+00 -1.249347776768830798e+00
-9.610356782351037186e-01 -2.405292806718450360e-01 4.573006758814921469e-01 5.314340361133321755e-01 2.477151652375342294e-01 -3.077027499435417424e-01 -6.667290525046822014e-02 5.419222745296342625e-01 -2.497363326709921838e-01 8.509293453981250366e-01 8.258249291750310861e-02 4.624589509590607550e-01 8.941387836850913651e-01 2.378511829788700072e-01 4.158263368258395820e-01 1.329638187944008620e-02 -2.373479420791499706e-01 -7.926268061051218172e-01 -9.433939715781077817e-01 -7.340374019118997007e-01 -8.763400622901622306e-02 8.495919742945176045e-01 1.096404974985714764e+00 2.608293630656397522e-01 -1.189447088445779066e+00 -2.339024996343455620e-01 4.764441037938656476e-01 7.478723477734289249e-01 5.275734736050082807e-01 -1.887180732027747165e+00 -1.584516959673974545e+00 1.176500155226921862e+00 5.178179624677211601e-01 1.950121224869444392e-01 -2.291579007803073331e+00 -2.583445713357790829e+00 8.462100570715641590e-01 1.090557913108106902e+01 7.468232487656895069e-01 -3.274654752111300748e+00
-2.726399705710612853e+00 -2.494559783258910368e+00 -1.125405643808009115e+00 8.933712624057368323e-01 7.329409502796405684e-01 1.679856707744677435e-01 -1.091454592231930532e+00 -8.868854831425522223e-01 -2.713399885051050453e-01 -6.056396420813504600e-01 5.065059301679491338e-02 -6.069277441321239194e-04 4.806876967410831925e-01 5.067738314724757887e-01 1.112473513603005726e+00 3.214648546384943906e-01 6.623508360221821434e-01 -7.242626626875480200e-01 -5.183504365728049956e-01 -8.843784533147425186e-01 1.620764753075730202e-01 -6.041781535560972749e-01 -2.512014147143760145e-01 1.127665393172892827e+00 -2.592306550881099958e-01 -8.567669443078054226e-01 -6.632847822537711879e-01 1.597037409044441969e-01 -1.732028021332645829e-01 -4.673700579670907462e-01 -2.866690691609062314e-01 -5.430680038996311687e-01 6.309246010802548321e-01 -1.714960907323485051e-01 -3.768284745478222564e-01 -1.231630814709974597e+00 -2.758138612559331460e+00 7.468232487656895069e-01 1.298614645914603472e+01 8.513108799778079661e-01
