6.045201554919599651e+00 2.979882601640379547e-01 -9.987125951498742049e-01 -2.941395939645703450e-01 -8.120123573919482696e-02 1.179798961419154246e-01 -5.849276491895939040e-02 2.234098705109206495e-01 3.732949518532491240e-01 5.485876055056402439e-02 -3.121976063998632006e-02 1.680674835606596751e-01 1.268139990123871019e-01 5.940261118361683107e-02 1.191299421294127192e-01 6.498141145961343346e-02 -1.643807612197940304e-01 1.661801636381098762e-02 3.472724928736946326e-02 1.331188977765544040e-02 -1.806717794950754297e-01 -2.260830436984459599e-03 5.556522676127333138e-02 1.567155528593077718e-01 3.470922188254506584e-03 2.982343199486501423e-02 6.154604023972153060e-02 4.535380574429893896e-02 -1.537011086580382102e-01 3.486278027944455984e-03 -5.592550544572235521e-02 -7.697327153123622624e-03 5.601632006286364623e-02 8.887979753937379213e-02 -5.143465907164621737e-02 8.253240845397302738e-02 8.033298221229381864e-02 3.648329826238605467e-02 -1.352010313887050286e+00 1.708235968805985605e-01
2.979882601640379547e-01 5.892672247917043471e+00 7.178117912713296578e-01 -1.212852860925948351e+00 -2.571518142530481721e-01 4.900421644516849556e-02 -8.622681135670434704e-02 -1.632075242317940489e-01 1.595346249659305438e-01 1.620630093908917713e-01 -2.337961855991178839e-01 -5.022286437151704530e-02 9.024800019606048912e-03 4.613930501317301675e-02 -1.226760063775451243e-01 -1.114559518537088928e-01 1.510217516409497751e-01 -2.217797753475538036e-01 -2.357004844728779192e-01 -6.009313655547461608e-02 9.520959037739640252e-02 1.663634609966094247e-01 9.021782338981847171e-02 -1.719795368023075213e-02 9.495668699364143150e-02 5.376082588712661342e-02 -2.118769870361510502e-02 1.021200353182287052e-01 1.363053407948576212e-01 -8.605489953639243461e-02 -4.443358318403672902e-01 -7.495050103881650827e-02 2.194947826188040352e-01 2.596405645444771482e-02 1.155505159477024923e-01 1.053865151772789555e-01 -1.973447075029305109e-01 3.354478703795124583e-02 -6.314627368609257996e-01 -1.589145652307153211e+00
-9.987125951498742049e-01 7.178117912713296578e-01 5.256471584989454549e+00 1.624481107318805420e-02 -1.622379786302002413e+00 4.255895385319403146e-01 3.310457827058472385e-02 -3.941766970693675320e-01 8.245261109275522915e-03 1.534046451799138122e-01 -2.419972160848809367e-02 -2.078940146214749707e-01 7.892966391996093789e-02 2.003233180660877674e-02 -1.501139577352843812e-01 -3.643544214490536393e-02 3.613829168785572810e-01 2.318871970371595009e-02 -2.365618919366514195e-01 -3.997761724177868736e-02 -1.165609609342961317e-01 -4.525925458996869072e-02 8.834297078995528504e-03 7.507528573507570024e-02 1.495156174609446331e-01 2.253495116885946559e-01 2.731430100497381774e-01 1.005978779656239858e-01 -7.458293701536584941e-02 -6.042192403045429372e-02 -2.696575267623256555e-02 3.033858525725311450e-01 1.415489056323675221e-01 -5.770842585402575359e-02 -1.216793089513351911e-01 -2.512668592966473269e-01 -2.075003963041431587e-01 3.532196555839638430e-01 2.035516574492119979e-01 2.524380761135211482e-01
-2.941395939645703450e-01 -1.212852860925948351e+00 1.624481107318805420e-02 5.317818717054317190e+00 -2.118477278542734710e-01 -9.997871278215425539e-01 -2.885612769616769865e-02 -1.065897991691724389e-01 2.634937612523781392e-02 -2.058982436876797759e-04 2.672574126688718327e-02 1.005498843307774254e-01 3.016175987996694841e-01 -3.582261195143250643e-02 -7.026020141470608327e-02 1.418467784414679522e-01 1.414937756717567045e-02 9.024445801921343602e-02 2.056043003910339173e-01 3.077367990128208539e-02 -1.003294797924041692e-01 -1.608750324439214840e-01 -1.269947137756274602e-01 4.854063455967615875e-02 -1.742456228402977092e-01 -7.632537334146956287e-02 -7.403900678270981806e-02 -2.253581382294547741e-01 4.785124103318584565e-02 2.965834310522547090e-01 -6.668570121553291270e-03 -5.242987838049018717e-02 -2.735711843266298016e-01 7.617050457562762888e-02 7.641535445249438008e-02 1.386156403665214365e-01 -1.824215438842771014e-02 2.703296115644623909e-02 3.984712036302039406e-01 2.092198566144992666e-01
-8.120123573919482696e-02 -2.571518142530481721e-01 -1.622379786302002413e+00 -2.118477278542734710e-01 6.191596297394798221e+00 2.956124153616227490e-01 -6.571063110775657856e-01 -1.062808362049336014e-01 1.857171558281948964e-02 1.476266463746574165e-01 6.342327003470717151e-02 -1.129011311655443023e-01 4.729313738141412149e-02 2.806327269577333361e-01 2.286046085228276570e-01 -3.616485490228249500e-01 7.943094491523257361e-02 1.249771992810035925e-01 1.392422197357268965e-01 9.578778666296518252e-02 -6.694708443024348365e-02 -6.748627104545511235e-02 -1.136267087718681318e-01 3.601085756960013123e-02 -4.217842506042971396e-01 -4.828629676584387381e-02 5.332988893129812086e-02 -1.132407625329495543e-01 -4.114566179817904373e-02 -1.606619924544807065e-01 -1.189053503131253658e-01 -2.267148404253792882e-01 2.803827674548660474e-03 2.296534317847938877e-01 1.273851166228401055e-01 -9.316145335342276845e-02 4.015569464364849434e-02 -1.893216586070342322e-01 -3.409414539214241507e-02 -3.466191242740231382e-01
1.179798961419154246e-01 4.900421644516849556e-02 4.255895385319403146e-01 -9.997871278215425539e-01 2.956124153616227490e-01 5.206741942796911715e+00 5.207071569513216369e-01 -1.384525882848320677e+00 -4.240757551086857258e-01 -6.702102928602259035e-02 1.177811551743789403e-01 -2.232649913090127836e-01 -5.888286160980282791e-01 1.158751839914802864e-02 1.438531359770809648e-01 -2.223694796022989695e-01 -1.840475763862902681e-01 2.189118114839418983e-01 -9.526285778263920978e-02 -3.339098834805532268e-01 1.508465406362560490e-01 -1.264112324210350151e-03 1.846215186616178283e-01 -8.725661805941799243e-02 6.863861546725480434e-02 -8.191752263836621362e-02 -1.521528407166468019e-02 -1.478441810585171823e-01 -7.665116370062773077e-02 1.697371529037542681e-01 1.658529113246052719e-02 3.082074168164156483e-02 -3.670423172380735122e-02 3.435105358823135613e-01 -1.096777642528111996e-01 -2.242096873831197490e-01 1.287536994394944956e-01 -1.099132637100080044e-02 -2.593942527085583982e-02 3.516384583304066943e-03
-5.849276491895939040e-02 -8.622681135670434704e-02 3.310457827058472385e-02 -2.885612769616769865e-02 -6.571063110775657856e-01 5.207071569513216369e-01 5.785602690798866909e+00 5.176564820480853424e-01 -1.809993096593073947e+00 3.670692917533437405e-01 -2.119290099992768208e-03 -1.729668032288285140e-01 -4.689582902571756695e-02 -1.566949823815946552e-01 5.032540206992990733e-02 2.161267058411701636e-01 -1.926425745466968653e-01 -1.093733637375052942e-01 8.454242622898704151e-02 6.294420584126349250e-02 -1.449331191085393988e-01 -8.480233150171625350e-03 4.213135441219920674e-01 -7.453333604299586246e-02 1.422759769175858113e-01 -1.176906608790479342e-01 2.709538112610597738e-01 -5.394459739211448362e-02 -3.401166639317638324e-02 1.139778430181491026e-01 1.003070379243819060e-01 -1.651265003922761376e-01 -5.042735648655283232e-02 -1.047150990534957971e-01 6.707686773235603528e-02 2.630969767291416184e-01 2.476179115132164654e-01 2.361781090879611356e-01 2.664121639516658924e-01 1.284683079358090452e-01
2.234098705109206495e-01 -1.632075242317940489e-01 -3.941766970693675320e-01 -1.065897991691724389e-01 -1.062808362049336014e-01 -1.384525882848320677e+00 5.176564820480853424e-01 6.649079081539223779e+00 5.560346088430927480e-01 -1.090878583231130294e+00 -3.365840758876333938e-01 6.128521990171412193e-02 3.254183589495589501e-01 -1.279810863941361655e-02 1.309846564935044921e-01 1.955169803598938161e-01 -5.532920181772851137e-02 -1.161234900400847647e-01 -3.810076954228792945e-02 4.303417702582057469e-01 1.213687345844404047e-01 -2.088199636291499794e-01 1.180984968960593212e-01 8.858522144034797208e-02 8.154003469315029839e-02 1.754948035144068960e-03 -1.178813455549512362e-01 -1.650189967788899259e-01 1.917831170970681620e-01 1.128043220078654360e-02 -3.990711591845650941e-01 3.623186112633296208e-02 1.674498931684028635e-01 -2.531945124641611922e-01 -1.233967617308612819e-01 2.125162025332285320e-01 -2.536781148845359546e-01 1.942157562298003626e-01 5.995465582271566202e-02 -6.137284501849111541e-03
3.732949518532491240e-01 1.595346249659305438e-01 8.245261109275522915e-03 2.634937612523781392e-02 1.857171558281948964e-02 -4.240757551086857258e-01 -1.809993096593073947e+00 5.560346088430927480e-01 6.619110218798001988e+00 5.003053027415228504e-01 -1.769434629128586955e+00 -1.154155460873207140e-01 4.021598355940557701e-01 -9.145099721140702298e-02 -2.582491334587480591e-01 -1.291728456428495042e-01 -1.199130988998542841e-01 1.488210975093648414e-01 1.384050455968080240e-01 1.018137570414463788e-01 1.756788994813437976e-01 -4.142364475503002019e-02 -3.964074242109364987e-01 -7.546633242807125608e-03 -9.865109687811436656e-02 5.965159109269808219e-02 5.564256270423476730e-02 -2.783703524805143381e-01 6.933476983395343851e-02 -6.165891130141434862e-02 -5.942975460866215670e-02 3.262383831692567543e-02 2.833837337015508717e-02 -1.186838396876539921e-02 2.446629375132381920e-02 -1.234456923124336303e-01 -1.764507638392191768e-01 4.893188957374896425e-02 -4.839421976944957016e-01 -6.517437333401224220e-03
5.485876055056402439e-02 1.620630093908917713e-01 1.534046451799138122e-01 -2.058982436876797759e-04 1.476266463746574165e-01 -6.702102928602259035e-02 3.670692917533437405e-01 -1.090878583231130294e+00 5.003053027415228504e-01 6.288020462295880186e+00 -1.797547414898358897e-01 -1.310100526901435414e+00 3.653156674621841349e-01 1.122842929463908554e-02 -1.649232109878695507e-01 -5.414496872588340365e-02 8.830745918599665345e-02 -5.360241723151200344e-02 -1.898708348686666547e-01 1.555190929230393501e-03 1.600532855575681826e-02 2.316443038371931162e-01 -7.328960755285994499e-02 -4.748629241600571538e-02 -4.939596355689654383e-02 4.044622179377478470e-03 3.462919148016794374e-02 9.567591380745647800e-02 1.193009480089283619e-01 4.937746862940371739e-02 5.963937306490880302e-02 -4.271023802128104396e-02 -1.231885342680184847e-01 3.106638112544649610e-01 2.044210918766681262e-01 2.429976439500682039e-01 -1.153186153901490374e-01 9.412022515285898075e-03 8.218332303489198076e-02 -1.733492012973740226e-01
-3.121976063998632006e-02 -2.337961855991178839e-01 -2.419972160848809367e-02 2.672574126688718327e-02 6.342327003470717151e-02 1.177811551743789403e-01 -2.119290099992768208e-03 -3.365840758876333938e-01 -1.769434629128586955e+00 -1.797547414898358897e-01 6.690055606833999136e+00 3.586098290046667580e-01 -1.175006913684544019e+00 -2.222380439880389247e-01 -9.704322696979190976e-02 4.024013218331080610e-01 -7.419595460764959183e-02 -1.653407949651243547e-01 1.404078915659379700e-01 9.269203485483526461e-02 6.066960939634836666e-03 3.742008739402209738e-02 8.935401820719569843e-02 -4.564600221432836558e-02 -8.265966317665038310e-02 4.584706211519782443e-02 2.214419756573971984e-02 2.085452209268216783e-01 -2.847284943074369634e-01 1.481369262057659342e-01 8.563406626798565624e-02 3.330168235774359775e-02 -9.258897262842699649e-02 -1.064591989299145183e-02 6.352064361672009329e-02 -2.233375574167811295e-01 -9.462350128049340503e-02 8.114210006395995711e-02 -7.539112306836717736e-02 -1.408270211200972864e-02
1.680674835606596751e-01 -5.022286437151704530e-02 -2.078940146214749707e-01 1.005498843307774254e-01 -1.129011311655443023e-01 -2.232649913090127836e-01 -1.729668032288285140e-01 6.128521990171412193e-02 -1.154155460873207140e-01 -1.310100526901435414e+00 3.586098290046667580e-01 5.353975724167289840e+00 3.514604691004435955e-01 -1.166455391761648475e+00 -8.497150292889643630e-02 1.037404446081594406e-01 -3.008136505856836007e-01 -2.830807698044347509e-01 1.866412066664991376e-01 3.682874342504491305e-01 -2.266372975372856480e-01 -1.026281888152270338e-01 -3.011491073003098179e-03 1.340395811261211600e-01 -1.278981669014932765e-01 -8.335997919526416666e-02 -3.347506787057536598e-02 -2.291117634468816111e-01 2.246567049921767076e-02 7.315122993327492773e-02 -1.910682542217944369e-01 -8.461108308929730926e-02 7.477064815981893098e-02 -4.518792268410434798e-02 1.078934321601867502e-01 3.830974626544868256e-02 2.017224550292532059e-01 -8.246143551683193795e-02 -1.917177334992885007e-01 -2.940955095696894291e-03
1.268139990123871019e-01 9.024800019606048912e-03 7.892966391996093789e-02 3.016175987996694841e-01 4.729313738141412149e-02 -5.888286160980282791e-01 -4.689582902571756695e-02 3.254183589495589501e-01 4.021598355940557701e-01 3.653156674621841349e-01 -1.175006913684544019e+00 3.514604691004435955e-01 6.120083373864261489e+00 2.734497902960748017e-01 -1.350267279077673521e+00 1.362863443247069040e-01 3.949403980279865278e-01 -1.044032784908662803e-01 -2.378414857599832344e-01 2.433833059751609740e-01 1.393437193297347443e-01 -7.916425861639471429e-02 -1.587082231090892193e-01 -1.350964889223825460e-01 2.603386007533636803e-02 9.028955393648065153e-02 1.463429654028529647e-01 1.930145879873639558e-01 -3.804428883368510955e-02 -2.311305832702490459e-01 -8.839249901411240506e-02 -2.356675829694528795e-02 6.516769945374684125e-02 -2.237089374822275600e-01 1.046055556234614381e-01 5.636132822444742119e-02 -1.572574906265884753e-01 -6.512159759584415508e-02 3.507441457878913704e-01 9.541287992402514018e-02
5.940261118361683107e-02 4.613930501317301675e-02 2.003233180660877674e-02 -3.582261195143250643e-02 2.806327269577333361e-01 1.158751839914802864e-02 -1.566949823815946552e-01 -1.279810863941361655e-02 -9.145099721140702298e-02 1.122842929463908554e-02 -2.222380439880389247e-01 -1.166455391761648475e+00 2.734497902960748017e-01 5.790084533198140981e+00 3.296148295160722386e-01 -1.152937218357184213e+00 1.217258392811537554e-01 1.254210069172263277e-02 1.523545568909848505e-02 -8.977966871128195692e-02 9.363898674417076712e-03 -1.394448963814121645e-01 4.038214909566822941e-02 1.635442309208814393e-01 1.138217364186426689e-01 -1.804916032235897791e-02 3.023303397145180593e-01 8.214870983760969025e-02 -1.143499392554058608e-01 -7.616411612658009755e-02 -1.682205385065238534e-01 -1.512869466920908623e-01 4.897365144542041582e-02 -5.286087809229530338e-02 -1.092965725540037403e-01 5.416304914261262093e-02 -5.507099832599496314e-02 -1.759689314100400248e-01 2.678279077984254131e-01 2.800665889847331336e-01
1.191299421294127192e-01 -1.226760063775451243e-01 -1.501139577352843812e-01 -7.026020141470608327e-02 2.286046085228276570e-01 1.438531359770809648e-01 5.032540206992990733e-02 1.309846564935044921e-01 -2.582491334587480591e-01 -1.649232109878695507e-01 -9.704322696979190976e-02 -8.497150292889643630e-02 -1.350267279077673521e+00 3.296148295160722386e-01 5.610606760979647056e+00 3.434175831743869756e-01 -1.488163555617867617e+00 -2.074758809999953935e-01 2.186967854022123237e-01 -1.320648470598687341e-01 -6.481089922859897823e-02 9.940751804814329518e-02 7.251475862142046924e-02 -1.562176187857994454e-02 -1.956793330835089953e-02 -2.275086126999346751e-03 -3.240188297059041211e-01 6.424800003494287801e-03 3.294023665605954609e-01 6.170631502972160481e-02 -2.663431522735084100e-01 -1.693239828282218709e-02 9.590959249602570846e-02 6.070960052460989270e-02 -3.561718338903925862e-01 1.069873564319707704e-01 -4.005941100088408063e-02 1.022827471568712038e-01 1.366980660144855309e-01 2.672920594004329353e-01
6.498141145961343346e-02 -1.114559518537088928e-01 -3.643544214490536393e-02 1.418467784414679522e-01 -3.616485490228249500e-01 -2.223694796022989695e-01 2.161267058411701636e-01 1.955169803598938161e-01 -1.291728456428495042e-01 -5.414496872588340365e-02 4.024013218331080610e-01 1.037404446081594406e-01 1.362863443247069040e-01 -1.152937218357184213e+00 3.434175831743869756e-01 6.107736263530008536e+00 3.818057481205468506e-01 -1.181136146829168787e+00 6.510288988571487634e-01 1.122010316997519158e-01 -1.464662003643467658e-01 9.197356806582641237e-03 1.192085326029759251e-01 2.367490171858532833e-02 -1.535045038375734139e-01 -2.534659090226715761e-01 -1.349599376271326256e-01 2.372631198036044831e-01 1.379978070426705339e-01 9.959011815810926704e-02 -1.102970942972881369e-01 2.023340491852271827e-01 1.509804983051175331e-01 -1.981862451338897019e-02 -2.280778012803701960e-01 -1.639630096519951730e-01 3.775423897619106101e-02 -2.291895804454435748e-02 -1.079412709945501148e-01 8.343189247657148422e-02
-1.643807612197940304e-01 1.510217516409497751e-01 3.613829168785572810e-01 1.414937756717567045e-02 7.943094491523257361e-02 -1.840475763862902681e-01 -1.926425745466968653e-01 -5.532920181772851137e-02 -1.199130988998542841e-01 8.830745918599665345e-02 -7.419595460764959183e-02 -3.008136505856836007e-01 3.949403980279865278e-01 1.217258392811537554e-01 -1.488163555617867617e+00 3.818057481205468506e-01 5.206635895003923764e+00 3.408375242345442757e-01 -6.463406009489590653e-01 -5.043728954258116376e-02 -1.800625523351720991e-01 -7.788336523905577125e-02 1.239269669648048605e-01 -1.654604231232246758e-01 -1.986574675404442214e-01 2.837686541183233671e-02 -7.723805387910150089e-02 -6.378847431794652800e-02 -1.814155469356898975e-01 1.137050446146741361e-01 1.377260652952378150e-01 -1.530724779199289232e-01 -1.355788334545757201e-01 -7.269158552741262005e-03 1.639790321989867058e-02 1.100997394165194043e-01 1.056207326188852991e-01 1.709008956106878585e-01 -1.724126899644957134e-01 -3.742291548284644703e-03
1.661801636381098762e-02 -2.217797753475538036e-01 2.318871970371595009e-02 9.024445801921343602e-02 1.249771992810035925e-01 2.189118114839418983e-01 -1.093733637375052942e-01 -1.161234900400847647e-01 1.488210975093648414e-01 -5.360241723151200344e-02 -1.653407949651243547e-01 -2.830807698044347509e-01 -1.044032784908662803e-01 1.254210069172263277e-02 -2.074758809999953935e-01 -1.181136146829168787e+00 3.408375242345442757e-01 4.978508227138796371e+00 3.400512390716435851e-01 -1.326336335421879342e+00 2.229508953388735504e-02 5.569988696714545801e-02 -3.782865014236522910e-02 2.083558375051794767e-02 4.537112241538058394e-02 5.216102619950552244e-02 -1.313682006665402857e-01 -2.513553272064183441e-01 -5.065597207921115896e-02 -7.350120624544671799e-02 2.090775505468608075e-01 -1.021430419960514258e-01 1.094287282657434822e-02 7.794610076459419779e-02 8.173242430231102140e-02 -6.270439259367563412e-02 -1.420080517319135816e-01 -1.884260218013327493e-01 1.707611855293819370e-01 9.615564189787295310e-03
3.472724928736946326e-02 -2.357004844728779192e-01 -2.365618919366514195e-01 2.056043003910339173e-01 1.392422197357268965e-01 -9.526285778263920978e-02 8.454242622898704151e-02 -3.810076954228792945e-02 1.384050455968080240e-01 -1.898708348686666547e-01 1.404078915659379700e-01 1.866412066664991376e-01 -2.378414857599832344e-01 1.523545568909848505e-02 2.186967854022123237e-01 6.510288988571487634e-01 -6.463406009489590653e-01 3.400512390716435851e-01 4.946517813288275889e+00 1.827655885774799316e-01 -1.129631076619550090e+00 7.772371654983378786e-02 -3.603489234621600010e-03 4.302929800397563981e-02 -1.470688116661390266e-01 -1.049646320935746086e-01 7.356067263563530190e-02 2.152040099999212031e-01 3.229166733774770787e-02 -9.077554069943190307e-02 -3.116582010585368101e-01 -4.735823112672250118e-02 1.451142181768177997e-01 -1.444524095575960149e-02 -2.153521672909223042e-02 1.343842962897217608e-01 2.020551318209178049e-01 -5.938023729614982926e-02 -4.720199439961397792e-02 -8.645212788747640154e-02
1.331188977765544040e-02 -6.009313655547461608e-02 -3.997761724177868736e-02 3.077367990128208539e-02 9.578778666296518252e-02 -3.339098834805532268e-01 6.294420584126349250e-02 4.303417702582057469e-01 1.018137570414463788e-01 1.555190929230393501e-03 9.269203485483526461e-02 3.682874342504491305e-01 2.433833059751609740e-01 -8.977966871128195692e-02 -1.320648470598687341e-01 1.122010316997519158e-01 -5.043728954258116376e-02 -1.326336335421879342e+00 1.827655885774799316e-01 5.769837251571029668e+00 1.799750694279773078e-01 -7.400968728177793610e-01 4.387741440185000119e-01 -2.718331968324064207e-01 -1.441417570063190379e-01 4.302693327068799617e-02 2.187349430070179568e-01 1.927424453526127845e-01 -3.090781733696816302e-01 -4.209322463249470792e-02 1.070998193134125621e-02 -4.200253499099853433e-02 -1.086863266291269586e-01 -1.128313585481661024e-01 -5.586809727534375498e-03 1.787682267526751190e-01 1.451994760246930367e-02 -2.229439521453679962e-01 7.607454288402853981e-02 -8.412631336416660777e-02
-1.806717794950754297e-01 9.520959037739640252e-02 -1.165609609342961317e-01 -1.003294797924041692e-01 -6.694708443024348365e-02 1.508465406362560490e-01 -1.449331191085393988e-01 1.213687345844404047e-01 1.756788994813437976e-01 1.600532855575681826e-02 6.066960939634836666e-03 -2.266372975372856480e-01 1.393437193297347443e-01 9.363898674417076712e-03 -6.481089922859897823e-02 -1.464662003643467658e-01 -1.800625523351720991e-01 2.229508953388735504e-02 -1.129631076619550090e+00 1.799750694279773078e-01 5.489774783085657361e+00 3.053351082571758024e-01 -1.000646770804835217e+00 -1.988741715869780935e-01 1.641442610091224108e-01 -3.156804803469346332e-01 2.669910219305569529e-02 3.562593366545712542e-02 -6.665503030768139825e-02 -1.209411053712254047e-01 4.557562819201507048e-02 1.643718527265607410e-01 -1.961136906384944589e-01 -3.325534897461750183e-02 3.077248282719429739e-01 5.113744720382375208e-02 6.796916793362257903e-02 2.250456082413657688e-01 8.535184697317908797e-02 -1.678177680497383861e-01
-2.260830436984459599e-03 1.663634609966094247e-01 -4.525925458996869072e-02 -1.608750324439214840e-01 -6.748627104545511235e-02 -1.264112324210350151e-03 -8.480233150171625350e-03 -2.088199636291499794e-01 -4.142364475503002019e-02 2.316443038371931162e-01 3.742008739402209738e-02 -1.026281888152270338e-01 -7.916425861639471429e-02 -1.394448963814121645e-01 9.940751804814329518e-02 9.197356806582641237e-03 -7.788336523905577125e-02 5.569988696714545801e-02 7.772371654983378786e-02 -7.400968728177793610e-01 3.053351082571758024e-01 5.251331410082152651e+00 1.432207983891598535e-01 -7.956834852293507288e-01 3.560099159286593262e-01 -1.777748435024792406e-02 -2.249401635056163043e-02 -8.169397721727868211e-02 -2.455123023806360383e-02 -1.153560091694397632e-01 8.018101068695848710e-02 7.987307629346096505e-02 1.861181721733805305e-02 4.295534803200316831e-02 -1.470568336395270959e-01 9.558780659003127123e-02 2.852554353756886485e-02 -6.663925768114507819e-02 -1.017231657943100942e-01 -1.056014525029689982e-01
5.556522676127333138e-02 9.021782338981847171e-02 8.834297078995528504e-03 -1.269947137756274602e-01 -1.136267087718681318e-01 1.846215186616178283e-01 4.213135441219920674e-01 1.180984968960593212e-01 -3.964074242109364987e-01 -7.328960755285994499e-02 8.935401820719569843e-02 -3.011491073003098179e-03 -1.587082231090892193e-01 4.038214909566822941e-02 7.251475862142046924e-02 1.192085326029759251e-01 1.239269669648048605e-01 -3.782865014236522910e-02 -3.603489234621600010e-03 4.387741440185000119e-01 -1.000646770804835217e+00 1.432207983891598535e-01 4.994038150696223255e+00 4.459064384407351173e-02 -1.167184389213723916e+00 1.186307185857176233e-01 4.588498177112526610e-02 -2.560647250257953519e-02 2.426300709008670786e-01 7.532917715075568288e-02 -1.883979517110916657e-01 -1.282592716409662603e-01 1.873700952878666892e-01 -1.158100368341348774e-01 -7.605565130682256925e-02 1.043638843771882846e-01 4.896654537224452014e-02 -1.752832925377631745e-01 1.228021608643271520e-02 1.137874287404584545e-01
1.567155528593077718e-01 -1.719795368023075213e-02 7.507528573507570024e-02 4.854063455967615875e-02 3.601085756960013123e-02 -8.725661805941799243e-02 -7.453333604299586246e-02 8.858522144034797208e-02 -7.546633242807125608e-03 -4.748629241600571538e-02 -4.564600221432836558e-02 1.340395811261211600e-01 -1.350964889223825460e-01 1.635442309208814393e-01 -1.562176187857994454e-02 2.367490171858532833e-02 -1.654604231232246758e-01 2.083558375051794767e-02 4.302929800397563981e-02 -2.718331968324064207e-01 -1.988741715869780935e-01 -7.956834852293507288e-01 4.459064384407351173e-02 5.297818928188442911e+00 4.328067812325003816e-01 -1.213253467703086841e+00 -2.985133637796086314e-01 1.303046660468904772e-01 2.967360223302611955e-01 -1.498056889879267883e-01 -2.460313941009940886e-01 -1.198004698478516983e-01 1.686124691017805086e-02 -9.714970608382121620e-02 1.151972787586107161e-01 -1.080374313469352060e-01 -3.121815088198457919e-02 -2.284870865519559452e-02 -6.189389132905367269e-02 -2.297192907431043485e-01
3.470922188254506584e-03 9.495668699364143150e-02 1.495156174609446331e-01 -1.742456228402977092e-01 -4.217842506042971396e-01 6.863861546725480434e-02 1.422759769175858113e-01 8.154003469315029839e-02 -9.865109687811436656e-02 -4.939596355689654383e-02 -8.265966317665038310e-02 -1.278981669014932765e-01 2.603386007533636803e-02 1.138217364186426689e-01 -1.956793330835089953e-02 -1.535045038375734139e-01 -1.986574675404442214e-01 4.537112241538058394e-02 -1.470688116661390266e-01 -1.441417570063190379e-01 1.641442610091224108e-01 3.560099159286593262e-01 -1.167184389213723916e+00 4.328067812325003816e-01 5.925723535788313789e+00 4.763633734960182053e-01 -8.735216869924780081e-01 1.836871775196382006e-01 -1.268433788503534401e-02 9.418850999205814756e-02 2.575606105534032908e-01 1.224837073897416112e-01 -3.380394689453551371e-01 5.975274780930524277e-02 -3.420318935385849857e-01 -4.551594708761352859e-02 1.121892646285916340e-01 2.062321183356678744e-01 -7.057222380894266622e-02 -2.045260029224625631e-01
2.982343199486501423e-02 5.376082588712661342e-02 2.253495116885946559e-01 -7.632537334146956287e-02 -4.828629676584387381e-02 -8.191752263836621362e-02 -1.176906608790479342e-01 1.754948035144068960e-03 5.965159109269808219e-02 4.044622179377478470e-03 4.584706211519782443e-02 -8.335997919526416666e-02 9.028955393648065153e-02 -1.804916032235897791e-02 -2.275086126999346751e-03 -2.534659090226715761e-01 2.837686541183233671e-02 5.216102619950552244e-02 -1.049646320935746086e-01 4.302693327068799617e-02 -3.156804803469346332e-01 -1.777748435024792406e-02 1.186307185857176233e-01 -1.213253467703086841e+00 4.763633734960182053e-01 5.590978563556731729e+00 6.482467202767762116e-01 -9.438413909282933334e-01 -3.033899877887679120e-01 1.318328324264350648e-01 3.118517522866640634e-01 -1.021307127491697941e-01 -1.741329047838358068e-01 -1.148491961316192370e-02 2.124082842201790722e-01 1.254642571290151831e-01 -1.410539010113847358e-01 2.360048181338167059e-02 -1.414745160288164751e-02 -2.285895906626417978e-02
6.154604023972153060e-02 -2.118769870361510502e-02 2.731430100497381774e-01 -7.403900678270981806e-02 5.332988893129812086e-02 -1.521528407166468019e-02 2.709538112610597738e-01 -1.178813455549512362e-01 5.564256270423476730e-02 3.462919148016794374e-02 2.214419756573971984e-02 -3.347506787057536598e-02 1.463429654028529647e-01 3.023303397145180593e-01 -3.240188297059041211e-01 -1.349599376271326256e-01 -7.723805387910150089e-02 -1.313682006665402857e-01 7.356067263563530190e-02 2.187349430070179568e-01 2.669910219305569529e-02 -2.249401635056163043e-02 4.588498177112526610e-02 -2.985133637796086314e-01 -8.735216869924780081e-01 6.482467202767762116e-01 5.771243823269604611e+00 7.483973056935925294e-01 -1.414452708792135471e+00 -8.277553613253042786e-02 2.564362454058394247e-01 2.164586769599552984e-01 -9.891253718778418580e-02 2.692731104004070786e-01 3.101454527588149435e-01 -1.703692971491895247e-01 -5.861286280867164002e-03 -1.085487918832356014e-01 -1.415088648899678891e-01 3.053746139576437590e-01
4.535380574429893896e-02 1.021200353182287052e-01 1.005978779656239858e-01 -2.253581382294547741e-01 -1.132407625329495543e-01 -1.478441810585171823e-01 -5.394459739211448362e-02 -1.650189967788899259e-01 -2.783703524805143381e-01 9.567591380745647800e-02 2.085452209268216783e-01 -2.291117634468816111e-01 1.930145879873639558e-01 8.214870983760969025e-02 6.424800003494287801e-03 2.372631198036044831e-01 -6.378847431794652800e-02 -2.513553272064183441e-01 2.152040099999212031e-01 1.927424453526127845e-01 3.562593366545712542e-02 -8.169397721727868211e-02 -2.560647250257953519e-02 1.303046660468904772e-01 1.836871775196382006e-01 -9.438413909282933334e-01 7.483973056935925294e-01 5.613540776541181110e+00 -1.589087796267440178e-01 -1.266171777182387936e+00 1.583209777546137065e-01 1.564260424820990703e-01 8.095869058225493853e-02 1.280381289213021467e-01 -2.673085607554614995e-01 -3.324476402520609164e-01 9.304014725992311441e-02 -1.186569756709340839e-02 -3.274006954703604366e-01 -1.207874338390417385e-01
-1.537011086580382102e-01 1.363053407948576212e-01 -7.458293701536584941e-02 4.785124103318584565e-02 -4.114566179817904373e-02 -7.665116370062773077e-02 -3.401166639317638324e-02 1.917831170970681620e-01 6.933476983395343851e-02 1.193009480089283619e-01 -2.847284943074369634e-01 2.246567049921767076e-02 -3.804428883368510955e-02 -1.143499392554058608e-01 3.294023665605954609e-01 1.379978070426705339e-01 -1.814155469356898975e-01 -5.065597207921115896e-02 3.229166733774770787e-02 -3.090781733696816302e-01 -6.665503030768139825e-02 -2.455123023806360383e-02 2.426300709008670786e-01 2.967360223302611955e-01 -1.268433788503534401e-02 -3.033899877887679120e-01 -1.414452708792135471e+00 -1.589087796267440178e-01 6.104217304880882544e+00 8.512910909831876427e-02 -1.422957901863568075e+00 -3.914261599945420556e-02 1.524590683518625700e-01 -1.682239725136952524e-01 -4.677312765347555606e-02 2.693853142257159328e-01 -2.972700226386939398e-02 -2.584209149318656210e-02 8.124279618103066869e-03 -7.267213091867965290e-03
3.486278027944455984e-03 -8.605489953639243461e-02 -6.042192403045429372e-02 2.965834310522547090e-01 -1.606619924544807065e-01 1.697371529037542681e-01 1.139778430181491026e-01 1.128043220078654360e-02 -6.165891130141434862e-02 4.937746862940371739e-02 1.481369262057659342e-01 7.315122993327492773e-02 -2.311305832702490459e-01 -7.616411612658009755e-02 6.170631502972160481e-02 9.959011815810926704e-02 1.137050446146741361e-01 -7.350120624544671799e-02 -9.077554069943190307e-02 -4.209322463249470792e-02 -1.209411053712254047e-01 -1.153560091694397632e-01 7.532917715075568288e-02 -1.498056889879267883e-01 9.418850999205814756e-02 1.318328324264350648e-01 -8.277553613253042786e-02 -1.266171777182387936e+00 8.512910909831876427e-02 5.660788589519344605e+00 8.702890916704838498e-01 -1.023084713539732959e+00 -6.886396701875845405e-01 1.049420905034786078e-01 2.997820824041596555e-01 1.185371308281154973e-01 1.019843014976881679e-01 8.233032242949281376e-02 -9.402171546680279657e-02 6.071831580856323907e-02
-5.592550544572235521e-02 -4.443358318403672902e-01 -2.696575267623256555e-02 -6.668570121553291270e-03 -1.189053503131253658e-01 1.658529113246052719e-02 1.003070379243819060e-01 -3.990711591845650941e-01 -5.942975460866215670e-02 5.963937306490880302e-02 8.563406626798565624e-02 -1.910682542217944369e-01 -8.839249901411240506e-02 -1.682205385065238534e-01 -2.663431522735084100e-01 -1.102970942972881369e-01 1.377260652952378150e-01 2.090775505468608075e-01 -3.116582010585368101e-01 1.070998193134125621e-02 4.557562819201507048e-02 8.018101068695848710e-02 -1.883979517110916657e-01 -2.460313941009940886e-01 2.575606105534032908e-01 3.118517522866640634e-01 2.564362454058394247e-01 1.583209777546137065e-01 -1.422957901863568075e+00 8.702890916704838498e-01 5.700704466144969729e+00 2.991438598455671838e-01 -1.538749496176428977e+00 -3.655102623821865349e-02 -1.167780889716811196e-02 -7.481528425991382236e-02 -2.755758748394587787e-01 9.593965536996080720e-03 2.129998909956467290e-01 1.008813467056170060e-01
-7.697327153123622624e-03 -7.495050103881650827e-02 3.033858525725311450e-01 -5.242987838049018717e-02 -2.267148404253792882e-01 3.082074168164156483e-02 -1.651265003922761376e-01 3.623186112633296208e-02 3.262383831692567543e-02 -4.271023802128104396e-02 3.330168235774359775e-02 -8.461108308929730926e-02 -2.356675829694528795e-02 -1.512869466920908623e-01 -1.693239828282218709e-02 2.023340491852271827e-01 -1.530724779199289232e-01 -1.021430419960514258e-01 -4.735823112672250118e-02 -4.200253499099853433e-02 1.643718527265607410e-01 7.987307629346096505e-02 -1.282592716409662603e-01 -1.198004698478516983e-01 1.224837073897416112e-01 -1.021307127491697941e-01 2.164586769599552984e-01 1.564260424820990703e-01 -3.914261599945420556e-02 -1.023084713539732959e+00 2.991438598455671838e-01 6.145508790830246149e+00 5.278606270302563797e-01 -1.143323817710509838e+00 -1.451648746552484381e-01 -2.032429560193149964e-01 -2.081131942336041096e-01 -5.810354168085943988e-02 -1.650051760084247088e-01 2.502073247112438503e-01
5.601632006286364623e-02 2.194947826188040352e-01 1.415489056323675221e-01 -2.735711843266298016e-01 2.803827674548660474e-03 -3.670423172380735122e-02 -5.042735648655283232e-02 1.674498931684028635e-01 2.833837337015508717e-02 -1.231885342680184847e-01 -9.258897262842699649e-02 7.477064815981893098e-02 6.516769945374684125e-02 4.897365144542041582e-02 9.590959249602570846e-02 1.509804983051175331e-01 -1.355788334545757201e-01 1.094287282657434822e-02 1.451142181768177997e-01 -1.086863266291269586e-01 -1.961136906384944589e-01 1.861181721733805305e-02 1.873700952878666892e-01 1.686124691017805086e-02 -3.380394689453551371e-01 -1.741329047838358068e-01 -9.891253718778418580e-02 8.095869058225493853e-02 1.524590683518625700e-01 -6.886396701875845405e-01 -1.538749496176428977e+00 5.278606270302563797e-01 6.151254921551464250e+00 9.199955575451460588e-01 -1.604256562864123214e+00 -4.216875205704812557e-01 4.358708250128832673e-01 3.290132178222327820e-03 -3.643912164872965542e-01 -1.333734018311681091e-01
8.887979753937379213e-02 2.596405645444771482e-02 -5.770842585402575359e-02 7.617050457562762888e-02 2.296534317847938877e-01 3.435105358823135613e-01 -1.047150990534957971e-01 -2.531945124641611922e-01 -1.186838396876539921e-02 3.106638112544649610e-01 -1.064591989299145183e-02 -4.518792268410434798e-02 -2.237089374822275600e-01 -5.286087809229530338e-02 6.070960052460989270e-02 -1.981862451338897019e-02 -7.269158552741262005e-03 7.794610076459419779e-02 -1.444524095575960149e-02 -1.128313585481661024e-01 -3.325534897461750183e-02 4.295534803200316831e-02 -1.158100368341348774e-01 -9.714970608382121620e-02 5.975274780930524277e-02 -1.148491961316192370e-02 2.692731104004070786e-01 1.280381289213021467e-01 -1.682239725136952524e-01 1.049420905034786078e-01 -3.655102623821865349e-02 -1.143323817710509838e+00 9.199955575451460588e-01 6.094791425224470593e+00 -3.051316857836375643e-02 -2.073078967193750177e+00 6.005526128639669947e-01 2.638687582857459635e-01 -4.839871265139569223e-01 -1.876843091353499748e-01
-5.143465907164621737e-02 1.155505159477024923e-01 -1.216793089513351911e-01 7.641535445249438008e-02 1.273851166228401055e-01 -1.096777642528111996e-01 6.707686773235603528e-02 -1.233967617308612819e-01 2.446629375132381920e-02 2.044210918766681262e-01 6.352064361672009329e-02 1.078934321601867502e-01 1.046055556234614381e-01 -1.092965725540037403e-01 -3.561718338903925862e-01 -2.280778012803701960e-01 1.639790321989867058e-02 8.173242430231102140e-02 -2.153521672909223042e-02 -5.586809727534375498e-03 3.077248282719429739e-01 -1.470568336395270959e-01 -7.605565130682256925e-02 1.151972787586107161e-01 -3.420318935385849857e-01 2.124082842201790722e-01 3.101454527588149435e-01 -2.673085607554614995e-01 -4.677312765347555606e-02 2.997820824041596555e-01 -1.167780889716811196e-02 -1.451648746552484381e-01 -1.604256562864123214e+00 -3.051316857836375643e-02 6.398912403210810673e+00 5.021689230244842372e-01 -1.197959414043145099e+00 -1.033213747048038200e-01 -1.267979233463500943e-01 -6.367788856332319558e-02
8.253240845397302738e-02 1.053865151772789555e-01 -2.512668592966473269e-01 1.386156403665214365e-01 -9.316145335342276845e-02 -2.242096873831197490e-01 2.630969767291416184e-01 2.125162025332285320e-01 -1.234456923124336303e-01 2.429976439500682039e-01 -2.233375574167811295e-01 3.830974626544868256e-02 5.636132822444742119e-02 5.416304914261262093e-02 1.069873564319707704e-01 -1.639630096519951730e-01 1.100997394165194043e-01 -6.270439259367563412e-02 1.343842962897217608e-01 1.787682267526751190e-01 5.113744720382375208e-02 9.558780659003127123e-02 1.043638843771882846e-01 -1.080374313469352060e-01 -4.551594708761352859e-02 1.254642571290151831e-01 -1.703692971491895247e-01 -3.324476402520609164e-01 2.693853142257159328e-01 1.185371308281154973e-01 -7.481528425991382236e-02 -2.032429560193149964e-01 -4.216875205704812557e-01 -2.073078967193750177e+00 5.021689230244842372e-01 5.844979597406259941e+00 2.049596990971195298e-01 -4.800758759243566876e-01 7.322490886913005093e-02 -3.231628085328144273e-01
8.033298221229381864e-02 -1.973447075029305109e-01 -2.075003963041431587e-01 -1.824215438842771014e-02 4.015569464364849434e-02 1.287536994394944956e-01 2.476179115132164654e-01 -2.536781148845359546e-01 -1.764507638392191768e-01 -1.153186153901490374e-01 -9.462350128049340503e-02 2.017224550292532059e-01 -1.572574906265884753e-01 -5.507099832599496314e-02 -4.005941100088408063e-02 3.775423897619106101e-02 1.056207326188852991e-01 -1.420080517319135816e-01 2.020551318209178049e-01 1.451994760246930367e-02 6.796916793362257903e-02 2.852554353756886485e-02 4.896654537224452014e-02 -3.121815088198457919e-02 1.121892646285916340e-01 -1.410539010113847358e-01 -5.861286280867164002e-03 9.304014725992311441e-02 -2.972700226386939398e-02 1.019843014976881679e-01 -2.755758748394587787e-01 -2.081131942336041096e-01 4.358708250128832673e-01 6.005526128639669947e-01 -1.197959414043145099e+00 2.049596990971195298e-01 6.078384873737355143e+00 8.134156586483611839e-01 -1.523736100547975036e+00 2.335633795323261708e-01
3.648329826238605467e-02 3.354478703795124583e-02 3.532196555839638430e-01 2.703296115644623909e-02 -1.893216586070342322e-01 -1.099132637100080044e-02 2.361781090879611356e-01 1.942157562298003626e-01 4.893188957374896425e-02 9.412022515285898075e-03 8.114210006395995711e-02 -8.246143551683193795e-02 -6.512159759584415508e-02 -1.759689314100400248e-01 1.022827471568712038e-01 -2.291895804454435748e-02 1.709008956106878585e-01 -1.884260218013327493e-01 -5.938023729614982926e-02 -2.229439521453679962e-01 2.250456082413657688e-01 -6.663925768114507819e-02 -1.752832925377631745e-01 -2.284870865519559452e-02 2.062321183356678744e-01 2.360048181338167059e-02 -1.085487918832356014e-01 -1.186569756709340839e-02 -2.584209149318656210e-02 8.233032242949281376e-02 9.593965536996080720e-03 -5.810354168085943988e-02 3.290132178222327820e-03 2.638687582857459635e-01 -1.033213747048038200e-01 -4.800758759243566876e-01 8.134156586483611839e-01 5.679908288367384372e+00 -7.565141852898392416e-02 -9.446301545396144084e-01
-1.352010313887050286e+00 -6.314627368609257996e-01 2.035516574492119979e-01 3.984712036302039406e-01 -3.409414539214241507e-02 -2.593942527085583982e-02 2.664121639516658924e-01 5.995465582271566202e-02 -4.839421976944957016e-01 8.218332303489198076e-02 -7.539112306836717736e-02 -1.917177334992885007e-01 3.507441457878913704e-01 2.678279077984254131e-01 1.366980660144855309e-01 -1.079412709945501148e-01 -1.724126899644957134e-01 1.707611855293819370e-01 -4.720199439961397792e-02 7.607454288402853981e-02 8.535184697317908797e-02 -1.017231657943100942e-01 1.228021608643271520e-02 -6.189389132905367269e-02 -7.057222380894266622e-02 -1.414745160288164751e-02 -1.415088648899678891e-01 -3.274006954703604366e-01 8.124279618103066869e-03 -9.402171546680279657e-02 2.129998909956467290e-01 -1.650051760084247088e-01 -3.643912164872965542e-01 -4.839871265139569223e-01 -1.267979233463500943e-01 7.322490886913005093e-02 -1.523736100547975036e+00 -7.565141852898392416e-02 6.449933806784397206e+00 3.070367294242408729e-01
