7.658921028671151987e+00 7.703175755160457383e-01 -1.478017004308497917e+00 -3.554511828278045238e-01 2.678849610609451148e-01 2.011917319863622267e-02 -2.736009598923182518e-01 1.133812847826976139e-01 6.922060958864140190e-01 1.365964785988251218e-01 -2.951531285681227579e-01 -2.889404169944103651e-01 -3.952867380610414205e-01 1.151956829620755796e-01 1.245844019612907944e-01 1.226388557461413897e-01 -2.164876527938303929e-01 -1.477482798863589686e-01 2.822480258631352434e-01 3.654788275051095159e-01 -3.087763827478838541e-02 7.854834530097641598e-02 6.219619188486801703e-02 -3.722359420445591760e-01 2.922589927787235253e-01 1.079670210589933066e-01 2.953852316230713010e-02 5.463875400449037106e-02 -9.488824855918190360e-02 1.584405092855859787e-01 -1.985444054005615910e-01 5.362450403927451065e-02 -1.527001312815277068e-01 -9.363626588478371829e-03 7.000849397978306521e-02 2.268516904416212898e-01 -4.624334371808295208e-01 -1.089449233713743609e-01 -1.730476371730446550e+00 2.156259354991018895e-01
7.703175755160457383e-01 6.832218811787853952e+00 7.972643041139574338e-01 -1.301673389157003813e+00 -3.881610219180269272e-01 -1.289534606728341692e-01 1.228103533538900949e-01 -1.155595213901933621e-01 -2.214088033457129179e-01 2.146899052139025488e-01 1.488175677781550799e-01 -3.124915322611171789e-02 6.740218570940140208e-02 1.679727525029778290e-02 1.158512261853705955e-01 1.260535042412225804e-01 -9.293642945939700750e-02 -3.441088915377509272e-01 1.719978687629821201e-01 1.151710207951001097e-01 2.439285841838289282e-01 -1.065594285384657836e-02 -1.596029767695491819e-01 -1.950559369959237871e-02 2.153109978486014708e-01 -7.295943200946168605e-02 3.937543622251591519e-02 -5.677328225236855097e-02 2.615249134698537370e-01 -1.172185579023692498e-01 -3.300655150470517829e-01 2.928372652037573021e-01 1.687056890404380893e-01 -8.598685359295944741e-02 -4.574263409597865288e-02 2.808120135614191049e-01 2.011748712896007374e-01 -1.348062065532611153e-01 -8.757626233596439436e-01 -1.633289625567611925e+00
-1.478017004308497917e+00 7.972643041139574338e-01 6.861526191286516863e+00 5.557074046998881078e-01 -1.785515388153323002e+00 1.952824972637328405e-01 1.353025165610746705e-01 -7.008881745765922766e-02 2.789182908981836517e-01 3.392211857620374138e-01 -2.328202452982591486e-01 -2.264716302005808091e-01 1.636820783977996629e-01 1.624017482436226900e-02 -3.413483504323478468e-01 -1.816160368503723921e-01 2.175677569418880963e-01 -1.004891316638944626e-01 -1.815357445548292370e-01 6.728056532824402969e-02 3.693645797355157856e-01 -1.990247574772379957e-01 -3.729036593988306614e-02 -5.777028429753876260e-02 -9.626075675465016468e-02 1.574901825612527173e-01 4.876872143094697354e-02 4.474275105717602508e-02 2.677012991230501293e-01 -1.841549066716789695e-01 2.180059078904248437e-01 4.711405322014280972e-01 9.956284024027034496e-02 -2.581166804777873525e-01 1.469712378978197120e-01 -5.983566478185443210e-02 4.923533165092020686e-02 2.345461772293530867e-01 2.639189683158049693e-01 2.087016549987353309e-01
-3.554511828278045238e-01 -1.301673389157003813e+00 5.557074046998881078e-01 7.078863080575786171e+00 -4.898146456748512789e-01 -1.151318632496197703e+00 1.041802771168996028e-01 -2.271433489483148938e-01 -1.399677864233524888e-02 -7.228695585797210998e-02 -1.899455444245461144e-01 3.290988138760561066e-01 -1.730859172650703603e-01 -1.873090181915504360e-01 -9.430666628709390154e-02 4.448305641289049261e-03 -6.431691976379212694e-02 3.279348013680673524e-01 -2.273706386604061325e-01 -9.180555065845537321e-02 6.779236487893622320e-02 1.361927426885684023e-01 -1.897813003660790976e-01 5.439467050287079969e-02 -2.997004989085706450e-01 2.569028407272643810e-01 -1.690517454693553079e-01 -1.332243525274073026e-01 5.285705742226086412e-02 2.932332349237115054e-01 3.676460130013070038e-01 -2.313828185648361957e-01 -2.788741167578817626e-01 -7.607170876544680493e-02 8.551883341054845877e-02 -3.336988789543651746e-01 2.265954201168066673e-01 2.372580181734653126e-01 4.351221674860530908e-01 1.615384588602996815e-02
2.678849610609451148e-01 -3.881610219180269272e-01 -1.785515388153323002e+00 -4.898146456748512789e-01 7.673533628891611613e+00 4.113992107029550427e-01 -7.635497529891439594e-01 -3.764821597312147938e-01 -3.407288506481944701e-01 1.419463820452995517e-01 7.375812732520728443e-02 -1.292053230261212271e-01 -4.138813140004474200e-01 1.066793394709737580e-01 4.332101994316246429e-01 5.387870845196719716e-02 -3.065052287130045836e-02 1.980357663456588369e-01 -5.163948581911104174e-02 5.973057313565141016e-04 -2.865830022519218895e-02 -5.577756410905950618e-02 -1.240339201901573540e-01 -1.969616304806397211e-02 -1.809272903518270581e-01 2.208931735800951646e-01 3.273999367457373633e-01 -3.344041946390404751e-01 3.364059850466174367e-02 1.794085392854762318e-01 -1.481163275324741124e-01 2.869742059116722147e-03 5.937677723977429628e-02 3.551899501210407650e-01 -1.613560359859219501e-02 2.091786814593540045e-01 9.358486584098085759e-02 -2.502608328930472012e-02 -2.626912204363755499e-01 -7.754759098316274524e-02
2.011917319863622267e-02 -1.289534606728341692e-01 1.952824972637328405e-01 -1.151318632496197703e+00 4.113992107029550427e-01 6.311799425532103491e+00 7.053776397257506270e-01 -1.012121431222472223e+00 -4.093753827920428856e-01 2.200659641571397346e-02 4.349510998766489833e-02 -3.233559245751672084e-01 -1.680455675169792995e-01 8.706943917175781478e-03 -7.259636752224780942e-02 1.600470852740227823e-01 -1.517400214809011549e-01 -1.301618724898659929e-01 1.331572005055373098e-01 2.089028074273178437e-01 1.797328887131351485e-02 -1.290928859419488706e-01 1.188447006392580468e-01 1.136365915953513744e-01 3.199117452477558965e-01 6.599666829932428203e-02 1.012995576729485980e-01 1.017949505525032050e-01 -1.222556634968854083e-01 -8.143972180813788264e-02 -1.771116337055066436e-01 -2.007202333078070833e-01 -1.384076279897208106e-01 2.132655539240243259e-01 -1.233931339730937604e-01 1.453116296659652251e-01 5.193396567887327564e-02 -2.481331845785043622e-01 -2.480693350571764599e-01 5.645479584194351697e-02
-2.736009598923182518e-01 1.228103533538900949e-01 1.353025165610746705e-01 1.041802771168996028e-01 -7.635497529891439594e-01 7.053776397257506270e-01 6.828732949376677297e+00 7.049954531190868456e-01 -2.104183679936418638e+00 2.237097309507717069e-01 2.246826062950371961e-01 -2.597426472321777702e-01 -1.423398590090115823e-01 -4.077645410793587222e-02 2.224878588604505547e-01 7.514413465546000703e-02 1.396608064836060981e-01 -1.318502837733802058e-01 -1.792650436511240564e-01 1.834774731337137643e-01 -1.088843247528681613e-01 -1.686389995544690934e-01 2.550558105872008374e-01 -1.124475550297866777e-01 -6.837699547344901208e-02 -3.061892118289945008e-01 -8.910596817079567689e-02 1.899285074020344299e-01 3.712458009042569722e-03 -4.319606019505931593e-01 2.848198391149252620e-02 7.528617398694446849e-02 -3.259020699016095812e-01 -3.700234292393426161e-01 1.156449691262141505e-01 1.331190080379495710e-01 3.142274306030189146e-02 3.220127434697115931e-01 4.011122699565055627e-01 2.726789045546003099e-01
1.133812847826976139e-01 -1.155595213901933621e-01 -7.008881745765922766e-02 -2.271433489483148938e-01 -3.764821597312147938e-01 -1.012121431222472223e+00 7.049954531190868456e-01 7.786726949010940757e+00 5.393585494463117858e-01 -1.314178800289619087e+00 -3.985301955099312399e-01 -2.448629029715583827e-01 3.671931109426723183e-01 1.784600817488842806e-01 -7.626954435165377065e-04 2.174575041446707435e-01 -1.282970038985226657e-01 -1.971963777410260521e-01 -2.322505721671281331e-01 5.447302288937306419e-02 2.896678859641661427e-02 -1.317979689175079461e-01 -2.392711141429375646e-02 -1.472131854490691394e-01 2.184836314985348082e-01 2.702422751562970071e-01 -2.165201986058334915e-01 -8.463878148213825614e-02 6.733193705529642858e-02 -9.648755045889746695e-02 -3.866541643555085339e-01 -2.025315543289455122e-01 1.445019840277351475e-01 1.940207321873001489e-01 -2.093066502978722654e-01 1.657330797624360363e-01 -1.210182225748131918e-02 2.468888987400826712e-02 -4.259943194211680828e-02 1.767799370079611576e-01
6.922060958864140190e-01 -2.214088033457129179e-01 2.789182908981836517e-01 -1.399677864233524888e-02 -3.407288506481944701e-01 -4.093753827920428856e-01 -2.104183679936418638e+00 5.393585494463117858e-01 8.611368190512491694e+00 8.734773713444627941e-01 -1.700439870427620459e+00 -2.217429388769518450e-01 4.548161934050524990e-02 -1.095375473157724072e-01 -2.063878099783640063e-01 -3.069262510716974091e-01 1.305865698038919942e-01 1.273661595165540006e-01 1.278296060208883866e-01 6.627028399447928986e-02 -3.827023070001370764e-01 1.000998949958731427e-01 1.234007339904363287e-01 1.642020429870329479e-01 -1.759760148485090270e-01 1.334729799358150282e-01 -1.140026353547461679e-01 -3.286702144920503055e-02 6.716096107974953155e-02 -1.745737850670570079e-02 1.546442047485109272e-01 3.249471357143650652e-01 -2.679617994598690323e-01 -1.150863722658893550e-02 -1.704914702152518780e-01 -4.601305538707622933e-02 -2.070734161245950389e-02 -7.271726057336609372e-01 -6.451546160738733660e-01 -2.023807339058509569e-01
1.365964785988251218e-01 2.146899052139025488e-01 3.392211857620374138e-01 -7.228695585797210998e-02 1.419463820452995517e-01 2.200659641571397346e-02 2.237097309507717069e-01 -1.314178800289619087e+00 8.734773713444627941e-01 7.902944348260994900e+00 -4.184568540822481419e-01 -1.645897399461852650e+00 -6.189368672391316883e-02 1.013446406823938738e-02 -1.477301957641760088e-01 -1.508672904920922153e-01 2.411657851821767395e-01 -1.638608458649893143e-02 3.787530796402866495e-01 4.425960406264541763e-02 -2.273273863261437433e-01 -1.685997602062986808e-02 8.436072507341543097e-03 -1.931426150553741117e-01 -1.998742699345695539e-01 -3.128894317765341659e-01 1.478102420263782517e-02 1.628518829233215059e-01 5.454431744093377749e-02 6.206960357160445224e-02 3.016550469340345542e-01 1.171983769993781843e-01 -4.218928470274354581e-01 6.761770020592135222e-02 3.393061465070434379e-01 4.035305632463772052e-01 1.233328035549901280e-01 -2.462608885263563863e-01 -1.424469742544056949e-01 -1.220606671857944747e-02
-2.951531285681227579e-01 1.488175677781550799e-01 -2.328202452982591486e-01 -1.899455444245461144e-01 7.375812732520728443e-02 4.349510998766489833e-02 2.246826062950371961e-01 -3.985301955099312399e-01 -1.700439870427620459e+00 -4.184568540822481419e-01 8.493289180527611393e+00 6.814296353515979510e-01 -1.580068219757128967e+00 -2.971294803000285589e-01 6.418999894044942478e-02 3.145683114795361779e-01 5.763360410945064100e-02 1.348465431757290278e-01 1.427051401538033115e-01 3.158176044529669574e-02 -1.688439137458979111e-01 -2.459107220962207171e-02 -2.516653741791802928e-02 -1.611546976876423731e-01 1.013643282811337309e-01 4.350380238969881602e-02 -1.420037187258977934e-03 2.132982991652379035e-01 -7.251808030035881980e-02 1.854578685980967515e-03 1.434951994627578775e-01 1.684681879877890365e-01 1.690368222115544994e-01 4.158640849316907334e-02 -1.161016902241477633e-01 -3.566797836401141009e-01 1.454684571743298793e-01 1.495774669842359628e-01 4.551272756529603503e-02 9.566613505253035443e-02
-2.889404169944103651e-01 -3.124915322611171789e-02 -2.264716302005808091e-01 3.290988138760561066e-01 -1.292053230261212271e-01 -3.233559245751672084e-01 -2.597426472321777702e-01 -2.448629029715583827e-01 -2.217429388769518450e-01 -1.645897399461852650e+00 6.814296353515979510e-01 7.295999814325450750e+00 7.266706080459131023e-01 -1.335171153028026581e+00 -4.143670509179916972e-01 -2.481765008531624239e-01 9.675182909296511924e-02 4.011449024482512393e-01 2.605568044387451265e-01 -1.503963545209666131e-01 -3.122263440104660059e-01 -6.874676500862623996e-02 2.070338437819997379e-01 2.872031941323331394e-01 -1.257417093895105142e-01 -3.181334939180219812e-01 6.019377113069133978e-02 -3.456729575046466052e-01 -1.718507563996583554e-01 1.986514881010630063e-01 1.239433141072689287e-01 -1.035483847782051048e-01 -1.301953976064124108e-01 1.669541070226847335e-02 -1.791754475954796533e-01 4.105320463224521044e-02 5.469283337288857183e-01 7.301694896436541904e-02 -8.244713004299980552e-02 1.929289943296996768e-01
-3.952867380610414205e-01 6.740218570940140208e-02 1.636820783977996629e-01 -1.730859172650703603e-01 -4.138813140004474200e-01 -1.680455675169792995e-01 -1.423398590090115823e-01 3.671931109426723183e-01 4.548161934050524990e-02 -6.189368672391316883e-02 -1.580068219757128967e+00 7.266706080459131023e-01 7.770918516074805993e+00 5.086644052737309130e-01 -1.517465813812173048e+00 -2.401987195329605834e-02 1.817505101888266528e-01 7.328862944841819937e-02 -3.720224987650173898e-02 1.228980681965778227e-01 -5.306194831287006780e-02 -4.859075836129839870e-02 6.218019252837691385e-02 -3.855716902144089298e-02 -5.594909686866315901e-02 -1.875346681873683585e-01 -4.259847998146290560e-01 -4.458393903393145091e-02 -1.159565012074908197e-01 -6.664034380021982562e-02 -1.446734001010029635e-01 -1.395362605124551292e-01 2.107543128323190879e-02 -2.188144296603204697e-01 4.413784257845672354e-02 4.045919460236971354e-01 -3.171704052273650043e-01 -2.690508449081200053e-03 2.207767186406777715e-01 7.541898616011728784e-02
1.151956829620755796e-01 1.679727525029778290e-02 1.624017482436226900e-02 -1.873090181915504360e-01 1.066793394709737580e-01 8.706943917175781478e-03 -4.077645410793587222e-02 1.784600817488842806e-01 -1.095375473157724072e-01 1.013446406823938738e-02 -2.971294803000285589e-01 -1.335171153028026581e+00 5.086644052737309130e-01 7.596643534568431555e+00 4.148192446361160246e-01 -1.045921786315356705e+00 -3.164644723031262430e-01 -3.120436244269665371e-01 1.600861141014886524e-01 -1.229467747902466927e-02 1.245408504426512124e-02 -2.019138943915417539e-01 -1.081510702666182294e-01 1.490343962565137959e-01 6.153763702544428477e-02 3.471495295325423003e-01 -6.313289137754310443e-02 1.991885980378771057e-02 -1.580129428147341308e-01 2.870680043879497018e-02 4.534548725894543136e-02 -1.944571175675464392e-01 8.649966918276538741e-02 -3.162242877141230313e-02 4.253284098246710720e-01 3.561598975163462466e-01 -2.522996228017591602e-01 -8.369403070920634902e-02 -8.829295834471363735e-02 7.933165847695755613e-02
1.245844019612907944e-01 1.158512261853705955e-01 -3.413483504323478468e-01 -9.430666628709390154e-02 4.332101994316246429e-01 -7.259636752224780942e-02 2.224878588604505547e-01 -7.626954435165377065e-04 -2.063878099783640063e-01 -1.477301957641760088e-01 6.418999894044942478e-02 -4.143670509179916972e-01 -1.517465813812173048e+00 4.148192446361160246e-01 7.160895004673425213e+00 6.557260127063568866e-01 -1.888779491298619329e+00 -7.473366434294533844e-01 2.028626267378270120e-01 9.318050115785754539e-02 -1.729450772615946930e-01 -1.644796659001766526e-01 -2.771389743156320584e-01 8.953988159810156999e-02 4.201750555170567503e-01 3.695671057153147587e-01 5.606598213548186042e-04 -5.688522617227342176e-02 -1.455023916357365277e-01 4.646637422337360906e-02 -1.771441572731579650e-01 9.034895700555718723e-02 -5.963045966556249078e-02 -3.483361058723261766e-02 3.840523828110598697e-02 -1.367113160072215006e-01 2.313864080846387283e-01 -8.212580188578735840e-02 1.063041965574874764e-01 3.469205033690395124e-02
1.226388557461413897e-01 1.260535042412225804e-01 -1.816160368503723921e-01 4.448305641289049261e-03 5.387870845196719716e-02 1.600470852740227823e-01 7.514413465546000703e-02 2.174575041446707435e-01 -3.069262510716974091e-01 -1.508672904920922153e-01 3.145683114795361779e-01 -2.481765008531624239e-01 -2.401987195329605834e-02 -1.045921786315356705e+00 6.557260127063568866e-01 7.919995679479751693e+00 1.709989140478103409e-01 -1.487898293145567763e+00 3.908726522796004965e-01 1.103582191009903762e-01 6.353598049890443744e-02 2.853478537375226526e-02 -2.275261069397189195e-01 -6.396961642519988223e-02 -7.035924069412546888e-02 -3.377036271471300366e-01 -6.745631350818841188e-02 3.257564695437251134e-01 6.017464876302158067e-02 -1.357839160056873162e-01 3.079395547805762259e-02 3.892511333032833698e-01 3.020795069897251259e-02 1.097586402773526731e-01 2.312070582145279163e-01 -7.779266423639680239e-02 -2.382826847862709874e-01 4.252084199014089655e-02 -1.147742612947469931e-01 -2.546303489158947553e-01
-2.164876527938303929e-01 -9.293642945939700750e-02 2.175677569418880963e-01 -6.431691976379212694e-02 -3.065052287130045836e-02 -1.517400214809011549e-01 1.396608064836060981e-01 -1.282970038985226657e-01 1.305865698038919942e-01 2.411657851821767395e-01 5.763360410945064100e-02 9.675182909296511924e-02 1.817505101888266528e-01 -3.164644723031262430e-01 -1.888779491298619329e+00 1.709989140478103409e-01 6.896581093035769605e+00 1.130107376450580237e+00 -9.343322523843216043e-01 -2.966222750302680566e-01 -2.827365683156551346e-01 6.950233790297209724e-02 1.309159146035883403e-01 6.048334117414988498e-02 -3.266267178873429877e-01 -7.243670864161098899e-02 2.234887320790159265e-03 1.593927385844794153e-02 -8.241647366717021195e-02 2.262312853228679033e-01 5.688723290340914618e-01 1.686941622104165261e-01 -7.535739551518516599e-02 -1.668552917364280186e-01 -3.396992170521128673e-01 2.084663535181069949e-01 3.019864304193909943e-01 3.125802173560653374e-01 -3.211207772604092736e-01 1.912167638948318038e-01
-1.477482798863589686e-01 -3.441088915377509272e-01 -1.004891316638944626e-01 3.279348013680673524e-01 1.980357663456588369e-01 -1.301618724898659929e-01 -1.318502837733802058e-01 -1.971963777410260521e-01 1.273661595165540006e-01 -1.638608458649893143e-02 1.348465431757290278e-01 4.011449024482512393e-01 7.328862944841819937e-02 -3.120436244269665371e-01 -7.473366434294533844e-01 -1.487898293145567763e+00 1.130107376450580237e+00 7.004696797533015662e+00 4.313140275397824852e-01 -1.504981926849959351e+00 -3.358410461299054517e-01 -3.207730346510812014e-02 1.609738030902141126e-01 2.165050739597259577e-01 1.076686002606050963e-01 3.098948198215823943e-02 -2.194682915100590048e-01 -2.655058377836352901e-01 -9.382752471594557608e-02 5.220541991824375477e-02 2.718345693158072396e-01 -4.065949109069494360e-02 2.195512049649493702e-01 -5.801183206421377248e-02 -6.138993466387452358e-01 -6.452683934981164049e-02 -1.521238694552261295e-01 -2.561394481184870453e-01 2.533549334841889156e-01 1.331048948995327275e-01
2.822480258631352434e-01 1.719978687629821201e-01 -1.815357445548292370e-01 -2.273706386604061325e-01 -5.163948581911104174e-02 1.331572005055373098e-01 -1.792650436511240564e-01 -2.322505721671281331e-01 1.278296060208883866e-01 3.787530796402866495e-01 1.427051401538033115e-01 2.605568044387451265e-01 -3.720224987650173898e-02 1.600861141014886524e-01 2.028626267378270120e-01 3.908726522796004965e-01 -9.343322523843216043e-01 4.313140275397824852e-01 6.204939633562806200e+00 5.450092507206376613e-01 -1.223293007395931609e+00 -3.795180256557124931e-02 -1.068375788888123457e-01 1.971195308616938147e-01 9.559651141005821862e-02 -7.249743222099357121e-02 -2.008216149806364426e-01 -1.382803539272012827e-01 -1.204889523737550650e-01 1.060653160042469567e-01 2.822866675911304690e-01 2.183181514330689577e-01 5.999669190204060670e-02 -1.141471293692871009e-01 -5.126149775633793287e-02 1.260320955050362179e-01 2.379225165196232131e-02 -1.454072233437609940e-01 2.032516044337722427e-01 9.489709473107463267e-02
3.654788275051095159e-01 1.151710207951001097e-01 6.728056532824402969e-02 -9.180555065845537321e-02 5.973057313565141016e-04 2.089028074273178437e-01 1.834774731337137643e-01 5.447302288937306419e-02 6.627028399447928986e-02 4.425960406264541763e-02 3.158176044529669574e-02 -1.503963545209666131e-01 1.228980681965778227e-01 -1.229467747902466927e-02 9.318050115785754539e-02 1.103582191009903762e-01 -2.966222750302680566e-01 -1.504981926849959351e+00 5.450092507206376613e-01 7.259854853772142569e+00 5.831914336802987986e-01 -1.512027245574575129e+00 -5.940613049596499273e-02 -2.419716323125206403e-01 -8.493628715465775803e-02 -1.399735142227896412e-01 -2.680844039929056732e-01 3.955511959098376162e-02 -2.268363581739533397e-01 -2.064664583918145724e-01 -5.368384434608188677e-02 2.387104444470135312e-01 -2.094450033048917692e-01 1.191807011769616953e-01 2.166932806435081516e-01 2.733057396297439712e-01 1.780157789611881147e-01 -9.518843037832878939e-02 2.790235133244975060e-02 -2.021511458030749928e-02
-3.087763827478838541e-02 2.439285841838289282e-01 3.693645797355157856e-01 6.779236487893622320e-02 -2.865830022519218895e-02 1.797328887131351485e-02 -1.088843247528681613e-01 2.896678859641661427e-02 -3.827023070001370764e-01 -2.273273863261437433e-01 -1.688439137458979111e-01 -3.122263440104660059e-01 -5.306194831287006780e-02 1.245408504426512124e-02 -1.729450772615946930e-01 6.353598049890443744e-02 -2.827365683156551346e-01 -3.358410461299054517e-01 -1.223293007395931609e+00 5.831914336802987986e-01 7.640951966090829828e+00 3.927571847371736369e-01 -1.544968673840288131e+00 -1.680819282249328417e-01 7.733992588103144605e-02 -4.251339916705115796e-02 -1.048157045417973526e-01 -1.339898096715554272e-02 -1.938204902445349043e-01 -2.509460956390726083e-01 -1.803712582405944953e-01 -1.006678120014338901e-01 -2.848048656811322799e-01 1.178559275917302057e-01 4.422683580621235566e-01 2.876484033209986135e-01 1.042051141781086820e-01 2.081765727033834945e-01 3.663299275308944808e-02 9.345384052161749078e-04
7.854834530097641598e-02 -1.065594285384657836e-02 -1.990247574772379957e-01 1.361927426885684023e-01 -5.577756410905950618e-02 -1.290928859419488706e-01 -1.686389995544690934e-01 -1.317979689175079461e-01 1.000998949958731427e-01 -1.685997602062986808e-02 -2.459107220962207171e-02 -6.874676500862623996e-02 -4.859075836129839870e-02 -2.019138943915417539e-01 -1.644796659001766526e-01 2.853478537375226526e-02 6.950233790297209724e-02 -3.207730346510812014e-02 -3.795180256557124931e-02 -1.512027245574575129e+00 3.927571847371736369e-01 7.275025037161054087e+00 7.735380387231296506e-01 -1.479577817499091230e+00 -2.151262078092314456e-01 -2.647161708343067077e-01 5.707248385944754115e-02 1.086147472323138220e-02 -2.271076012836246438e-01 -2.771174109289830101e-01 8.466345918141934823e-02 3.149963079157987456e-01 -3.134144544925025477e-01 -3.507292939669075932e-02 1.071020919523766601e-01 1.642734794098173468e-01 2.716847746259093976e-01 -4.513727384511272422e-01 8.022201521041684436e-02 3.910516700763646547e-01
6.219619188486801703e-02 -1.596029767695491819e-01 -3.729036593988306614e-02 -1.897813003660790976e-01 -1.240339201901573540e-01 1.188447006392580468e-01 2.550558105872008374e-01 -2.392711141429375646e-02 1.234007339904363287e-01 8.436072507341543097e-03 -2.516653741791802928e-02 2.070338437819997379e-01 6.218019252837691385e-02 -1.081510702666182294e-01 -2.771389743156320584e-01 -2.275261069397189195e-01 1.309159146035883403e-01 1.609738030902141126e-01 -1.068375788888123457e-01 -5.940613049596499273e-02 -1.544968673840288131e+00 7.735380387231296506e-01 7.278934639379087912e+00 5.039730677308736917e-01 -1.195546917607143378e+00 -2.152687818555348853e-01 -4.911508733615009836e-01 1.428193617865205489e-01 3.490146809494287794e-02 -4.959514658944760290e-01 -3.421029744507598225e-01 2.360076744425490813e-01 5.095788374709248059e-01 -1.024137463426006006e-01 -1.638975176893295305e-01 -8.845707462512411579e-02 5.956472328925568188e-02 -1.521229786092753999e-01 -1.373629484266840617e-01 4.679701833964322599e-01
-3.722359420445591760e-01 -1.950559369959237871e-02 -5.777028429753876260e-02 5.439467050287079969e-02 -1.969616304806397211e-02 1.136365915953513744e-01 -1.124475550297866777e-01 -1.472131854490691394e-01 1.642020429870329479e-01 -1.931426150553741117e-01 -1.611546976876423731e-01 2.872031941323331394e-01 -3.855716902144089298e-02 1.490343962565137959e-01 8.953988159810156999e-02 -6.396961642519988223e-02 6.048334117414988498e-02 2.165050739597259577e-01 1.971195308616938147e-01 -2.419716323125206403e-01 -1.680819282249328417e-01 -1.479577817499091230e+00 5.039730677308736917e-01 7.133083556358895017e+00 1.019164483711766822e+00 -1.395053703896806718e+00 -6.324621811564650198e-01 2.324854299187597007e-01 2.405128858245968726e-01 7.498395409933326927e-02 -2.194503419170602543e-01 -7.796481893103460181e-02 1.386169965703880347e-01 4.853778701428325404e-02 -5.352140938308533324e-03 1.565107192950477843e-01 -2.751723091435249666e-02 1.555000343967504473e-01 2.976333675871437046e-01 -6.195713248101004239e-02
2.922589927787235253e-01 2.153109978486014708e-01 -9.626075675465016468e-02 -2.997004989085706450e-01 -1.809272903518270581e-01 3.199117452477558965e-01 -6.837699547344901208e-02 2.184836314985348082e-01 -1.759760148485090270e-01 -1.998742699345695539e-01 1.013643282811337309e-01 -1.257417093895105142e-01 -5.594909686866315901e-02 6.153763702544428477e-02 4.201750555170567503e-01 -7.035924069412546888e-02 -3.266267178873429877e-01 1.076686002606050963e-01 9.559651141005821862e-02 -8.493628715465775803e-02 7.733992588103144605e-02 -2.151262078092314456e-01 -1.195546917607143378e+00 1.019164483711766822e+00 8.635896009688718067e+00 8.055673522344217741e-01 -1.461836846966784398e+00 -7.366009478798692112e-02 -9.673288351135723995e-02 1.062505361636010837e-01 2.043165757361928292e-01 -1.322319553449606902e-02 6.209419659581864176e-02 -1.889925701282585691e-01 -1.356896324950885302e-01 1.715400792849511302e-01 1.304155474990451313e-01 5.143888312962142662e-01 -7.473996185442056961e-02 -1.211385232712452187e-01
1.079670210589933066e-01 -7.295943200946168605e-02 1.574901825612527173e-01 2.569028407272643810e-01 2.208931735800951646e-01 6.599666829932428203e-02 -3.061892118289945008e-01 2.702422751562970071e-01 1.334729799358150282e-01 -3.128894317765341659e-01 4.350380238969881602e-02 -3.181334939180219812e-01 -1.875346681873683585e-01 3.471495295325423003e-01 3.695671057153147587e-01 -3.377036271471300366e-01 -7.243670864161098899e-02 3.098948198215823943e-02 -7.249743222099357121e-02 -1.399735142227896412e-01 -4.251339916705115796e-02 -2.647161708343067077e-01 -2.152687818555348853e-01 -1.395053703896806718e+00 8.055673522344217741e-01 7.535770845975785726e+00 7.348372165178427284e-01 -1.689481188854969673e+00 -4.072478185323976652e-01 1.183681388721938149e-01 2.505105249364512066e-01 -1.068735401270577978e-01 -1.350950188256459517e-01 1.547001044857432284e-01 -8.388616112071425879e-02 3.667811457993055968e-02 1.336849143890051217e-01 5.334837327580817246e-02 6.438793326683837914e-02 1.394761072616025090e-02
2.953852316230713010e-02 3.937543622251591519e-02 4.876872143094697354e-02 -1.690517454693553079e-01 3.273999367457373633e-01 1.012995576729485980e-01 -8.910596817079567689e-02 -2.165201986058334915e-01 -1.140026353547461679e-01 1.478102420263782517e-02 -1.420037187258977934e-03 6.019377113069133978e-02 -4.259847998146290560e-01 -6.313289137754310443e-02 5.606598213548186042e-04 -6.745631350818841188e-02 2.234887320790159265e-03 -2.194682915100590048e-01 -2.008216149806364426e-01 -2.680844039929056732e-01 -1.048157045417973526e-01 5.707248385944754115e-02 -4.911508733615009836e-01 -6.324621811564650198e-01 -1.461836846966784398e+00 7.348372165178427284e-01 7.275506996913846613e+00 2.958514481353795578e-01 -1.309105747681749365e+00 -3.277799588969331213e-01 3.589039724676460624e-02 4.947974242122997190e-01 5.193882025089614773e-02 1.718351148293386366e-01 7.614377172097944180e-02 -1.359019523089288473e-01 7.612899943165994665e-02 4.584605510558850683e-02 -2.394460595780221468e-01 1.223375496414336461e-01
5.463875400449037106e-02 -5.677328225236855097e-02 4.474275105717602508e-02 -1.332243525274073026e-01 -3.344041946390404751e-01 1.017949505525032050e-01 1.899285074020344299e-01 -8.463878148213825614e-02 -3.286702144920503055e-02 1.628518829233215059e-01 2.132982991652379035e-01 -3.456729575046466052e-01 -4.458393903393145091e-02 1.991885980378771057e-02 -5.688522617227342176e-02 3.257564695437251134e-01 1.593927385844794153e-02 -2.655058377836352901e-01 -1.382803539272012827e-01 3.955511959098376162e-02 -1.339898096715554272e-02 1.086147472323138220e-02 1.428193617865205489e-01 2.324854299187597007e-01 -7.366009478798692112e-02 -1.689481188854969673e+00 2.958514481353795578e-01 7.525439717414603713e+00 7.714378564483009848e-02 -1.934620308309749959e+00 8.570539032559727766e-02 3.106397237888546825e-01 2.113445158837938542e-01 -1.351635501198130418e-01 -2.347226609067446790e-01 -2.993778145159081139e-01 5.780553288941896184e-02 2.167888246870465774e-01 -3.613849123604629954e-01 1.594007224105063736e-01
-9.488824855918190360e-02 2.615249134698537370e-01 2.677012991230501293e-01 5.285705742226086412e-02 3.364059850466174367e-02 -1.222556634968854083e-01 3.712458009042569722e-03 6.733193705529642858e-02 6.716096107974953155e-02 5.454431744093377749e-02 -7.251808030035881980e-02 -1.718507563996583554e-01 -1.159565012074908197e-01 -1.580129428147341308e-01 -1.455023916357365277e-01 6.017464876302158067e-02 -8.241647366717021195e-02 -9.382752471594557608e-02 -1.204889523737550650e-01 -2.268363581739533397e-01 -1.938204902445349043e-01 -2.271076012836246438e-01 3.490146809494287794e-02 2.405128858245968726e-01 -9.673288351135723995e-02 -4.072478185323976652e-01 -1.309105747681749365e+00 7.714378564483009848e-02 6.987843342648587530e+00 5.159883980189839958e-01 -1.334310981406571672e+00 -3.952491157341793682e-01 8.361889682921554157e-02 -1.055919924354485062e-01 -1.525168505646061663e-02 -7.947242877082358326e-02 -1.126292614463511726e-01 3.188260957205830692e-01 1.065235005133124448e-02 -2.608671607239239076e-01
1.584405092855859787e-01 -1.172185579023692498e-01 -1.841549066716789695e-01 2.932332349237115054e-01 1.794085392854762318e-01 -8.143972180813788264e-02 -4.319606019505931593e-01 -9.648755045889746695e-02 -1.745737850670570079e-02 6.206960357160445224e-02 1.854578685980967515e-03 1.986514881010630063e-01 -6.664034380021982562e-02 2.870680043879497018e-02 4.646637422337360906e-02 -1.357839160056873162e-01 2.262312853228679033e-01 5.220541991824375477e-02 1.060653160042469567e-01 -2.064664583918145724e-01 -2.509460956390726083e-01 -2.771174109289830101e-01 -4.959514658944760290e-01 7.498395409933326927e-02 1.062505361636010837e-01 1.183681388721938149e-01 -3.277799588969331213e-01 -1.934620308309749959e+00 5.159883980189839958e-01 7.578333370274703995e+00 6.982756711294568763e-01 -1.340544015952534362e+00 -9.972468049720163430e-01 8.140683768661340081e-02 5.954601519109744556e-01 -1.701257810201089737e-01 2.095245581146775934e-02 -1.206957534776425048e-02 1.887437994800205965e-01 -2.303155576516481839e-01
-1.985444054005615910e-01 -3.300655150470517829e-01 2.180059078904248437e-01 3.676460130013070038e-01 -1.481163275324741124e-01 -1.771116337055066436e-01 2.848198391149252620e-02 -3.866541643555085339e-01 1.546442047485109272e-01 3.016550469340345542e-01 1.434951994627578775e-01 1.239433141072689287e-01 -1.446734001010029635e-01 4.534548725894543136e-02 -1.771441572731579650e-01 3.079395547805762259e-02 5.688723290340914618e-01 2.718345693158072396e-01 2.822866675911304690e-01 -5.368384434608188677e-02 -1.803712582405944953e-01 8.466345918141934823e-02 -3.421029744507598225e-01 -2.194503419170602543e-01 2.043165757361928292e-01 2.505105249364512066e-01 3.589039724676460624e-02 8.570539032559727766e-02 -1.334310981406571672e+00 6.982756711294568763e-01 6.447234057906991112e+00 8.259058480904706290e-01 -1.606213109060998567e+00 -4.145423318961541925e-01 -4.337384603570978298e-02 -1.793481785661743821e-01 1.586643683231312718e-01 4.479658894971942917e-01 9.566794540804486602e-02 -7.331160056682418935e-02
5.362450403927451065e-02 2.928372652037573021e-01 4.711405322014280972e-01 -2.313828185648361957e-01 2.869742059116722147e-03 -2.007202333078070833e-01 7.528617398694446849e-02 -2.025315543289455122e-01 3.249471357143650652e-01 1.171983769993781843e-01 1.684681879877890365e-01 -1.035483847782051048e-01 -1.395362605124551292e-01 -1.944571175675464392e-01 9.034895700555718723e-02 3.892511333032833698e-01 1.686941622104165261e-01 -4.065949109069494360e-02 2.183181514330689577e-01 2.387104444470135312e-01 -1.006678120014338901e-01 3.149963079157987456e-01 2.360076744425490813e-01 -7.796481893103460181e-02 -1.322319553449606902e-02 -1.068735401270577978e-01 4.947974242122997190e-01 3.106397237888546825e-01 -3.952491157341793682e-01 -1.340544015952534362e+00 8.259058480904706290e-01 8.019431921859885293e+00 3.619782907605128552e-01 -1.337683452455032063e+00 -2.585123669120683587e-01 -1.575624259418724749e-01 -1.361362300273508685e-01 -1.925746911949976770e-01 -6.762484907455870026e-03 1.451312290427371754e-01
-1.527001312815277068e-01 1.687056890404380893e-01 9.956284024027034496e-02 -2.788741167578817626e-01 5.937677723977429628e-02 -1.384076279897208106e-01 -3.259020699016095812e-01 1.445019840277351475e-01 -2.679617994598690323e-01 -4.218928470274354581e-01 1.690368222115544994e-01 -1.301953976064124108e-01 2.107543128323190879e-02 8.649966918276538741e-02 -5.963045966556249078e-02 3.020795069897251259e-02 -7.535739551518516599e-02 2.195512049649493702e-01 5.999669190204060670e-02 -2.094450033048917692e-01 -2.848048656811322799e-01 -3.134144544925025477e-01 5.095788374709248059e-01 1.386169965703880347e-01 6.209419659581864176e-02 -1.350950188256459517e-01 5.193882025089614773e-02 2.113445158837938542e-01 8.361889682921554157e-02 -9.972468049720163430e-01 -1.606213109060998567e+00 3.619782907605128552e-01 7.523505811396056231e+00 6.124137179210529247e-01 -1.410383259926048627e+00 -4.689176381795370219e-01 3.927323365776936334e-04 -6.372716185792345889e-02 -4.054411212674948785e-03 -1.871525902578938597e-02
-9.363626588478371829e-03 -8.598685359295944741e-02 -2.581166804777873525e-01 -7.607170876544680493e-02 3.551899501210407650e-01 2.132655539240243259e-01 -3.700234292393426161e-01 1.940207321873001489e-01 -1.150863722658893550e-02 6.761770020592135222e-02 4.158640849316907334e-02 1.669541070226847335e-02 -2.188144296603204697e-01 -3.162242877141230313e-02 -3.483361058723261766e-02 1.097586402773526731e-01 -1.668552917364280186e-01 -5.801183206421377248e-02 -1.141471293692871009e-01 1.191807011769616953e-01 1.178559275917302057e-01 -3.507292939669075932e-02 -1.024137463426006006e-01 4.853778701428325404e-02 -1.889925701282585691e-01 1.547001044857432284e-01 1.718351148293386366e-01 -1.351635501198130418e-01 -1.055919924354485062e-01 8.140683768661340081e-02 -4.145423318961541925e-01 -1.337683452455032063e+00 6.124137179210529247e-01 7.175797863523792230e+00 2.595075279187869510e-01 -1.897504856878298396e+00 6.726224283934495451e-01 1.784838248519400039e-01 -4.581391957952015703e-01 1.745679333578248060e-01
7.000849397978306521e-02 -4.574263409597865288e-02 1.469712378978197120e-01 8.551883341054845877e-02 -1.613560359859219501e-02 -1.233931339730937604e-01 1.156449691262141505e-01 -2.093066502978722654e-01 -1.704914702152518780e-01 3.393061465070434379e-01 -1.161016902241477633e-01 -1.791754475954796533e-01 4.413784257845672354e-02 4.253284098246710720e-01 3.840523828110598697e-02 2.312070582145279163e-01 -3.396992170521128673e-01 -6.138993466387452358e-01 -5.126149775633793287e-02 2.166932806435081516e-01 4.422683580621235566e-01 1.071020919523766601e-01 -1.638975176893295305e-01 -5.352140938308533324e-03 -1.356896324950885302e-01 -8.388616112071425879e-02 7.614377172097944180e-02 -2.347226609067446790e-01 -1.525168505646061663e-02 5.954601519109744556e-01 -4.337384603570978298e-02 -2.585123669120683587e-01 -1.410383259926048627e+00 2.595075279187869510e-01 7.547705151449381589e+00 6.742053713715044916e-01 -8.917608660620108818e-01 -1.070103039102770631e-01 -4.790437755461930402e-01 4.576859235623120803e-02
2.268516904416212898e-01 2.808120135614191049e-01 -5.983566478185443210e-02 -3.336988789543651746e-01 2.091786814593540045e-01 1.453116296659652251e-01 1.331190080379495710e-01 1.657330797624360363e-01 -4.601305538707622933e-02 4.035305632463772052e-01 -3.566797836401141009e-01 4.105320463224521044e-02 4.045919460236971354e-01 3.561598975163462466e-01 -1.367113160072215006e-01 -7.779266423639680239e-02 2.084663535181069949e-01 -6.452683934981164049e-02 1.260320955050362179e-01 2.733057396297439712e-01 2.876484033209986135e-01 1.642734794098173468e-01 -8.845707462512411579e-02 1.565107192950477843e-01 1.715400792849511302e-01 3.667811457993055968e-02 -1.359019523089288473e-01 -2.993778145159081139e-01 -7.947242877082358326e-02 -1.701257810201089737e-01 -1.793481785661743821e-01 -1.575624259418724749e-01 -4.689176381795370219e-01 -1.897504856878298396e+00 6.742053713715044916e-01 7.493186139567178827e+00 4.651481499173469314e-01 -1.039343377368584065e+00 -4.217293724682797951e-01 -3.340582294474712111e-01
-4.624334371808295208e-01 2.011748712896007374e-01 4.923533165092020686e-02 2.265954201168066673e-01 9.358486584098085759e-02 5.193396567887327564e-02 3.142274306030189146e-02 -1.210182225748131918e-02 -2.070734161245950389e-02 1.233328035549901280e-01 1.454684571743298793e-01 5.469283337288857183e-01 -3.171704052273650043e-01 -2.522996228017591602e-01 2.313864080846387283e-01 -2.382826847862709874e-01 3.019864304193909943e-01 -1.521238694552261295e-01 2.379225165196232131e-02 1.780157789611881147e-01 1.042051141781086820e-01 2.716847746259093976e-01 5.956472328925568188e-02 -2.751723091435249666e-02 1.304155474990451313e-01 1.336849143890051217e-01 7.612899943165994665e-02 5.780553288941896184e-02 -1.126292614463511726e-01 2.095245581146775934e-02 1.586643683231312718e-01 -1.361362300273508685e-01 3.927323365776936334e-04 6.726224283934495451e-01 -8.917608660620108818e-01 4.651481499173469314e-01 7.381960764375523176e+00 1.009228851266345872e+00 -1.722276700990585496e+00 -1.515542330489568490e-01
-1.089449233713743609e-01 -1.348062065532611153e-01 2.345461772293530867e-01 2.372580181734653126e-01 -2.502608328930472012e-02 -2.481331845785043622e-01 3.220127434697115931e-01 2.468888987400826712e-02 -7.271726057336609372e-01 -2.462608885263563863e-01 1.495774669842359628e-01 7.301694896436541904e-02 -2.690508449081200053e-03 -8.369403070920634902e-02 -8.212580188578735840e-02 4.252084199014089655e-02 3.125802173560653374e-01 -2.561394481184870453e-01 -1.454072233437609940e-01 -9.518843037832878939e-02 2.081765727033834945e-01 -4.513727384511272422e-01 -1.521229786092753999e-01 1.555000343967504473e-01 5.143888312962142662e-01 5.334837327580817246e-02 4.584605510558850683e-02 2.167888246870465774e-01 3.188260957205830692e-01 -1.206957534776425048e-02 4.479658894971942917e-01 -1.925746911949976770e-01 -6.372716185792345889e-02 1.784838248519400039e-01 -1.070103039102770631e-01 -1.039343377368584065e+00 1.009228851266345872e+00 7.793348658776388049e+00 -2.372358395251596974e-01 -1.503386259327293528e+00
-1.730476371730446550e+00 -8.757626233596439436e-01 2.639189683158049693e-01 4.351221674860530908e-01 -2.626912204363755499e-01 -2.480693350571764599e-01 4.011122699565055627e-01 -4.259943194211680828e-02 -6.451546160738733660e-01 -1.424469742544056949e-01 4.551272756529603503e-02 -8.244713004299980552e-02 2.207767186406777715e-01 -8.829295834471363735e-02 1.063041965574874764e-01 -1.147742612947469931e-01 -3.211207772604092736e-01 2.533549334841889156e-01 2.032516044337722427e-01 2.790235133244975060e-02 3.663299275308944808e-02 8.022201521041684436e-02 -1.373629484266840617e-01 2.976333675871437046e-01 -7.473996185442056961e-02 6.438793326683837914e-02 -2.394460595780221468e-01 -3.613849123604629954e-01 1.065235005133124448e-02 1.887437994800205965e-01 9.566794540804486602e-02 -6.762484907455870026e-03 -4.054411212674948785e-03 -4.581391957952015703e-01 -4.790437755461930402e-01 -4.217293724682797951e-01 -1.722276700990585496e+00 -2.372358395251596974e-01 8.044718709993681216e+00 7.755402407735708659e-01
