6.915098263390486721e+00 2.603523275270047677e-01 -1.373607236040068180e+00 -4.679413990946959534e-01 -2.092631369781137451e-01 1.366877500871899187e-01 -1.095426059402577063e-01 2.538486604568701011e-01 2.563126299908022321e-01 2.534099712714809050e-01 -8.776410624702234153e-02 1.092512510782601837e-01 1.207110132358995142e-01 3.357280650309334841e-02 1.113868788514102946e-02 9.749712300956570044e-02 -4.770916244295178021e-01 4.910174403905904345e-02 -4.171411219599301112e-02 -1.231300527184849974e-01 2.806198532882031027e-01 -1.476541057125613510e-01 -7.941082449978853486e-02 -6.666561849243758664e-02 4.651943448483379928e-01 -1.937195842657368772e-01 -3.451894797281664928e-01 -3.357139817470199405e-01 -6.782660258801131992e-02 5.697547798902674598e-01 -1.254724963789633496e-01 -2.392402599290987808e-01 -1.621642483417950475e-01 -1.658490641554145606e-01 1.217987398048834824e-01 2.211636128305296267e-01 3.183341860860561343e-03 2.554149233663531929e-02 -1.234713041473562978e+00 -1.811234971797813231e-01
2.603523275270047677e-01 7.159380471279447100e+00 7.613430984164276660e-01 -1.358009500250617174e+00 -4.491624884514701654e-01 7.220194471279251826e-03 -6.243987164589538674e-02 -2.531663370278632863e-01 1.056425077745582336e-01 9.140020351446354052e-02 5.250892979789557879e-02 5.906207735316213597e-02 6.966791519489272388e-02 1.650295890286114786e-01 -2.109007084038539703e-01 -7.587320501370567460e-02 -1.775211924719016510e-01 -2.492836735645693330e-02 -1.516841715007089531e-01 -5.924032285216352528e-02 4.063006216311599306e-01 1.066236081653208212e-01 1.354553437528668580e-01 -7.648048332876923594e-02 -4.990661333575649276e-03 1.708266494790191548e-01 -1.332139454122178435e-01 7.854560101198157507e-02 1.957871852363084475e-01 4.353709165038075618e-02 -1.205726621104211138e-01 -2.952951089694572651e-01 4.303057776654729133e-02 -5.906809748261715454e-02 2.023458216953325783e-01 1.424613220387602186e-01 -2.716105789704532647e-01 1.241316355749193107e-01 -5.124842481105001957e-01 -1.678554990838020400e+00
-1.373607236040068180e+00 7.613430984164276660e-01 6.412949339719053121e+00 2.201984256536678175e-01 -1.671210393388317339e+00 3.506202688100982789e-01 7.247212025900230670e-02 -2.175482396260869089e-01 -2.636617693261264321e-03 2.174691279333695049e-01 1.087400335650118843e-01 -2.269798686328423076e-01 -2.499917272706641928e-03 -1.270381277457567348e-01 -2.024598401118310742e-01 -2.934421188450916929e-01 4.444072346840102217e-01 -1.792953471115751596e-01 -9.474606007031260990e-02 1.809724296225102835e-01 -1.196394995726039745e-01 -3.854112388052279015e-02 -1.458170643121584342e-01 2.998668469632343337e-03 -1.459806171765218319e-01 -3.092566106570820289e-02 4.171616096140663699e-02 -8.556501333030812340e-02 -1.694871017041037486e-01 -3.207883130824102924e-01 1.024476732161842124e-01 2.372441747689042202e-01 2.484079005009807439e-01 -7.254500815298778327e-02 -9.770497279981360528e-02 1.634960828361277721e-02 -2.139705188822288162e-01 3.053704292933726028e-01 -5.824155171764821247e-03 4.982080808828192632e-03
-4.679413990946959534e-01 -1.358009500250617174e+00 2.201984256536678175e-01 6.364361002333024153e+00 -2.396949366522303088e-02 -1.002348685600381151e+00 -1.694090193503862765e-02 -1.144395324930417707e-01 -4.050017930601236271e-01 -2.533968072815310779e-01 -2.941305336819170432e-02 1.495555569472648283e-01 1.283025707155280581e-01 -1.505915698536971492e-01 -3.746973868042635658e-01 2.886108740742946571e-02 2.787414890421133218e-01 5.969297872724921294e-02 -3.185230671740342245e-01 2.221322197509730256e-01 -1.183376368082095370e-01 1.253767163759355041e-01 -2.059489415735410098e-02 1.155396597734767786e-02 -5.022910811910442919e-02 1.745221419465505311e-02 1.790592026587119467e-01 -1.436600172190339308e-01 -8.107834329192280254e-02 1.110064081710004646e-01 2.073871305099330709e-01 -1.689235542892501274e-01 -3.248035435715497798e-01 2.257147020831491435e-01 -1.558871665881382887e-02 2.418848988520235638e-02 -4.480569524329652831e-02 -9.696879050867232563e-02 3.500237118235544620e-01 2.652085592914252832e-01
-2.092631369781137451e-01 -4.491624884514701654e-01 -1.671210393388317339e+00 -2.396949366522303088e-02 6.607824804365284521e+00 6.955350863821940788e-01 -5.330194497632639861e-01 -3.024741010084345816e-01 -3.378683238107067777e-02 2.653720932516543951e-01 -1.327385370324334242e-02 -2.676879469845515058e-01 -2.676449103985660202e-02 5.822772601288749017e-02 3.628882485494490662e-01 -1.371933247495548402e-01 2.666969133672318359e-01 2.982843936287258788e-02 1.082262320528375871e-01 8.746531385986612561e-02 -9.086586781703667737e-02 -3.419102313134483873e-01 -8.385505108542426478e-02 8.189961173309345810e-02 -1.262664178319608810e-01 7.316694218530815641e-02 -6.833758327804882737e-02 2.010429639068930796e-01 1.425842174847373744e-01 -2.226546872332956228e-01 -6.736090960307994716e-03 -3.388768125131879638e-01 -8.530474655021361152e-02 8.386334063144923467e-02 -8.984719630391452272e-02 -2.306877970200091332e-01 2.721457756499557901e-01 -7.774322038830946448e-03 -1.570666582575405146e-01 -3.591866753554933123e-01
1.366877500871899187e-01 7.220194471279251826e-03 3.506202688100982789e-01 -1.002348685600381151e+00 6.955350863821940788e-01 6.085699102394576343e+00 8.190400007891067702e-01 -1.548924079977130885e+00 -3.687257810635634070e-01 1.338559167214840029e-01 8.938065487930445252e-02 -2.669894477807392419e-01 -4.645926921757989048e-01 6.318677272981999826e-02 4.915827511874559103e-02 -6.381792007726278665e-03 2.381096270716392266e-02 2.896661998731227539e-01 1.195693431569187087e-01 -1.838705844230009434e-01 3.039411915366487665e-02 -1.718040526574876048e-01 1.052802475829107617e-02 1.335377934502667840e-01 2.534017791726252966e-01 -3.049935122439826896e-01 -8.036001946195325818e-02 3.330670852112122687e-02 -3.697546464174773506e-01 -1.301023953221129049e-02 2.120059399904781483e-01 2.735733786321262739e-01 5.242322614440658030e-02 1.350260205350866105e-01 7.316791827007064486e-02 -8.579480126977534482e-02 -1.177145908351961458e-02 -3.490793801906514476e-02 -1.630961670406250730e-01 1.441812642938980135e-02
-1.095426059402577063e-01 -6.243987164589538674e-02 7.247212025900230670e-02 -1.694090193503862765e-02 -5.330194497632639861e-01 8.190400007891067702e-01 6.572343088839013525e+00 7.366502057388963909e-01 -1.947352518369528385e+00 4.639443938506188081e-01 7.491207810054623106e-02 -3.568367057271917275e-01 -1.834505914773759405e-01 2.037246904690704907e-01 -4.653450181712543571e-02 8.349711599880725588e-02 1.631664954897848741e-01 -1.503076263583944527e-01 8.685099185197603724e-03 2.300927172090018180e-01 -1.065122564697319474e-01 9.418336226690000867e-02 4.464612321776968706e-02 1.011846988751684551e-01 1.872159019839344241e-01 -3.340549976294803214e-01 -1.649132472794150317e-01 -1.668448160817070647e-01 -7.597394973701221410e-02 7.399704889409712549e-02 1.206366988874106594e-01 -6.834787873282142934e-02 -3.437732145383986526e-01 -3.328563195324344415e-01 -1.650320447679169134e-01 -9.647178087041589911e-02 -1.940873332325823986e-01 4.114943113290242538e-01 1.926563922296792852e-01 3.930079558073408252e-01
2.538486604568701011e-01 -2.531663370278632863e-01 -2.175482396260869089e-01 -1.144395324930417707e-01 -3.024741010084345816e-01 -1.548924079977130885e+00 7.366502057388963909e-01 7.440409562608714999e+00 8.338290143556130740e-01 -1.140811812491566490e+00 -3.766664562688488704e-01 -1.231127970239087321e-01 6.760484008045780646e-01 6.025944379403095491e-02 -1.957053678140543984e-01 4.724796199462927976e-02 1.749139316882803719e-01 -4.383906614417330816e-02 -3.251626254830677909e-02 4.870734008236218132e-02 3.800008697469172553e-02 1.957262135443349482e-01 -7.988186017286975915e-02 -2.204202387698730170e-01 -5.341931246208700412e-02 9.055616342062097757e-02 -3.620688546415314346e-01 5.800287648450860173e-02 3.905968758302015287e-01 -4.636938975268713875e-02 2.928769292994653356e-02 -2.162429502478512566e-01 -2.696603058709191036e-01 -2.727244784752629325e-01 8.600998913077620434e-02 3.806202258058914434e-01 -3.419484353171769464e-01 2.112572161342478050e-01 1.181761098230164342e-01 1.127046691335402556e-01
2.563126299908022321e-01 1.056425077745582336e-01 -2.636617693261264321e-03 -4.050017930601236271e-01 -3.378683238107067777e-02 -3.687257810635634070e-01 -1.947352518369528385e+00 8.338290143556130740e-01 7.958967185023534618e+00 5.463017622065581280e-01 -1.864062269393833127e+00 -7.440516428980134545e-02 5.388552798314613090e-01 -6.962187574846923077e-02 -6.924100529867992238e-02 -1.261928192291971451e-01 -2.623923422602491562e-01 -2.127268853957156591e-02 1.545978058720907100e-01 -2.515115381666119809e-01 8.954443416415419632e-02 1.766654669065031436e-01 6.879076097631620090e-02 -3.732498936250636112e-01 -2.705624248712058533e-01 2.726792432029896962e-01 3.439801361918112255e-01 -2.754247438980388929e-01 1.914182015458510831e-04 -2.100585967810483512e-01 5.872780307451464649e-02 1.711201751676177385e-01 -9.336347265258050643e-02 -4.281378330925587894e-02 3.831623512310516344e-01 3.959006234751243913e-01 5.476642484598152200e-02 -2.009334775473642087e-01 -3.354412940480687721e-01 -1.843223788395320084e-01
2.534099712714809050e-01 9.140020351446354052e-02 2.174691279333695049e-01 -2.533968072815310779e-01 2.653720932516543951e-01 1.338559167214840029e-01 4.639443938506188081e-01 -1.140811812491566490e+00 5.463017622065581280e-01 7.063484611783366951e+00 1.269777927512633631e-01 -1.604864286764736470e+00 2.797767773057499019e-01 2.818162177243976885e-01 -3.726158370629535366e-01 2.231187967178678566e-02 1.355551927094641174e-01 -1.214424520100825938e-01 -8.959842241737735191e-02 -2.219521969256834856e-02 -2.330549394525279205e-01 -1.102781427633815481e-01 -1.198674612411878247e-02 2.814181234074899507e-01 -1.565107576083135388e-01 -1.988201427092664564e-01 1.939204093287442976e-02 -4.096777892537361437e-02 3.820095918511982186e-02 8.925407890977669900e-02 2.032855844806624387e-02 1.966158171851842551e-01 5.948787343249691689e-02 2.046900483021949213e-01 -2.848751226286795613e-02 -2.310480371246233233e-02 1.873504083091231259e-02 2.063907014163382236e-01 -1.271443081373397621e-01 2.507305372923324810e-02
-8.776410624702234153e-02 5.250892979789557879e-02 1.087400335650118843e-01 -2.941305336819170432e-02 -1.327385370324334242e-02 8.938065487930445252e-02 7.491207810054623106e-02 -3.766664562688488704e-01 -1.864062269393833127e+00 1.269777927512633631e-01 8.171948608331296882e+00 2.967154799931855935e-01 -1.301297561908999034e+00 -6.473797106522247713e-01 7.161903184691413571e-02 4.265598294266205737e-01 5.475108622502074425e-03 -1.831830403918726924e-01 1.244481580004864890e-01 1.020288967280665871e-01 -1.185602665950268308e-01 7.570697515344214368e-02 -1.664657906638552232e-01 -5.056051479551421091e-02 -4.685241311290210681e-02 -1.753959604852804721e-02 2.301052121233697068e-01 7.398855252628522283e-02 -2.710495392520496927e-02 -1.036143896463537079e-01 2.399782529878420334e-01 1.385662016873542290e-01 -5.540963288154963085e-01 7.561150616717710049e-02 1.098597700302205021e-01 -2.335121731255752620e-01 -2.695781300245444490e-01 1.585533066838821711e-02 -5.355069771661432297e-03 3.786530134869988684e-01
1.092512510782601837e-01 5.906207735316213597e-02 -2.269798686328423076e-01 1.495555569472648283e-01 -2.676879469845515058e-01 -2.669894477807392419e-01 -3.568367057271917275e-01 -1.231127970239087321e-01 -7.440516428980134545e-02 -1.604864286764736470e+00 2.967154799931855935e-01 7.007039055070643840e+00 7.410581366374112688e-01 -1.349423267140458682e+00 -1.859162265132849601e-01 1.395357810615451555e-01 -1.613815000694059643e-01 6.021523386661826321e-02 -2.048575450816920163e-01 -4.908212688999335355e-02 -9.107739151884687231e-03 -3.040755463172463771e-02 7.038108769622558603e-02 -2.928779592013260324e-01 1.613541614653254130e-01 1.279171633799878194e-01 -4.140591936843393550e-02 1.459907054084452205e-01 -1.146620226066414616e-01 -4.204021118298302273e-01 -1.223058935414943899e-01 4.976781976032994444e-03 4.530505203284301841e-02 -1.442405883599242045e-01 -3.899162111963713068e-02 2.037317632906391618e-01 -2.468006115317772642e-01 1.617908363209826991e-02 1.801915518552606732e-01 3.995302727835777640e-02
1.207110132358995142e-01 6.966791519489272388e-02 -2.499917272706641928e-03 1.283025707155280581e-01 -2.676449103985660202e-02 -4.645926921757989048e-01 -1.834505914773759405e-01 6.760484008045780646e-01 5.388552798314613090e-01 2.797767773057499019e-01 -1.301297561908999034e+00 7.410581366374112688e-01 7.288558707266027170e+00 4.726287090722583462e-01 -1.770678035307024834e+00 7.408849246314885839e-02 4.134226532046155755e-01 -2.738035761597420459e-01 2.765834974537316406e-04 -1.280350422614422445e-01 4.904423669182556705e-02 1.365823807395679934e-01 6.603439779596759554e-03 -1.811960141341668329e-01 2.080055276103827122e-01 8.647377465944633412e-02 -3.293782692531704859e-01 -1.671410803544130519e-01 2.641245499341193792e-01 -2.489374278186075595e-01 -4.093125179148931481e-01 -2.288547195916589283e-01 -2.011866739478572197e-01 -1.690566944503787972e-01 2.599200866609924568e-02 3.012780970182832307e-01 -2.227042241112970611e-01 -2.971372117330682849e-01 3.217870681942408551e-01 -1.961214229103774853e-01
3.357280650309334841e-02 1.650295890286114786e-01 -1.270381277457567348e-01 -1.505915698536971492e-01 5.822772601288749017e-02 6.318677272981999826e-02 2.037246904690704907e-01 6.025944379403095491e-02 -6.962187574846923077e-02 2.818162177243976885e-01 -6.473797106522247713e-01 -1.349423267140458682e+00 4.726287090722583462e-01 7.764322446730108851e+00 3.081322744271345893e-01 -1.604906804307995705e+00 2.527773436560037598e-02 2.252043932853177721e-01 -1.557863236675830453e-02 -5.312179871567609263e-02 -1.407681810576168202e-01 5.068842388980222824e-02 2.381868986821442380e-01 -1.619211708123155860e-02 -6.688373174647635824e-03 5.073938918095407535e-01 3.805747814496896475e-01 -8.263954836031565943e-02 -8.898444885535358728e-02 -3.932590294772825984e-02 -4.203124123372832532e-02 -2.452314148383906434e-01 1.470400595022760548e-01 -1.458030574981805383e-01 2.839474232373812024e-01 1.416952340854812920e-01 -1.678974307065148885e-01 -2.517178153711890909e-01 4.068857615485600432e-01 5.533989762516822175e-02
1.113868788514102946e-02 -2.109007084038539703e-01 -2.024598401118310742e-01 -3.746973868042635658e-01 3.628882485494490662e-01 4.915827511874559103e-02 -4.653450181712543571e-02 -1.957053678140543984e-01 -6.924100529867992238e-02 -3.726158370629535366e-01 7.161903184691413571e-02 -1.859162265132849601e-01 -1.770678035307024834e+00 3.081322744271345893e-01 6.648106339810444076e+00 3.771054564690684008e-01 -1.415065800390074013e+00 -4.188324225567187087e-01 2.346424631355657209e-01 3.579404261547273758e-01 -4.405490180399120742e-02 -3.941371125978906376e-01 4.512892627030661019e-02 1.414863254095910863e-02 1.002989178705171319e-01 1.273082187275573207e-01 -9.909715503165046624e-02 2.929300825332296077e-01 8.366869027524860558e-02 7.852697306013813050e-02 5.584233299178073540e-02 1.494331063996443831e-01 3.214954473448978223e-01 2.879135509422242056e-01 -1.498577793051960039e-01 -3.052189602297547544e-01 5.513229298265078654e-02 -2.483478063446275252e-01 3.690423844799456399e-01 3.496982874130946106e-01
9.749712300956570044e-02 -7.587320501370567460e-02 -2.934421188450916929e-01 2.886108740742946571e-02 -1.371933247495548402e-01 -6.381792007726278665e-03 8.349711599880725588e-02 4.724796199462927976e-02 -1.261928192291971451e-01 2.231187967178678566e-02 4.265598294266205737e-01 1.395357810615451555e-01 7.408849246314885839e-02 -1.604906804307995705e+00 3.771054564690684008e-01 7.339965757976681715e+00 1.615956130396942192e-01 -1.336404636040526839e+00 3.290099133975160073e-01 1.042696688853289727e-01 1.087882567903772496e-01 -2.647800213334513542e-01 2.338489231174462751e-02 2.908760020717077177e-02 -2.294253065291409210e-01 -2.756700403252642095e-01 -3.011688498487089527e-01 2.128168932007459824e-01 3.985436452090023729e-01 7.770603413776785984e-02 -6.016217124682070594e-01 6.705542893385144088e-02 3.193826778453207060e-01 2.384417350774334365e-01 -3.633889599695380168e-01 1.729853647633246005e-01 2.115865871580464574e-01 2.699169707636909013e-02 -1.229215099824659818e-01 1.146633496155296528e-01
-4.770916244295178021e-01 -1.775211924719016510e-01 4.444072346840102217e-01 2.787414890421133218e-01 2.666969133672318359e-01 2.381096270716392266e-02 1.631664954897848741e-01 1.749139316882803719e-01 -2.623923422602491562e-01 1.355551927094641174e-01 5.475108622502074425e-03 -1.613815000694059643e-01 4.134226532046155755e-01 2.527773436560037598e-02 -1.415065800390074013e+00 1.615956130396942192e-01 6.499881186988609727e+00 7.902248351417772154e-01 -7.618630901239579201e-01 -5.469532438328305046e-01 -4.369732070445520727e-02 1.533850726933830011e-01 -1.184359757888699405e-01 -1.892904939193973957e-01 -8.315189433731152990e-02 -1.772202675002259309e-01 -7.496091932769943789e-02 -3.986178013949986942e-02 -1.768744830460680928e-01 1.072392617851801039e-01 -8.095987413988169068e-02 -1.136797364459724707e-01 2.521051851204109129e-02 -1.252984662819102979e-01 -1.153461907915321605e-01 3.653277116686817760e-01 -1.446403953480968341e-01 9.590772151452103822e-02 -2.473046361713791136e-02 6.559829920891981081e-02
4.910174403905904345e-02 -2.492836735645693330e-02 -1.792953471115751596e-01 5.969297872724921294e-02 2.982843936287258788e-02 2.896661998731227539e-01 -1.503076263583944527e-01 -4.383906614417330816e-02 -2.127268853957156591e-02 -1.214424520100825938e-01 -1.831830403918726924e-01 6.021523386661826321e-02 -2.738035761597420459e-01 2.252043932853177721e-01 -4.188324225567187087e-01 -1.336404636040526839e+00 7.902248351417772154e-01 6.161297131159964913e+00 6.711368597073642528e-01 -1.311194667985699835e+00 -1.261494055835705175e-01 9.272608236623321176e-02 1.052761683038701962e-01 7.355621872771318792e-02 1.168975330745519346e-03 -5.893315445401217101e-01 4.334073537340880911e-02 2.624232546297980972e-01 -7.843986285622378887e-03 2.769399375858652701e-01 1.252448863370763943e-01 -1.294989668603221122e-01 -1.141053159299989161e-03 -3.612772530923244463e-01 -1.680477309660170504e-01 -9.442374413475382311e-02 6.429588931985155686e-02 -1.443435432315635647e-01 -1.376777069135650955e-01 1.850947558806912974e-01
-4.171411219599301112e-02 -1.516841715007089531e-01 -9.474606007031260990e-02 -3.185230671740342245e-01 1.082262320528375871e-01 1.195693431569187087e-01 8.685099185197603724e-03 -3.251626254830677909e-02 1.545978058720907100e-01 -8.959842241737735191e-02 1.244481580004864890e-01 -2.048575450816920163e-01 2.765834974537316406e-04 -1.557863236675830453e-02 2.346424631355657209e-01 3.290099133975160073e-01 -7.618630901239579201e-01 6.711368597073642528e-01 5.876828763104664510e+00 1.955416816858258078e-01 -1.309802926234504561e+00 1.375821948687585561e-01 -1.782838777141266817e-01 1.476978171460234524e-01 -9.677111940678977120e-02 -5.547526704763038746e-02 3.206793287903507428e-02 3.973119892193335834e-02 1.256987260012026320e-01 -2.845325190888265410e-01 5.902699998914241047e-02 1.967544996278748973e-02 1.936513352388716525e-01 -1.521991626108088747e-01 -1.713447376195881000e-01 1.711377995681380992e-01 1.972456846539494546e-01 -1.580473125308200777e-01 -1.088619819016308915e-01 2.608972963426481884e-01
-1.231300527184849974e-01 -5.924032285216352528e-02 1.809724296225102835e-01 2.221322197509730256e-01 8.746531385986612561e-02 -1.838705844230009434e-01 2.300927172090018180e-01 4.870734008236218132e-02 -2.515115381666119809e-01 -2.219521969256834856e-02 1.020288967280665871e-01 -4.908212688999335355e-02 -1.280350422614422445e-01 -5.312179871567609263e-02 3.579404261547273758e-01 1.042696688853289727e-01 -5.469532438328305046e-01 -1.311194667985699835e+00 1.955416816858258078e-01 6.800456570785853749e+00 4.921813113772368631e-01 -1.039959091423513282e+00 4.230748370010142811e-02 -1.158805942729865951e-01 3.011846781714793558e-02 1.735197131516297633e-02 -1.345941968999940230e-01 -7.749836353866686178e-02 -1.434585783822987237e-01 -1.118197720674917600e-01 1.284350241676376625e-01 -1.611033470114621446e-01 1.225614933902912373e-01 -5.045339603873971734e-02 1.923828696046614439e-01 1.871561828143885331e-01 1.389924387328951294e-01 -1.423336559388868605e-02 5.646790790373182323e-02 2.993558958076139032e-01
2.806198532882031027e-01 4.063006216311599306e-01 -1.196394995726039745e-01 -1.183376368082095370e-01 -9.086586781703667737e-02 3.039411915366487665e-02 -1.065122564697319474e-01 3.800008697469172553e-02 8.954443416415419632e-02 -2.330549394525279205e-01 -1.185602665950268308e-01 -9.107739151884687231e-03 4.904423669182556705e-02 -1.407681810576168202e-01 -4.405490180399120742e-02 1.087882567903772496e-01 -4.369732070445520727e-02 -1.261494055835705175e-01 -1.309802926234504561e+00 4.921813113772368631e-01 6.557719452435370577e+00 1.592831520897367847e-01 -1.122025885936312584e+00 -4.430486573240047243e-01 2.036776413668591190e-01 -5.056385160152761932e-02 -2.265055580504559962e-01 -6.282288332044635992e-02 -8.581705570762470509e-03 4.014558641135910211e-01 3.801020867298703781e-02 1.733239444939359553e-01 -4.579927896112843677e-01 -1.329909080529802778e-01 3.592505489600384960e-01 6.011399511797946987e-02 4.717823233702505420e-02 3.492404253481198872e-02 3.607855948757706654e-01 -1.139448109899464726e-02
-1.476541057125613510e-01 1.066236081653208212e-01 -3.854112388052279015e-02 1.253767163759355041e-01 -3.419102313134483873e-01 -1.718040526574876048e-01 9.418336226690000867e-02 1.957262135443349482e-01 1.766654669065031436e-01 -1.102781427633815481e-01 7.570697515344214368e-02 -3.040755463172463771e-02 1.365823807395679934e-01 5.068842388980222824e-02 -3.941371125978906376e-01 -2.647800213334513542e-01 1.533850726933830011e-01 9.272608236623321176e-02 1.375821948687585561e-01 -1.039959091423513282e+00 1.592831520897367847e-01 6.713031874164172130e+00 5.640675289167885742e-01 -1.112540556768335742e+00 1.917710109438842125e-01 -5.196172655426929687e-02 3.576261175643212498e-02 -4.755427054664328884e-02 -1.698670827520518400e-01 -3.572907077257578834e-01 1.674843852106281672e-01 2.167399484601911508e-01 -2.140094503423099759e-01 -2.254177623610555126e-01 1.375307039306681023e-01 2.505389564500042424e-02 -6.018962148503786622e-03 -2.193740712102974499e-01 5.898978170310303915e-02 -2.313136524312439657e-01
-7.941082449978853486e-02 1.354553437528668580e-01 -1.458170643121584342e-01 -2.059489415735410098e-02 -8.385505108542426478e-02 1.052802475829107617e-02 4.464612321776968706e-02 -7.988186017286975915e-02 6.879076097631620090e-02 -1.198674612411878247e-02 -1.664657906638552232e-01 7.038108769622558603e-02 6.603439779596759554e-03 2.381868986821442380e-01 4.512892627030661019e-02 2.338489231174462751e-02 -1.184359757888699405e-01 1.052761683038701962e-01 -1.782838777141266817e-01 4.230748370010142811e-02 -1.122025885936312584e+00 5.640675289167885742e-01 6.528872201054599422e+00 4.849935964688332768e-01 -1.145780382948386578e+00 2.203730317264648297e-01 -7.224465127613330373e-02 -1.702355012853021821e-01 4.600777438864353530e-02 1.574994266604531068e-01 -1.283238000049128358e-01 -9.357898348643639563e-02 2.618646792614350294e-01 1.062619190914763506e-01 1.918652590743145647e-01 -3.390613068366988836e-01 -1.920096221245949641e-01 -2.464660556245735212e-01 -1.346247974210273979e-01 1.369873266837068615e-01
-6.666561849243758664e-02 -7.648048332876923594e-02 2.998668469632343337e-03 1.155396597734767786e-02 8.189961173309345810e-02 1.335377934502667840e-01 1.011846988751684551e-01 -2.204202387698730170e-01 -3.732498936250636112e-01 2.814181234074899507e-01 -5.056051479551421091e-02 -2.928779592013260324e-01 -1.811960141341668329e-01 -1.619211708123155860e-02 1.414863254095910863e-02 2.908760020717077177e-02 -1.892904939193973957e-01 7.355621872771318792e-02 1.476978171460234524e-01 -1.158805942729865951e-01 -4.430486573240047243e-01 -1.112540556768335742e+00 4.849935964688332768e-01 5.927673403464129187e+00 5.917178427926710338e-01 -1.333414583814136911e+00 -3.520808140305352052e-01 5.739710570704387171e-02 3.543508712713193676e-01 -1.806631145720382081e-01 -8.389155650131621678e-02 5.501178804578273594e-03 -7.881424327707164945e-02 -3.418862461880585457e-02 -4.310303021276785246e-02 -7.670662241661961589e-02 6.253448271089870336e-02 1.491025663870780560e-01 -1.489559747775738852e-01 1.785159097967278230e-01
4.651943448483379928e-01 -4.990661333575649276e-03 -1.459806171765218319e-01 -5.022910811910442919e-02 -1.262664178319608810e-01 2.534017791726252966e-01 1.872159019839344241e-01 -5.341931246208700412e-02 -2.705624248712058533e-01 -1.565107576083135388e-01 -4.685241311290210681e-02 1.613541614653254130e-01 2.080055276103827122e-01 -6.688373174647635824e-03 1.002989178705171319e-01 -2.294253065291409210e-01 -8.315189433731152990e-02 1.168975330745519346e-03 -9.677111940678977120e-02 3.011846781714793558e-02 2.036776413668591190e-01 1.917710109438842125e-01 -1.145780382948386578e+00 5.917178427926710338e-01 7.273207996988659829e+00 6.026604982323828796e-01 -1.191923215790746227e+00 2.410720874561475269e-01 -3.194237872407688084e-01 -4.179244040255385845e-02 1.770633556151378907e-01 4.715380084938994854e-01 1.219912869391993060e-01 2.081336786641525827e-01 -2.117067861056118883e-01 -3.199126057219854324e-01 1.471612961210364556e-01 2.380719082380759188e-01 -2.060066633861508956e-01 -1.114262943191725447e-01
-1.937195842657368772e-01 1.708266494790191548e-01 -3.092566106570820289e-02 1.745221419465505311e-02 7.316694218530815641e-02 -3.049935122439826896e-01 -3.340549976294803214e-01 9.055616342062097757e-02 2.726792432029896962e-01 -1.988201427092664564e-01 -1.753959604852804721e-02 1.279171633799878194e-01 8.647377465944633412e-02 5.073938918095407535e-01 1.273082187275573207e-01 -2.756700403252642095e-01 -1.772202675002259309e-01 -5.893315445401217101e-01 -5.547526704763038746e-02 1.735197131516297633e-02 -5.056385160152761932e-02 -5.196172655426929687e-02 2.203730317264648297e-01 -1.333414583814136911e+00 6.026604982323828796e-01 7.229726514122882364e+00 5.229322778551254158e-01 -1.263336930822727799e+00 -2.925366087156133776e-01 -2.596290432087131408e-02 1.853777299144756252e-01 2.700211398798673668e-01 -2.610317885000006943e-01 -1.826727733343399829e-01 1.864063106385950852e-01 3.235455724451586912e-01 1.248325867234599670e-03 1.842440037621718707e-01 1.876834163404472455e-01 -3.475994777942234548e-01
-3.451894797281664928e-01 -1.332139454122178435e-01 4.171616096140663699e-02 1.790592026587119467e-01 -6.833758327804882737e-02 -8.036001946195325818e-02 -1.649132472794150317e-01 -3.620688546415314346e-01 3.439801361918112255e-01 1.939204093287442976e-02 2.301052121233697068e-01 -4.140591936843393550e-02 -3.293782692531704859e-01 3.805747814496896475e-01 -9.909715503165046624e-02 -3.011688498487089527e-01 -7.496091932769943789e-02 4.334073537340880911e-02 3.206793287903507428e-02 -1.345941968999940230e-01 -2.265055580504559962e-01 3.576261175643212498e-02 -7.224465127613330373e-02 -3.520808140305352052e-01 -1.191923215790746227e+00 5.229322778551254158e-01 7.181479171442808784e+00 9.472868866530806953e-01 -1.593270344702260033e+00 2.482110237437527567e-01 2.506227750477394989e-01 2.199541615289004326e-01 -2.578909321299946988e-01 2.393009210316135726e-01 1.712061103416838426e-02 -8.855249380040469687e-02 8.558428713506849306e-02 7.041288172414048030e-02 9.264890151066194901e-02 -2.722141222517612466e-02
-3.357139817470199405e-01 7.854560101198157507e-02 -8.556501333030812340e-02 -1.436600172190339308e-01 2.010429639068930796e-01 3.330670852112122687e-02 -1.668448160817070647e-01 5.800287648450860173e-02 -2.754247438980388929e-01 -4.096777892537361437e-02 7.398855252628522283e-02 1.459907054084452205e-01 -1.671410803544130519e-01 -8.263954836031565943e-02 2.929300825332296077e-01 2.128168932007459824e-01 -3.986178013949986942e-02 2.624232546297980972e-01 3.973119892193335834e-02 -7.749836353866686178e-02 -6.282288332044635992e-02 -4.755427054664328884e-02 -1.702355012853021821e-01 5.739710570704387171e-02 2.410720874561475269e-01 -1.263336930822727799e+00 9.472868866530806953e-01 6.923777140564078891e+00 -2.758670320943469242e-03 -1.539526210766446024e+00 -1.331023964597898880e-02 2.162243438638486170e-01 3.594667015375705432e-01 2.484341965438667810e-01 -5.020365143282212728e-01 -1.385773888848806368e-01 1.891387218653063917e-01 1.064109653648743353e-03 -1.640140961122454333e-01 2.114477754376113405e-01
-6.782660258801131992e-02 1.957871852363084475e-01 -1.694871017041037486e-01 -8.107834329192280254e-02 1.425842174847373744e-01 -3.697546464174773506e-01 -7.597394973701221410e-02 3.905968758302015287e-01 1.914182015458510831e-04 3.820095918511982186e-02 -2.710495392520496927e-02 -1.146620226066414616e-01 2.641245499341193792e-01 -8.898444885535358728e-02 8.366869027524860558e-02 3.985436452090023729e-01 -1.768744830460680928e-01 -7.843986285622378887e-03 1.256987260012026320e-01 -1.434585783822987237e-01 -8.581705570762470509e-03 -1.698670827520518400e-01 4.600777438864353530e-02 3.543508712713193676e-01 -3.194237872407688084e-01 -2.925366087156133776e-01 -1.593270344702260033e+00 -2.758670320943469242e-03 7.386491249495484190e+00 5.782090512851022490e-01 -1.445558192833519051e+00 1.387826128477348542e-01 -1.842736096157889664e-02 1.510374443058973004e-01 4.609966343565120167e-02 3.367722102766565473e-02 -2.542768757104786337e-01 -1.636362672600984169e-01 1.481907197823888189e-02 1.774544319353772992e-01
5.697547798902674598e-01 4.353709165038075618e-02 -3.207883130824102924e-01 1.110064081710004646e-01 -2.226546872332956228e-01 -1.301023953221129049e-02 7.399704889409712549e-02 -4.636938975268713875e-02 -2.100585967810483512e-01 8.925407890977669900e-02 -1.036143896463537079e-01 -4.204021118298302273e-01 -2.489374278186075595e-01 -3.932590294772825984e-02 7.852697306013813050e-02 7.770603413776785984e-02 1.072392617851801039e-01 2.769399375858652701e-01 -2.845325190888265410e-01 -1.118197720674917600e-01 4.014558641135910211e-01 -3.572907077257578834e-01 1.574994266604531068e-01 -1.806631145720382081e-01 -4.179244040255385845e-02 -2.596290432087131408e-02 2.482110237437527567e-01 -1.539526210766446024e+00 5.782090512851022490e-01 7.076330960899071876e+00 9.172545055145527870e-01 -5.864843008028065574e-01 -8.185783289207033686e-01 2.098950400972537933e-02 3.310747004085197176e-01 -1.348249552448005373e-02 8.838309779809840755e-03 1.697607386838113075e-01 2.160235397953020331e-01 -2.123916033989720065e-01
-1.254724963789633496e-01 -1.205726621104211138e-01 1.024476732161842124e-01 2.073871305099330709e-01 -6.736090960307994716e-03 2.120059399904781483e-01 1.206366988874106594e-01 2.928769292994653356e-02 5.872780307451464649e-02 2.032855844806624387e-02 2.399782529878420334e-01 -1.223058935414943899e-01 -4.093125179148931481e-01 -4.203124123372832532e-02 5.584233299178073540e-02 -6.016217124682070594e-01 -8.095987413988169068e-02 1.252448863370763943e-01 5.902699998914241047e-02 1.284350241676376625e-01 3.801020867298703781e-02 1.674843852106281672e-01 -1.283238000049128358e-01 -8.389155650131621678e-02 1.770633556151378907e-01 1.853777299144756252e-01 2.506227750477394989e-01 -1.331023964597898880e-02 -1.445558192833519051e+00 9.172545055145527870e-01 6.869073456396685984e+00 6.556410752086242466e-01 -1.663164524831689972e+00 -1.747879146709229725e-01 9.891762467488213195e-02 -9.474701723861141123e-02 -2.189906611685065729e-01 -2.690346267045025108e-01 3.020940134792307052e-01 -1.245596687842086686e-01
-2.392402599290987808e-01 -2.952951089694572651e-01 2.372441747689042202e-01 -1.689235542892501274e-01 -3.388768125131879638e-01 2.735733786321262739e-01 -6.834787873282142934e-02 -2.162429502478512566e-01 1.711201751676177385e-01 1.966158171851842551e-01 1.385662016873542290e-01 4.976781976032994444e-03 -2.288547195916589283e-01 -2.452314148383906434e-01 1.494331063996443831e-01 6.705542893385144088e-02 -1.136797364459724707e-01 -1.294989668603221122e-01 1.967544996278748973e-02 -1.611033470114621446e-01 1.733239444939359553e-01 2.167399484601911508e-01 -9.357898348643639563e-02 5.501178804578273594e-03 4.715380084938994854e-01 2.700211398798673668e-01 2.199541615289004326e-01 2.162243438638486170e-01 1.387826128477348542e-01 -5.864843008028065574e-01 6.556410752086242466e-01 7.136879883871555030e+00 4.154602929403427014e-01 -1.405651146088693126e+00 -7.751433515739933333e-02 -2.616499992432593791e-01 -3.515314659279055731e-01 -1.774504242780131635e-01 1.112114716345158488e-01 1.711080200424321407e-01
-1.621642483417950475e-01 4.303057776654729133e-02 2.484079005009807439e-01 -3.248035435715497798e-01 -8.530474655021361152e-02 5.242322614440658030e-02 -3.437732145383986526e-01 -2.696603058709191036e-01 -9.336347265258050643e-02 5.948787343249691689e-02 -5.540963288154963085e-01 4.530505203284301841e-02 -2.011866739478572197e-01 1.470400595022760548e-01 3.214954473448978223e-01 3.193826778453207060e-01 2.521051851204109129e-02 -1.141053159299989161e-03 1.936513352388716525e-01 1.225614933902912373e-01 -4.579927896112843677e-01 -2.140094503423099759e-01 2.618646792614350294e-01 -7.881424327707164945e-02 1.219912869391993060e-01 -2.610317885000006943e-01 -2.578909321299946988e-01 3.594667015375705432e-01 -1.842736096157889664e-02 -8.185783289207033686e-01 -1.663164524831689972e+00 4.154602929403427014e-01 8.018277988627374953e+00 1.275655580605376871e+00 -1.545568774144207014e+00 -5.007535696056221175e-01 3.315940010992783349e-01 -2.269724971311689321e-01 -4.096496232125710901e-01 -1.140367381514828665e-01
-1.658490641554145606e-01 -5.906809748261715454e-02 -7.254500815298778327e-02 2.257147020831491435e-01 8.386334063144923467e-02 1.350260205350866105e-01 -3.328563195324344415e-01 -2.727244784752629325e-01 -4.281378330925587894e-02 2.046900483021949213e-01 7.561150616717710049e-02 -1.442405883599242045e-01 -1.690566944503787972e-01 -1.458030574981805383e-01 2.879135509422242056e-01 2.384417350774334365e-01 -1.252984662819102979e-01 -3.612772530923244463e-01 -1.521991626108088747e-01 -5.045339603873971734e-02 -1.329909080529802778e-01 -2.254177623610555126e-01 1.062619190914763506e-01 -3.418862461880585457e-02 2.081336786641525827e-01 -1.826727733343399829e-01 2.393009210316135726e-01 2.484341965438667810e-01 1.510374443058973004e-01 2.098950400972537933e-02 -1.747879146709229725e-01 -1.405651146088693126e+00 1.275655580605376871e+00 7.301471283464054274e+00 3.567200026281086567e-01 -1.838186574564841136e+00 4.854713782407604206e-01 2.157958200250159053e-01 -1.118754871964121600e-01 2.666343871746475469e-01
1.217987398048834824e-01 2.023458216953325783e-01 -9.770497279981360528e-02 -1.558871665881382887e-02 -8.984719630391452272e-02 7.316791827007064486e-02 -1.650320447679169134e-01 8.600998913077620434e-02 3.831623512310516344e-01 -2.848751226286795613e-02 1.098597700302205021e-01 -3.899162111963713068e-02 2.599200866609924568e-02 2.839474232373812024e-01 -1.498577793051960039e-01 -3.633889599695380168e-01 -1.153461907915321605e-01 -1.680477309660170504e-01 -1.713447376195881000e-01 1.923828696046614439e-01 3.592505489600384960e-01 1.375307039306681023e-01 1.918652590743145647e-01 -4.310303021276785246e-02 -2.117067861056118883e-01 1.864063106385950852e-01 1.712061103416838426e-02 -5.020365143282212728e-01 4.609966343565120167e-02 3.310747004085197176e-01 9.891762467488213195e-02 -7.751433515739933333e-02 -1.545568774144207014e+00 3.567200026281086567e-01 7.582067122654493119e+00 7.728614425703703716e-01 -1.150805013478910732e+00 -1.995186381336509218e-01 -4.054384790424759438e-02 2.691765829328411908e-01
2.211636128305296267e-01 1.424613220387602186e-01 1.634960828361277721e-02 2.418848988520235638e-02 -2.306877970200091332e-01 -8.579480126977534482e-02 -9.647178087041589911e-02 3.806202258058914434e-01 3.959006234751243913e-01 -2.310480371246233233e-02 -2.335121731255752620e-01 2.037317632906391618e-01 3.012780970182832307e-01 1.416952340854812920e-01 -3.052189602297547544e-01 1.729853647633246005e-01 3.653277116686817760e-01 -9.442374413475382311e-02 1.711377995681380992e-01 1.871561828143885331e-01 6.011399511797946987e-02 2.505389564500042424e-02 -3.390613068366988836e-01 -7.670662241661961589e-02 -3.199126057219854324e-01 3.235455724451586912e-01 -8.855249380040469687e-02 -1.385773888848806368e-01 3.367722102766565473e-02 -1.348249552448005373e-02 -9.474701723861141123e-02 -2.616499992432593791e-01 -5.007535696056221175e-01 -1.838186574564841136e+00 7.728614425703703716e-01 6.800440295076609409e+00 2.380009800344903559e-01 -7.509439130375130667e-01 -1.444248379090677104e-01 -1.301458902318695376e-01
3.183341860860561343e-03 -2.716105789704532647e-01 -2.139705188822288162e-01 -4.480569524329652831e-02 2.721457756499557901e-01 -1.177145908351961458e-02 -1.940873332325823986e-01 -3.419484353171769464e-01 5.476642484598152200e-02 1.873504083091231259e-02 -2.695781300245444490e-01 -2.468006115317772642e-01 -2.227042241112970611e-01 -1.678974307065148885e-01 5.513229298265078654e-02 2.115865871580464574e-01 -1.446403953480968341e-01 6.429588931985155686e-02 1.972456846539494546e-01 1.389924387328951294e-01 4.717823233702505420e-02 -6.018962148503786622e-03 -1.920096221245949641e-01 6.253448271089870336e-02 1.471612961210364556e-01 1.248325867234599670e-03 8.558428713506849306e-02 1.891387218653063917e-01 -2.542768757104786337e-01 8.838309779809840755e-03 -2.189906611685065729e-01 -3.515314659279055731e-01 3.315940010992783349e-01 4.854713782407604206e-01 -1.150805013478910732e+00 2.380009800344903559e-01 6.645698242863697480e+00 8.931801034651331017e-01 -1.502395747475474996e+00 9.875957208273038190e-02
2.554149233663531929e-02 1.241316355749193107e-01 3.053704292933726028e-01 -9.696879050867232563e-02 -7.774322038830946448e-03 -3.490793801906514476e-02 4.114943113290242538e-01 2.112572161342478050e-01 -2.009334775473642087e-01 2.063907014163382236e-01 1.585533066838821711e-02 1.617908363209826991e-02 -2.971372117330682849e-01 -2.517178153711890909e-01 -2.483478063446275252e-01 2.699169707636909013e-02 9.590772151452103822e-02 -1.443435432315635647e-01 -1.580473125308200777e-01 -1.423336559388868605e-02 3.492404253481198872e-02 -2.193740712102974499e-01 -2.464660556245735212e-01 1.491025663870780560e-01 2.380719082380759188e-01 1.842440037621718707e-01 7.041288172414048030e-02 1.064109653648743353e-03 -1.636362672600984169e-01 1.697607386838113075e-01 -2.690346267045025108e-01 -1.774504242780131635e-01 -2.269724971311689321e-01 2.157958200250159053e-01 -1.995186381336509218e-01 -7.509439130375130667e-01 8.931801034651331017e-01 7.133932809719548018e+00 1.899807568624406195e-01 -1.922158873969625148e+00
-1.234713041473562978e+00 -5.124842481105001957e-01 -5.824155171764821247e-03 3.500237118235544620e-01 -1.570666582575405146e-01 -1.630961670406250730e-01 1.926563922296792852e-01 1.181761098230164342e-01 -3.354412940480687721e-01 -1.271443081373397621e-01 -5.355069771661432297e-03 1.801915518552606732e-01 3.217870681942408551e-01 4.068857615485600432e-01 3.690423844799456399e-01 -1.229215099824659818e-01 -2.473046361713791136e-02 -1.376777069135650955e-01 -1.088619819016308915e-01 5.646790790373182323e-02 3.607855948757706654e-01 5.898978170310303915e-02 -1.346247974210273979e-01 -1.489559747775738852e-01 -2.060066633861508956e-01 1.876834163404472455e-01 9.264890151066194901e-02 -1.640140961122454333e-01 1.481907197823888189e-02 2.160235397953020331e-01 3.020940134792307052e-01 1.112114716345158488e-01 -4.096496232125710901e-01 -1.118754871964121600e-01 -4.054384790424759438e-02 -1.444248379090677104e-01 -1.502395747475474996e+00 1.899807568624406195e-01 7.745062417488088435e+00 4.466849649176123371e-01
