1.062503819041500464e+01 6.786020649527432225e-01 -1.959859642976833127e+00 -1.214297058971187004e+00 3.553483681405163463e-01 4.605146106591081478e-01 3.576940015759757507e-01 -5.757720529081213900e-01 -4.378934245842452944e-01 -4.968864725991558040e-01 -6.547512131138081282e-01 -3.745753611782355608e-02 3.172978869897321585e-01 4.213388882391133627e-02 -3.676631621904590252e-01 -3.322521535826264416e-01 -6.535615569876245257e-01 1.661741131826932893e-01 1.241749072846791702e+00 1.098356509642718581e+00 3.256253581694943389e-01 -5.587879097337062895e-01 -4.363156250617977183e-01 4.289490941330302565e-02 3.807618444837373994e-01 4.625015421741527355e-01 -1.124741328830799691e+00 4.147188716911506812e-01 1.626568971931445506e-01 5.790549797545544441e-01 -2.764131875630747026e-01 -8.641768317594920035e-01 -6.337668300695016299e-01 1.282076911996935242e-01 1.532306314491652666e+00 -2.156405936889887187e-01 -5.985592021298408172e-01 -1.404564700482733297e+00 -2.404056416237877247e+00 5.243311472160202408e-02
6.786020649527432225e-01 1.009665694344573872e+01 4.535357708461818516e-01 -1.962162804748425637e+00 -1.778216510523140892e+00 2.608101025531016082e-01 1.310921951917988881e+00 6.372013031695796803e-01 -1.216593830423595257e+00 -4.885804489070567080e-01 3.359289987229140961e-01 7.307027090485685994e-01 2.559347686593528848e-01 -4.057767657157269614e-01 -4.184862614545943327e-01 -2.526005042625090180e-02 4.229422431140942296e-01 -7.495633197208367848e-01 -3.951401179593375113e-01 3.426327830159061061e-01 1.062013962427660330e+00 3.089531100562969423e-01 -1.713008391668627006e-01 -2.202767518087002663e-01 -4.837609527592921510e-01 3.026028244097829778e-01 5.600244559852633752e-02 4.104576174632193486e-02 8.190459007681068215e-02 -5.587720228503582909e-02 3.068361709371584256e-01 1.635672079306501464e-02 -5.358483108778189230e-02 -8.526850545027296890e-01 -6.213947705603004718e-02 3.849653211620551740e-01 3.529113372239816027e-01 -3.483305517566273046e-01 -1.882063611310883289e+00 -1.856326502966759495e+00
-1.959859642976833127e+00 4.535357708461818516e-01 9.038422763131345405e+00 -2.178742276740036621e-01 -2.760545991762415330e+00 -2.573343431049121000e-01 -2.261080153158089856e-01 2.293859765481544299e-01 -4.428400027764748947e-01 1.507661760521484262e-01 -5.890771917699250300e-03 4.534021216815231625e-01 -3.653175905130372908e-02 1.990320890393157058e-02 2.091627103081635797e-01 -6.500519369859509948e-03 -2.129079231378343262e-01 -2.940045733400772909e-01 -4.007338505863220490e-01 -8.517485757967183657e-01 -1.239977515093936694e-01 1.152474562441803130e+00 -4.608985042637463170e-02 1.806934378646421480e-01 -4.358578654287807996e-01 5.337139917597374938e-02 1.274394601733232824e+00 -7.929423772060989473e-01 -3.184681178878909225e-02 -1.071456733642651427e-01 2.984501810636643881e-01 4.303584407505618992e-01 -1.518626756423406554e-01 -2.476681847761793287e-01 -4.432697288645677247e-01 3.811232951375027045e-01 2.129639118066455339e-01 1.028490137078997835e+00 -5.032257894096132667e-01 -6.632395572706073494e-01
-1.214297058971187004e+00 -1.962162804748425637e+00 -2.178742276740036621e-01 8.924081879213611401e+00 1.228037069390750108e-01 -1.907236557434585089e+00 -1.074427730531696490e+00 5.946551616024124964e-01 8.983751258951081509e-01 -2.796091800825095675e-01 -5.445757074882263682e-01 8.818534902941908005e-01 -2.034378493558716139e-01 -1.680426171698692073e-01 -2.227857384106929003e-02 -1.210920285985752770e-01 -3.311089671633204445e-01 3.149722306524732618e-01 -3.722567149875104509e-01 3.260127941739800195e-02 -5.250549319769314272e-01 1.230808197532358428e-01 2.284133297991022271e-01 6.617598140860748712e-01 2.748676474907134626e-01 -5.068541518843638211e-02 4.218819407816212230e-01 8.760408174174286744e-01 2.040969968423316794e-01 -1.346613183093235133e-01 1.960245227728257128e-02 3.831219713588816522e-01 4.666071888678882673e-01 5.610879901084739885e-01 -5.695207345083922457e-01 -9.607558337306887353e-01 4.676138842279870672e-02 7.006537513764323766e-01 1.022823259349756819e+00 -3.542330397523011931e-01
3.553483681405163463e-01 -1.778216510523140892e+00 -2.760545991762415330e+00 1.228037069390750108e-01 1.013706505787318157e+01 5.683075388111643589e-01 -1.183254766390137602e+00 -1.996801141388609757e+00 2.024194965562598203e-01 5.208272232847552807e-01 -2.645346084546733589e-01 -6.826990312609211298e-01 3.983340732838635545e-01 7.561850479000929992e-01 6.549456287805092980e-02 1.888317039199615133e-01 -8.430582003842376215e-01 -6.517842632738241049e-02 2.425341618691987944e-01 7.206489759732559452e-01 -4.941339895811245470e-02 -9.628640720493220062e-01 -8.327320201281193102e-01 3.397999660805604005e-01 3.923157869235361916e-01 -5.034962267158897831e-01 -1.022788639473384054e+00 5.799634702000486947e-02 3.916891278808092292e-01 4.245876691817063175e-01 -4.288945239757830930e-01 -2.572747251815593050e-01 4.740519892309004168e-01 6.978364035129438481e-01 -3.333417294884665760e-01 -1.943136630521402897e-01 -2.389802618960967517e-01 4.957946560608827123e-03 3.751686911036431482e-01 8.795946870258155581e-01
4.605146106591081478e-01 2.608101025531016082e-01 -2.573343431049121000e-01 -1.907236557434585089e+00 5.683075388111643589e-01 9.053416053305440414e+00 1.017152580919981952e+00 -2.208244239896961947e+00 -9.015580629808712665e-01 -8.679185040084902436e-01 7.193021530569020106e-02 -5.214286088079685966e-01 -2.460243169757846127e-01 1.987267304626430531e-01 1.845983925133152376e-02 -5.060022588329011334e-02 2.684520264927737002e-02 2.827461244444639393e-02 -2.397771999342410143e-01 4.110244464959632305e-02 3.038885461991033266e-01 3.123009696198060792e-01 -2.594678886160318720e-01 1.997777940959145626e-01 -4.974711003046419777e-02 5.280137260617693284e-01 -1.123478319772525769e+00 -4.107056303765088678e-01 7.689027414159632645e-02 -3.384404654820882263e-01 -2.389392707795093274e-02 -3.215592565793198299e-01 -6.978053033680809980e-01 8.375743756631781611e-01 1.188026906949613659e+00 -4.410459074062564322e-01 5.078835828647377815e-01 -1.568124062176930733e-01 -2.225175778660677395e-01 2.360053626953679817e-01
3.576940015759757507e-01 1.310921951917988881e+00 -2.261080153158089856e-01 -1.074427730531696490e+00 -1.183254766390137602e+00 1.017152580919981952e+00 9.573481901238627856e+00 4.632137494865560812e-01 -3.138885199702809548e+00 -7.090877390498108168e-01 8.598820382025473830e-01 4.603980717471348738e-01 -7.754543397737183597e-01 -5.239550742346955614e-01 -2.091122793009838610e-01 3.512846198463072667e-01 3.587379466035532372e-01 -1.932385593238173174e-02 -5.970564736087182744e-01 -3.231997967011243644e-01 -3.890621060645327867e-01 9.201072588602059454e-01 3.380198733652420851e-01 2.363141718640366859e-02 1.728837574871958938e-01 4.621266061528335189e-01 1.311551234455121395e-01 -1.109880618265058488e-01 1.021993567343065235e-01 -4.378461454283760768e-01 1.830279223707911573e-01 1.233537086315067942e-02 -4.144439625197326449e-01 2.062183080532194179e-01 6.304028661686944535e-01 -9.638877533461667202e-01 -8.867854674546178997e-03 2.455606747126284906e-02 -1.955653699599212147e-01 -5.654275164242321683e-01
-5.757720529081213900e-01 6.372013031695796803e-01 2.293859765481544299e-01 5.946551616024124964e-01 -1.996801141388609757e+00 -2.208244239896961947e+00 4.632137494865560812e-01 1.316178831599352606e+01 1.407797734309472082e+00 -2.106457184513158776e+00 -1.681407060930424802e+00 -4.785538296190215979e-01 1.017922970834734597e+00 1.409246227632268977e-01 -6.066489398608790884e-01 -9.693061110213851972e-01 7.661627034757618748e-01 1.111036593111059401e-01 -1.253064012652374895e-02 -9.722433448160235914e-01 -2.721671978357362853e-01 1.226697635955468074e-01 8.174049721924594447e-01 3.885662163939775926e-01 -5.070918841768365937e-01 -5.809859929958818281e-01 -6.159733715186258701e-02 9.463714216770016119e-01 6.783749330856336628e-03 1.640010921886168038e-01 3.759719536043983068e-02 9.466216639826048607e-02 3.751973357896511499e-03 1.008042122948162589e-01 -3.001039754310873553e-01 8.254093609198882853e-02 -1.232865698651116615e+00 -1.170572870132017065e-02 8.056653298238285188e-02 -7.063617422626390363e-01
-4.378934245842452944e-01 -1.216593830423595257e+00 -4.428400027764748947e-01 8.983751258951081509e-01 2.024194965562598203e-01 -9.015580629808712665e-01 -3.138885199702809548e+00 1.407797734309472082e+00 1.255995195017397137e+01 2.799115930387771622e-01 -1.902972598880543487e+00 -1.813412279238996616e+00 1.866658917570596932e-01 1.252276539129489663e+00 1.634829577359783181e-01 -9.114685282408762079e-01 -2.649458025256964389e-01 4.590767636878871905e-01 2.422066806121401517e-01 1.880768142687095912e-01 -7.111769754692172096e-01 -3.557157166018950489e-01 8.304886750242870264e-01 4.905731263263931607e-01 -3.923951802335486072e-02 -2.439528382274823437e-01 4.117080827437944457e-01 2.253853681376006279e-01 -2.115072245794099026e-01 5.612148676274900660e-01 -2.496139035275528328e-01 5.327977986579466307e-01 -3.846359165619605558e-01 -5.849454686332509201e-01 2.030863690492587248e-01 4.634583446729649281e-01 -1.546470904376328059e-01 -2.406509742338649172e-01 -5.014661380758100861e-01 -5.257143727175950243e-01
-4.968864725991558040e-01 -4.885804489070567080e-01 1.507661760521484262e-01 -2.796091800825095675e-01 5.208272232847552807e-01 -8.679185040084902436e-01 -7.090877390498108168e-01 -2.106457184513158776e+00 2.799115930387771622e-01 1.085872669587300088e+01 4.844217186548681053e-01 -2.370326122347079512e+00 -1.056642183008948965e+00 -1.381519757521770808e-01 7.483026591153871809e-01 1.040440641706159131e+00 2.006448551052481266e-01 -4.561982646290148602e-01 -2.451451619258118372e-02 -2.346817685717337010e-01 7.621555790829194488e-02 4.366735620034503107e-01 2.870808428908762366e-02 6.931564624775873873e-02 -3.138322863961669484e-01 -3.860928337358520146e-01 -1.357569572044307893e-01 -1.754647331752499095e-01 5.054319653696387471e-01 -2.483197841001957007e-01 -1.781914911926976361e-02 -2.241677350490902942e-01 6.967291499059909132e-02 -7.341224034390700925e-01 -4.546946704008432150e-01 1.405525520608026657e-01 8.695074846722653517e-01 8.904691582241983649e-01 3.527984654558258826e-01 -5.110204988365425471e-01
-6.547512131138081282e-01 3.359289987229140961e-01 -5.890771917699250300e-03 -5.445757074882263682e-01 -2.645346084546733589e-01 7.193021530569020106e-02 8.598820382025473830e-01 -1.681407060930424802e+00 -1.902972598880543487e+00 4.844217186548681053e-01 1.265324955614123859e+01 8.802385135077308576e-01 -2.589326836984201741e+00 -2.821193783588785031e+00 -6.789159969331273747e-02 8.495673988061056559e-01 6.337403456437372407e-02 -9.543856915721500578e-02 2.885422066742649450e-01 5.875062403232239605e-01 -2.715333535095631468e-01 -5.852776361455808152e-02 -1.057303126529580417e-01 -1.964822056555709795e-01 1.121865896000342699e+00 -3.682776887048952452e-01 -4.302184840656363973e-01 6.587132291476825996e-01 -9.473603353134540939e-01 -5.423993593396875257e-01 1.038937697048469611e+00 2.020554985514082247e-02 2.109220326927607192e-01 -3.561046018081055475e-01 -5.168298505012882682e-01 1.609410745330498715e-01 -4.213162916097781124e-02 5.674350796949947373e-01 2.782794258193762027e-01 2.801128409404107233e-01
-3.745753611782355608e-02 7.307027090485685994e-01 4.534021216815231625e-01 8.818534902941908005e-01 -6.826990312609211298e-01 -5.214286088079685966e-01 4.603980717471348738e-01 -4.785538296190215979e-01 -1.813412279238996616e+00 -2.370326122347079512e+00 8.802385135077308576e-01 1.007396579061420994e+01 8.893992234895583548e-01 -2.444532676369729263e+00 -7.997166948327629754e-01 1.178642323657684010e-01 -7.922061287851113465e-02 7.563785290092020497e-02 -3.467196265140946587e-01 -4.048376041997867048e-02 -5.888414239326343891e-01 7.020878066241703630e-01 -1.611541724423967703e-01 -1.103708721566401957e-01 -6.035185805371859891e-01 5.474127293688881846e-01 6.461524882071186804e-01 5.374173587658156448e-01 -3.327624833614787336e-01 -8.877481589260229899e-01 2.008170401405570682e-02 3.645420241897702196e-01 7.555984342371468987e-01 6.146286712583068912e-01 2.536228616633070532e-01 -1.349260901566744941e+00 -4.874673067262628723e-01 3.993789444204209893e-01 1.970795623501356893e-03 -6.430661427520106832e-01
3.172978869897321585e-01 2.559347686593528848e-01 -3.653175905130372908e-02 -2.034378493558716139e-01 3.983340732838635545e-01 -2.460243169757846127e-01 -7.754543397737183597e-01 1.017922970834734597e+00 1.866658917570596932e-01 -1.056642183008948965e+00 -2.589326836984201741e+00 8.893992234895583548e-01 1.209396290272460384e+01 1.310507749517347387e+00 -2.821599571873688372e+00 -9.755413000449608685e-01 -2.450185999301933981e-01 3.162493580799595749e-01 1.870922313520206604e-01 -5.147204940623419933e-01 -6.574405464256505294e-01 -7.910724155810175962e-01 -4.682962152784311827e-01 -3.623846495314825278e-01 -1.026384450925116043e-01 2.649147483198374675e-01 -9.012822841525213180e-01 -3.710877352957980269e-01 1.124535713502356371e+00 -9.167028138936518522e-02 -5.615414738684796347e-01 -2.192048071270092380e-01 7.455643602726730323e-01 4.592568796319811408e-01 1.080357680436379447e-01 1.783110772164649138e-01 -2.465794776108223285e-01 -1.935069035730582199e-01 1.089230163257112471e-01 2.042601851288383674e-01
4.213388882391133627e-02 -4.057767657157269614e-01 1.990320890393157058e-02 -1.680426171698692073e-01 7.561850479000929992e-01 1.987267304626430531e-01 -5.239550742346955614e-01 1.409246227632268977e-01 1.252276539129489663e+00 -1.381519757521770808e-01 -2.821193783588785031e+00 -2.444532676369729263e+00 1.310507749517347387e+00 1.216611030087993051e+01 2.996097977394823753e-01 -2.420454616647548907e+00 -1.614049332731434472e+00 -2.741624626046180735e-01 1.442073356321189381e+00 -1.892827782429718775e-01 -1.056273765084453808e+00 1.898056153644387956e-01 2.038143809094511982e-01 8.433299588827620763e-01 -2.289409952261060310e-01 -9.297698214172668285e-01 -4.634015860433989831e-01 -6.015439711826993108e-01 1.345879970468022657e+00 5.495621439514190021e-01 -8.534196061811224476e-01 -8.128861404490388409e-01 -7.283892569795416723e-03 -1.292492516349796339e-01 8.993484615815758310e-02 2.208320934550434544e-01 -7.849148241713634067e-02 -5.156606514768055649e-02 -8.023063901297584899e-02 -4.534486035985835772e-01
-3.676631621904590252e-01 -4.184862614545943327e-01 2.091627103081635797e-01 -2.227857384106929003e-02 6.549456287805092980e-02 1.845983925133152376e-02 -2.091122793009838610e-01 -6.066489398608790884e-01 1.634829577359783181e-01 7.483026591153871809e-01 -6.789159969331273747e-02 -7.997166948327629754e-01 -2.821599571873688372e+00 2.996097977394823753e-01 1.014393152077306759e+01 1.094355874015815466e+00 -2.540433379118580692e+00 -1.809098238775357137e+00 4.267636320368850544e-02 1.288458057451562500e+00 6.928831842195325441e-01 -5.986945188979532206e-01 -1.854692983302584919e-01 4.703268173605928970e-01 5.315992549938360900e-01 4.772100565880744716e-01 4.875095698495011259e-02 -1.107077643820270074e+00 -1.026842878541128545e+00 2.369787809198864170e-01 2.447079545655279076e-01 2.102359817162938460e-01 -5.968874293358124028e-01 -2.177720839295156918e-01 5.169556487764830066e-02 6.484047706479104112e-02 4.166348168666175744e-01 2.576521624953058698e-01 -1.689663727497509316e-01 1.561273721548550042e-01
-3.322521535826264416e-01 -2.526005042625090180e-02 -6.500519369859509948e-03 -1.210920285985752770e-01 1.888317039199615133e-01 -5.060022588329011334e-02 3.512846198463072667e-01 -9.693061110213851972e-01 -9.114685282408762079e-01 1.040440641706159131e+00 8.495673988061056559e-01 1.178642323657684010e-01 -9.755413000449608685e-01 -2.420454616647548907e+00 1.094355874015815466e+00 1.042708305143501235e+01 2.381289870916137585e-01 -1.665697532849647278e+00 -8.815615802965726111e-01 -1.942547745637426548e-01 2.438490450504584295e-01 4.303769748851479782e-01 3.358811854578634404e-01 -9.922360155212725519e-02 3.362894166875144558e-02 -2.186242762651595117e-01 -3.311807416187854125e-01 6.950654285973919544e-01 9.078934716552342632e-01 -5.089128756826739597e-01 -4.270429933792831978e-01 2.745543489791538172e-01 4.265013102795721101e-01 -1.597572547674597498e-01 -5.451751423250588147e-01 -4.082390360409710595e-01 4.894065851817105406e-01 4.023277015236499943e-01 5.533778445113353150e-01 -1.427840520558583959e-01
-6.535615569876245257e-01 4.229422431140942296e-01 -2.129079231378343262e-01 -3.311089671633204445e-01 -8.430582003842376215e-01 2.684520264927737002e-02 3.587379466035532372e-01 7.661627034757618748e-01 -2.649458025256964389e-01 2.006448551052481266e-01 6.337403456437372407e-02 -7.922061287851113465e-02 -2.450185999301933981e-01 -1.614049332731434472e+00 -2.540433379118580692e+00 2.381289870916137585e-01 1.005672183984717449e+01 5.844332700000930414e-01 -1.939747897164391111e+00 -1.469580859757946500e+00 -2.173652192727853205e-01 8.514157626837965953e-01 6.070586566563686004e-01 2.277185442340695365e-01 -5.641650558669381033e-01 1.493919839536021754e-01 5.774319866764311415e-01 3.087390633033388898e-01 -5.873791711462195836e-02 -2.224598325207657185e-02 -1.492004005965595903e-01 2.887409139634309896e-01 7.665497272980660581e-02 4.496158251873918488e-01 -4.232244193749228334e-01 4.019822760210719492e-01 1.213849407883460241e-01 2.823889512762660092e-01 9.196842024335337706e-01 3.331680667071996171e-01
1.661741131826932893e-01 -7.495633197208367848e-01 -2.940045733400772909e-01 3.149722306524732618e-01 -6.517842632738241049e-02 2.827461244444639393e-02 -1.932385593238173174e-02 1.111036593111059401e-01 4.590767636878871905e-01 -4.561982646290148602e-01 -9.543856915721500578e-02 7.563785290092020497e-02 3.162493580799595749e-01 -2.741624626046180735e-01 -1.809098238775357137e+00 -1.665697532849647278e+00 5.844332700000930414e-01 9.849822442252639476e+00 9.187157137335136836e-01 -2.105418260314297019e+00 -1.164324782218614684e+00 -8.564879706248370583e-01 7.287637164051470329e-01 4.965852973395354364e-01 -1.208498737498771708e-01 -3.908785117442019619e-01 -1.287729582644275284e-01 -1.787444888838640722e-01 2.963386318243637629e-01 4.349094009384860127e-01 -6.247549406211648781e-01 -2.070989649358166707e-03 -3.246391131236227023e-01 2.567598894504866669e-01 -2.402267910059784906e-01 -1.185177089047679155e+00 -2.718405078814044584e-01 5.319819353106612914e-01 3.782892491114895339e-01 -8.946316406450603720e-02
1.241749072846791702e+00 -3.951401179593375113e-01 -4.007338505863220490e-01 -3.722567149875104509e-01 2.425341618691987944e-01 -2.397771999342410143e-01 -5.970564736087182744e-01 -1.253064012652374895e-02 2.422066806121401517e-01 -2.451451619258118372e-02 2.885422066742649450e-01 -3.467196265140946587e-01 1.870922313520206604e-01 1.442073356321189381e+00 4.267636320368850544e-02 -8.815615802965726111e-01 -1.939747897164391111e+00 9.187157137335136836e-01 9.557756848902114299e+00 3.210010651166033124e-01 -2.268457316379674626e+00 -9.993775232874351211e-01 -5.457149519203445820e-01 3.108244203768669722e-01 1.084085830656169813e+00 -3.778518069658491907e-01 -5.894229196255329484e-01 -3.915878907028259581e-01 -1.994361760674094874e-01 2.319368832336380359e-01 2.850922826688903067e-01 6.086059532489378199e-02 -2.210283359581277363e-01 -7.912337552259923745e-03 4.015810330294823371e-01 2.045677027337400311e-01 -6.262356598912496852e-02 -4.978627624958837372e-01 -3.542388170873628228e-01 8.132999060837521332e-01
1.098356509642718581e+00 3.426327830159061061e-01 -8.517485757967183657e-01 3.260127941739800195e-02 7.206489759732559452e-01 4.110244464959632305e-02 -3.231997967011243644e-01 -9.722433448160235914e-01 1.880768142687095912e-01 -2.346817685717337010e-01 5.875062403232239605e-01 -4.048376041997867048e-02 -5.147204940623419933e-01 -1.892827782429718775e-01 1.288458057451562500e+00 -1.942547745637426548e-01 -1.469580859757946500e+00 -2.105418260314297019e+00 3.210010651166033124e-01 1.022782700967573888e+01 4.780917807584146306e-01 -2.689663220238353691e+00 -1.004280858128699938e+00 -6.902590697372638084e-01 5.308316873042850936e-01 7.714356615171370501e-01 -6.751546051961504480e-01 -8.474609837151156899e-01 -6.266707652916561067e-01 7.705017473147180926e-03 7.079032245717232774e-01 3.302674704687383889e-01 6.723836917169996596e-02 -3.166497092450153983e-01 3.082584213537518103e-01 -1.025941749751570764e-01 3.803744024711625676e-02 -8.186074340347216927e-01 -2.926815452155063779e-01 6.339414154427943648e-01
3.256253581694943389e-01 1.062013962427660330e+00 -1.239977515093936694e-01 -5.250549319769314272e-01 -4.941339895811245470e-02 3.038885461991033266e-01 -3.890621060645327867e-01 -2.721671978357362853e-01 -7.111769754692172096e-01 7.621555790829194488e-02 -2.715333535095631468e-01 -5.888414239326343891e-01 -6.574405464256505294e-01 -1.056273765084453808e+00 6.928831842195325441e-01 2.438490450504584295e-01 -2.173652192727853205e-01 -1.164324782218614684e+00 -2.268457316379674626e+00 4.780917807584146306e-01 1.054591838436201812e+01 3.274791795537962957e-01 -3.063452433166908406e+00 -1.652844403237816673e+00 -9.414046492771373231e-02 7.126126050947312329e-01 2.123549316995544320e-02 -3.821976874008930491e-01 -9.037643907914697516e-01 1.810557093737204803e-01 -2.478424608387428396e-01 -3.597978478922737589e-01 1.218293745103567194e-01 4.028952165998574420e-01 7.000727208670448620e-01 3.679070684896803001e-01 -6.084038820173448547e-01 -9.057399981862441773e-01 -9.515172821343714782e-01 -5.887920799010453177e-01
-5.587879097337062895e-01 3.089531100562969423e-01 1.152474562441803130e+00 1.230808197532358428e-01 -9.628640720493220062e-01 3.123009696198060792e-01 9.201072588602059454e-01 1.226697635955468074e-01 -3.557157166018950489e-01 4.366735620034503107e-01 -5.852776361455808152e-02 7.020878066241703630e-01 -7.910724155810175962e-01 1.898056153644387956e-01 -5.986945188979532206e-01 4.303769748851479782e-01 8.514157626837965953e-01 -8.564879706248370583e-01 -9.993775232874351211e-01 -2.689663220238353691e+00 3.274791795537962957e-01 1.083946700360194981e+01 8.136672975649007489e-01 -2.023682097217211595e+00 -1.260168319462509512e+00 -7.811809505379591068e-01 1.390721385232052354e+00 1.210721634411575875e+00 -4.182841025043532723e-01 -6.266445715740879274e-01 -1.199979799759265803e-01 6.178215934887720806e-02 -5.161786446278626705e-01 -5.529391458305561446e-01 2.008630438055299117e-01 6.907511403096675551e-01 6.941395643364179913e-01 5.303329838303072474e-01 -5.348072864730117892e-01 -7.252671460976782836e-01
-4.363156250617977183e-01 -1.713008391668627006e-01 -4.608985042637463170e-02 2.284133297991022271e-01 -8.327320201281193102e-01 -2.594678886160318720e-01 3.380198733652420851e-01 8.174049721924594447e-01 8.304886750242870264e-01 2.870808428908762366e-02 -1.057303126529580417e-01 -1.611541724423967703e-01 -4.682962152784311827e-01 2.038143809094511982e-01 -1.854692983302584919e-01 3.358811854578634404e-01 6.070586566563686004e-01 7.287637164051470329e-01 -5.457149519203445820e-01 -1.004280858128699938e+00 -3.063452433166908406e+00 8.136672975649007489e-01 1.097489447825562792e+01 3.571801412270065312e-01 -2.659579683330662636e+00 -1.440022857116056265e+00 -3.429312435841547213e-01 1.272182759311607070e+00 3.017866838821660069e-01 -9.751451072560018973e-02 -2.531958818132397648e-01 4.716652113081061248e-01 -3.706177943479310039e-02 1.240229139934971442e-01 1.418485430080891063e-01 -9.006867380411732737e-01 -6.168895117657095806e-02 9.185063275886521383e-01 1.722708128381156278e-01 -3.640185155996082389e-01
4.289490941330302565e-02 -2.202767518087002663e-01 1.806934378646421480e-01 6.617598140860748712e-01 3.397999660805604005e-01 1.997777940959145626e-01 2.363141718640366859e-02 3.885662163939775926e-01 4.905731263263931607e-01 6.931564624775873873e-02 -1.964822056555709795e-01 -1.103708721566401957e-01 -3.623846495314825278e-01 8.433299588827620763e-01 4.703268173605928970e-01 -9.922360155212725519e-02 2.277185442340695365e-01 4.965852973395354364e-01 3.108244203768669722e-01 -6.902590697372638084e-01 -1.652844403237816673e+00 -2.023682097217211595e+00 3.571801412270065312e-01 1.051634156948529331e+01 8.589791893391581779e-01 -2.191188226868234334e+00 -6.543815645371304779e-01 -5.210051441877324718e-01 8.421766851344587579e-01 1.448557373530810766e-01 -4.596105512460433862e-01 3.003804115027541299e-01 6.533894179893263987e-02 4.833009858216094079e-01 5.285154247210861467e-01 -6.241548772960940905e-01 7.684807888647410268e-01 1.558563933360942177e-01 5.349135774587527870e-01 -3.775832081556328990e-01
3.807618444837373994e-01 -4.837609527592921510e-01 -4.358578654287807996e-01 2.748676474907134626e-01 3.923157869235361916e-01 -4.974711003046419777e-02 1.728837574871958938e-01 -5.070918841768365937e-01 -3.923951802335486072e-02 -3.138322863961669484e-01 1.121865896000342699e+00 -6.035185805371859891e-01 -1.026384450925116043e-01 -2.289409952261060310e-01 5.315992549938360900e-01 3.362894166875144558e-02 -5.641650558669381033e-01 -1.208498737498771708e-01 1.084085830656169813e+00 5.308316873042850936e-01 -9.414046492771373231e-02 -1.260168319462509512e+00 -2.659579683330662636e+00 8.589791893391581779e-01 1.028353563010907656e+01 2.240710951866526357e-01 -2.292489892942958019e+00 -1.683824252023698564e+00 -3.986164176994312358e-01 1.241481275065666967e+00 7.437757508462470302e-01 2.830150793170055912e-01 2.285284902577928989e-01 -3.725340422314498690e-01 8.626771986475484377e-02 1.144898076202927606e-01 -3.970313333782031773e-01 3.677405017498900919e-01 2.199865989268225963e-01 -2.280370388276946603e-01
4.625015421741527355e-01 3.026028244097829778e-01 5.337139917597374938e-02 -5.068541518843638211e-02 -5.034962267158897831e-01 5.280137260617693284e-01 4.621266061528335189e-01 -5.809859929958818281e-01 -2.439528382274823437e-01 -3.860928337358520146e-01 -3.682776887048952452e-01 5.474127293688881846e-01 2.649147483198374675e-01 -9.297698214172668285e-01 4.772100565880744716e-01 -2.186242762651595117e-01 1.493919839536021754e-01 -3.908785117442019619e-01 -3.778518069658491907e-01 7.714356615171370501e-01 7.126126050947312329e-01 -7.811809505379591068e-01 -1.440022857116056265e+00 -2.191188226868234334e+00 2.240710951866526357e-01 9.659841002756698103e+00 4.916921279459375849e-01 -2.658382575370534351e+00 -1.159266112173521046e+00 -3.882336088001165919e-01 7.494616348692688668e-01 2.071787567447720413e-01 -5.144950777863100955e-01 9.446074744050779459e-02 -2.549900206198140729e-01 3.951107328757242909e-01 -6.655866828461636242e-01 1.538578615390002180e-01 2.558980857529217223e-01 -5.351214506495911571e-01
-1.124741328830799691e+00 5.600244559852633752e-02 1.274394601733232824e+00 4.218819407816212230e-01 -1.022788639473384054e+00 -1.123478319772525769e+00 1.311551234455121395e-01 -6.159733715186258701e-02 4.117080827437944457e-01 -1.357569572044307893e-01 -4.302184840656363973e-01 6.461524882071186804e-01 -9.012822841525213180e-01 -4.634015860433989831e-01 4.875095698495011259e-02 -3.311807416187854125e-01 5.774319866764311415e-01 -1.287729582644275284e-01 -5.894229196255329484e-01 -6.751546051961504480e-01 2.123549316995544320e-02 1.390721385232052354e+00 -3.429312435841547213e-01 -6.543815645371304779e-01 -2.292489892942958019e+00 4.916921279459375849e-01 1.085158173769873358e+01 1.147249491788320697e+00 -2.727896968903409380e+00 -1.296400342129947703e+00 -9.956681082852610054e-02 1.851860662248185352e-01 1.767217365317070299e-01 -5.707961774931986643e-01 -3.046540797188802552e-01 1.152625640552053243e-01 7.872992705339956210e-01 -2.917232035782226229e-01 3.749070323325259246e-01 5.248460853104541801e-02
4.147188716911506812e-01 4.104576174632193486e-02 -7.929423772060989473e-01 8.760408174174286744e-01 5.799634702000486947e-02 -4.107056303765088678e-01 -1.109880618265058488e-01 9.463714216770016119e-01 2.253853681376006279e-01 -1.754647331752499095e-01 6.587132291476825996e-01 5.374173587658156448e-01 -3.710877352957980269e-01 -6.015439711826993108e-01 -1.107077643820270074e+00 6.950654285973919544e-01 3.087390633033388898e-01 -1.787444888838640722e-01 -3.915878907028259581e-01 -8.474609837151156899e-01 -3.821976874008930491e-01 1.210721634411575875e+00 1.272182759311607070e+00 -5.210051441877324718e-01 -1.683824252023698564e+00 -2.658382575370534351e+00 1.147249491788320697e+00 1.180337947308063029e+01 8.398398447000635647e-01 -2.682930500686421915e+00 -1.060406729271847759e+00 -1.081110171975489531e-01 1.303180158581922266e+00 1.252051653197283065e-01 -3.643392457127841988e-01 -7.759055438811973682e-01 4.880357804282113299e-01 1.068163297910906806e-01 -2.814720244365347956e-01 2.161093683454488601e-01
1.626568971931445506e-01 8.190459007681068215e-02 -3.184681178878909225e-02 2.040969968423316794e-01 3.916891278808092292e-01 7.689027414159632645e-02 1.021993567343065235e-01 6.783749330856336628e-03 -2.115072245794099026e-01 5.054319653696387471e-01 -9.473603353134540939e-01 -3.327624833614787336e-01 1.124535713502356371e+00 1.345879970468022657e+00 -1.026842878541128545e+00 9.078934716552342632e-01 -5.873791711462195836e-02 2.963386318243637629e-01 -1.994361760674094874e-01 -6.266707652916561067e-01 -9.037643907914697516e-01 -4.182841025043532723e-01 3.017866838821660069e-01 8.421766851344587579e-01 -3.986164176994312358e-01 -1.159266112173521046e+00 -2.727896968903409380e+00 8.398398447000635647e-01 1.073402633639284609e+01 2.490449580741021518e-01 -1.829130148899153818e+00 -1.091994863447121267e+00 5.998457216097209388e-01 5.763010197593838591e-01 -6.690601488171639410e-02 -3.329592509512641629e-01 -2.827652191791120775e-02 -3.745669533121987176e-03 8.009461756367566299e-01 1.304471204821401262e-02
5.790549797545544441e-01 -5.587720228503582909e-02 -1.071456733642651427e-01 -1.346613183093235133e-01 4.245876691817063175e-01 -3.384404654820882263e-01 -4.378461454283760768e-01 1.640010921886168038e-01 5.612148676274900660e-01 -2.483197841001957007e-01 -5.423993593396875257e-01 -8.877481589260229899e-01 -9.167028138936518522e-02 5.495621439514190021e-01 2.369787809198864170e-01 -5.089128756826739597e-01 -2.224598325207657185e-02 4.349094009384860127e-01 2.319368832336380359e-01 7.705017473147180926e-03 1.810557093737204803e-01 -6.266445715740879274e-01 -9.751451072560018973e-02 1.448557373530810766e-01 1.241481275065666967e+00 -3.882336088001165919e-01 -1.296400342129947703e+00 -2.682930500686421915e+00 2.490449580741021518e-01 9.888185570928149204e+00 1.392722575932719309e+00 -1.446949218873500698e+00 -2.001188137848803450e+00 8.581191191302890708e-02 1.193475089220280116e+00 5.392576239127175874e-01 -6.152364177033092796e-01 -1.623012660241300309e-01 -1.030326683564563722e-01 -3.239938392016055574e-02
-2.764131875630747026e-01 3.068361709371584256e-01 2.984501810636643881e-01 1.960245227728257128e-02 -4.288945239757830930e-01 -2.389392707795093274e-02 1.830279223707911573e-01 3.759719536043983068e-02 -2.496139035275528328e-01 -1.781914911926976361e-02 1.038937697048469611e+00 2.008170401405570682e-02 -5.615414738684796347e-01 -8.534196061811224476e-01 2.447079545655279076e-01 -4.270429933792831978e-01 -1.492004005965595903e-01 -6.247549406211648781e-01 2.850922826688903067e-01 7.079032245717232774e-01 -2.478424608387428396e-01 -1.199979799759265803e-01 -2.531958818132397648e-01 -4.596105512460433862e-01 7.437757508462470302e-01 7.494616348692688668e-01 -9.956681082852610054e-02 -1.060406729271847759e+00 -1.829130148899153818e+00 1.392722575932719309e+00 8.740553736139872854e+00 4.996518989568644042e-01 -1.933028983977193249e+00 -7.987148736121220116e-01 -2.024638499291409599e-01 8.014394476012496327e-01 -3.360781266772339682e-01 -1.490652003629481803e-01 -1.388257053035105160e-01 4.322736461046041700e-01
-8.641768317594920035e-01 1.635672079306501464e-02 4.303584407505618992e-01 3.831219713588816522e-01 -2.572747251815593050e-01 -3.215592565793198299e-01 1.233537086315067942e-02 9.466216639826048607e-02 5.327977986579466307e-01 -2.241677350490902942e-01 2.020554985514082247e-02 3.645420241897702196e-01 -2.192048071270092380e-01 -8.128861404490388409e-01 2.102359817162938460e-01 2.745543489791538172e-01 2.887409139634309896e-01 -2.070989649358166707e-03 6.086059532489378199e-02 3.302674704687383889e-01 -3.597978478922737589e-01 6.178215934887720806e-02 4.716652113081061248e-01 3.003804115027541299e-01 2.830150793170055912e-01 2.071787567447720413e-01 1.851860662248185352e-01 -1.081110171975489531e-01 -1.091994863447121267e+00 -1.446949218873500698e+00 4.996518989568644042e-01 1.031929058884265160e+01 1.459448547701843180e-01 -2.421432716377133865e+00 -1.176829670212839352e+00 -6.846318647366016474e-01 3.871198381107606168e-01 6.220983236921769910e-01 2.603697438220931581e-01 6.192170044802114415e-02
-6.337668300695016299e-01 -5.358483108778189230e-02 -1.518626756423406554e-01 4.666071888678882673e-01 4.740519892309004168e-01 -6.978053033680809980e-01 -4.144439625197326449e-01 3.751973357896511499e-03 -3.846359165619605558e-01 6.967291499059909132e-02 2.109220326927607192e-01 7.555984342371468987e-01 7.455643602726730323e-01 -7.283892569795416723e-03 -5.968874293358124028e-01 4.265013102795721101e-01 7.665497272980660581e-02 -3.246391131236227023e-01 -2.210283359581277363e-01 6.723836917169996596e-02 1.218293745103567194e-01 -5.161786446278626705e-01 -3.706177943479310039e-02 6.533894179893263987e-02 2.285284902577928989e-01 -5.144950777863100955e-01 1.767217365317070299e-01 1.303180158581922266e+00 5.998457216097209388e-01 -2.001188137848803450e+00 -1.933028983977193249e+00 1.459448547701843180e-01 1.109339225096147707e+01 3.213918879009635132e-01 -2.111657010538979140e+00 -1.218083152381633560e+00 -5.581135455215030690e-03 2.996913716296291108e-01 -5.137089029073242941e-01 -5.287018456109460196e-01
1.282076911996935242e-01 -8.526850545027296890e-01 -2.476681847761793287e-01 5.610879901084739885e-01 6.978364035129438481e-01 8.375743756631781611e-01 2.062183080532194179e-01 1.008042122948162589e-01 -5.849454686332509201e-01 -7.341224034390700925e-01 -3.561046018081055475e-01 6.146286712583068912e-01 4.592568796319811408e-01 -1.292492516349796339e-01 -2.177720839295156918e-01 -1.597572547674597498e-01 4.496158251873918488e-01 2.567598894504866669e-01 -7.912337552259923745e-03 -3.166497092450153983e-01 4.028952165998574420e-01 -5.529391458305561446e-01 1.240229139934971442e-01 4.833009858216094079e-01 -3.725340422314498690e-01 9.446074744050779459e-02 -5.707961774931986643e-01 1.252051653197283065e-01 5.763010197593838591e-01 8.581191191302890708e-02 -7.987148736121220116e-01 -2.421432716377133865e+00 3.213918879009635132e-01 1.061995461147590447e+01 9.863231865750308192e-01 -2.533337197108816774e+00 -1.742356167376296616e-01 -3.218775880057428984e-01 8.455801997145329096e-01 4.693907089239652830e-01
1.532306314491652666e+00 -6.213947705603004718e-02 -4.432697288645677247e-01 -5.695207345083922457e-01 -3.333417294884665760e-01 1.188026906949613659e+00 6.304028661686944535e-01 -3.001039754310873553e-01 2.030863690492587248e-01 -4.546946704008432150e-01 -5.168298505012882682e-01 2.536228616633070532e-01 1.080357680436379447e-01 8.993484615815758310e-02 5.169556487764830066e-02 -5.451751423250588147e-01 -4.232244193749228334e-01 -2.402267910059784906e-01 4.015810330294823371e-01 3.082584213537518103e-01 7.000727208670448620e-01 2.008630438055299117e-01 1.418485430080891063e-01 5.285154247210861467e-01 8.626771986475484377e-02 -2.549900206198140729e-01 -3.046540797188802552e-01 -3.643392457127841988e-01 -6.690601488171639410e-02 1.193475089220280116e+00 -2.024638499291409599e-01 -1.176829670212839352e+00 -2.111657010538979140e+00 9.863231865750308192e-01 1.256201494564458088e+01 7.885163801920718196e-01 -2.803096788241528969e+00 -1.276032675104044944e+00 -7.221120405405285769e-01 6.608093228273458353e-01
-2.156405936889887187e-01 3.849653211620551740e-01 3.811232951375027045e-01 -9.607558337306887353e-01 -1.943136630521402897e-01 -4.410459074062564322e-01 -9.638877533461667202e-01 8.254093609198882853e-02 4.634583446729649281e-01 1.405525520608026657e-01 1.609410745330498715e-01 -1.349260901566744941e+00 1.783110772164649138e-01 2.208320934550434544e-01 6.484047706479104112e-02 -4.082390360409710595e-01 4.019822760210719492e-01 -1.185177089047679155e+00 2.045677027337400311e-01 -1.025941749751570764e-01 3.679070684896803001e-01 6.907511403096675551e-01 -9.006867380411732737e-01 -6.241548772960940905e-01 1.144898076202927606e-01 3.951107328757242909e-01 1.152625640552053243e-01 -7.759055438811973682e-01 -3.329592509512641629e-01 5.392576239127175874e-01 8.014394476012496327e-01 -6.846318647366016474e-01 -1.218083152381633560e+00 -2.533337197108816774e+00 7.885163801920718196e-01 1.114435015940451024e+01 4.392069966161033512e-01 -1.693263991830458393e+00 -1.829416503972263852e+00 -5.379991763072764499e-01
-5.985592021298408172e-01 3.529113372239816027e-01 2.129639118066455339e-01 4.676138842279870672e-02 -2.389802618960967517e-01 5.078835828647377815e-01 -8.867854674546178997e-03 -1.232865698651116615e+00 -1.546470904376328059e-01 8.695074846722653517e-01 -4.213162916097781124e-02 -4.874673067262628723e-01 -2.465794776108223285e-01 -7.849148241713634067e-02 4.166348168666175744e-01 4.894065851817105406e-01 1.213849407883460241e-01 -2.718405078814044584e-01 -6.262356598912496852e-02 3.803744024711625676e-02 -6.084038820173448547e-01 6.941395643364179913e-01 -6.168895117657095806e-02 7.684807888647410268e-01 -3.970313333782031773e-01 -6.655866828461636242e-01 7.872992705339956210e-01 4.880357804282113299e-01 -2.827652191791120775e-02 -6.152364177033092796e-01 -3.360781266772339682e-01 3.871198381107606168e-01 -5.581135455215030690e-03 -1.742356167376296616e-01 -2.803096788241528969e+00 4.392069966161033512e-01 1.053826501441268881e+01 7.592902786635157275e-01 -1.997087857267470623e+00 -2.583189218575367985e-01
-1.404564700482733297e+00 -3.483305517566273046e-01 1.028490137078997835e+00 7.006537513764323766e-01 4.957946560608827123e-03 -1.568124062176930733e-01 2.455606747126284906e-02 -1.170572870132017065e-02 -2.406509742338649172e-01 8.904691582241983649e-01 5.674350796949947373e-01 3.993789444204209893e-01 -1.935069035730582199e-01 -5.156606514768055649e-02 2.576521624953058698e-01 4.023277015236499943e-01 2.823889512762660092e-01 5.319819353106612914e-01 -4.978627624958837372e-01 -8.186074340347216927e-01 -9.057399981862441773e-01 5.303329838303072474e-01 9.185063275886521383e-01 1.558563933360942177e-01 3.677405017498900919e-01 1.538578615390002180e-01 -2.917232035782226229e-01 1.068163297910906806e-01 -3.745669533121987176e-03 -1.623012660241300309e-01 -1.490652003629481803e-01 6.220983236921769910e-01 2.996913716296291108e-01 -3.218775880057428984e-01 -1.276032675104044944e+00 -1.693263991830458393e+00 7.592902786635157275e-01 9.452984245215755976e+00 7.495916655962912012e-01 -2.059965176194854308e+00
-2.404056416237877247e+00 -1.882063611310883289e+00 -5.032257894096132667e-01 1.022823259349756819e+00 3.751686911036431482e-01 -2.225175778660677395e-01 -1.955653699599212147e-01 8.056653298238285188e-02 -5.014661380758100861e-01 3.527984654558258826e-01 2.782794258193762027e-01 1.970795623501356893e-03 1.089230163257112471e-01 -8.023063901297584899e-02 -1.689663727497509316e-01 5.533778445113353150e-01 9.196842024335337706e-01 3.782892491114895339e-01 -3.542388170873628228e-01 -2.926815452155063779e-01 -9.515172821343714782e-01 -5.348072864730117892e-01 1.722708128381156278e-01 5.349135774587527870e-01 2.199865989268225963e-01 2.558980857529217223e-01 3.749070323325259246e-01 -2.814720244365347956e-01 8.009461756367566299e-01 -1.030326683564563722e-01 -1.388257053035105160e-01 2.603697438220931581e-01 -5.137089029073242941e-01 8.455801997145329096e-01 -7.221120405405285769e-01 -1.829416503972263852e+00 -1.997087857267470623e+00 7.495916655962912012e-01 1.016324873017362407e+01 9.050223382453138621e-01
