9.022051107178914009e+00 2.250972350927457344e-01 -1.273653192781297072e+00 -8.987824129279720076e-01 -5.005243598975746000e-01 2.179659723094331258e-01 2.571446936104763714e-01 3.391972754197807860e-01 3.466516437702180098e-01 2.548983970902197194e-01 -3.846714502625787069e-01 -1.406224601261675256e-01 1.798877561620145227e-01 2.667119982814865065e-01 1.654023296331751797e-02 -3.409096478752149939e-01 -2.437742925137350025e-01 -3.398499463593471215e-02 2.003449095254228041e-01 6.614630568742072133e-04 -9.496040602924374352e-02 2.184782002442938464e-01 2.482292549562006012e-01 1.244649764961824057e-01 -6.940044593290531916e-01 -9.132713488679128355e-02 -1.434032920968377478e-01 -2.810692987832481005e-01 -2.361517484902308506e-01 7.106931307856606539e-01 -6.673711379929737897e-02 -1.743780806539366179e-01 -7.731065619820522150e-02 8.190776536008818887e-02 1.842530616602813531e-01 4.947684613215326266e-01 -5.105950974729902558e-01 2.760110827553485802e-01 -1.566667690776283317e+00 6.281901519641967802e-02
2.250972350927457344e-01 8.096623523278704937e+00 7.876580118222228366e-01 -1.963393089138216974e+00 -7.497293838147544021e-01 2.351135886247440743e-01 1.464022966652895053e-01 1.615549744373646068e-01 -3.656056079811046411e-01 -1.056621677915531160e-01 2.454906370054851794e-02 -7.274606287523760484e-02 8.216760709005442587e-02 -3.822169497196749588e-01 -3.676746324135670152e-01 -3.063874921674283325e-01 1.578005305161999661e-01 4.563028352839047785e-02 -8.899402789665646074e-03 1.320908184513324424e-01 6.930715444948867821e-02 -1.986967819623453591e-01 -4.778518645525545866e-02 2.410573196133206433e-02 1.272484272373712068e-02 -1.766263916179434679e-01 6.510614495589141237e-02 -1.945465062541960610e-01 -1.007625587777490755e-01 1.077661505577905410e-01 3.053119706192570781e-01 -1.186652102294779437e-01 -1.348811446764328348e-01 1.228425943049196245e-03 1.062912600437992787e-02 -1.892163461032949634e-01 9.285553146236945332e-02 2.648389754635750992e-01 -1.203787662266603276e+00 -1.920965981701597158e+00
-1.273653192781297072e+00 7.876580118222228366e-01 7.814459099411843468e+00 4.369051853506271677e-01 -2.278786510877738092e+00 8.062346274689778658e-02 -2.287591234751188973e-01 2.409907245282745247e-01 2.572692854496683723e-01 1.678316641797736875e-01 -5.272108234379704328e-01 1.927999504452126422e-01 -3.704147879100989638e-01 1.199442048647152842e-01 1.361793920959110671e-01 1.550918194406226969e-01 1.550184145648423051e-01 -2.232009498810587911e-01 -2.754188610685606720e-01 -2.959712032204041277e-02 -2.763181536127722882e-01 1.141285523389120871e-01 1.595979683454142040e-01 -5.939651445011583791e-02 -1.190986500104366380e-01 8.759889615064185564e-02 2.117680601381508321e-01 -4.136714250248842983e-01 2.220347625794454050e-02 -1.331140565986031581e-02 2.874259103333534626e-01 3.615588266816887469e-02 -3.180114793675984375e-01 1.491635553856264784e-01 3.247244039174010943e-01 -9.228339617264956496e-02 -7.496757246043415923e-02 -1.536994634862553014e-02 5.472202926357112862e-02 -1.195520414009801219e-01
-8.987824129279720076e-01 -1.963393089138216974e+00 4.369051853506271677e-01 7.828298900597424392e+00 3.630853075358738691e-01 -1.273564098880380024e+00 -5.765246147023316281e-01 -6.080315502803387284e-01 1.402216328368879883e-01 -8.055435444576936055e-02 -4.096059964241928197e-01 5.942093799362195838e-01 1.241977381137299719e-01 -1.935475879947980149e-01 -1.096191945435550374e-01 1.959941132446543222e-01 2.834395820931408239e-02 -1.714599100661969855e-01 -4.507269639489081686e-02 -1.708242594880171605e-01 -1.314608412203072119e-01 5.498199479701139092e-01 -4.725534178348120840e-01 -1.940525226998544017e-01 4.305595251876926377e-01 8.068259345389405812e-02 -1.346049322633630085e-01 -3.821561344374547198e-01 -3.306764389564523232e-01 -2.245045257041960174e-01 2.515190524677399786e-01 4.602742625490069406e-01 -5.204670551114005256e-02 4.364562154702076313e-01 3.434072326826745347e-01 -4.399456127127717719e-01 2.771995030222939443e-02 -1.872504401476146052e-01 5.771033865416190789e-01 -2.388199321286668952e-01
-5.005243598975746000e-01 -7.497293838147544021e-01 -2.278786510877738092e+00 3.630853075358738691e-01 8.354232211812995246e+00 1.685849137704887868e-01 -9.292016163214403823e-01 -6.652384694211479488e-01 9.549828112397228119e-02 2.694845186464212561e-01 1.339104538953158896e-01 -4.109679019442924464e-01 1.322444177369771490e-01 1.709828281672815531e-01 1.800103203575259270e-01 -4.738401046725568971e-02 -3.269475305120606023e-01 -2.034314822481418372e-01 1.748399577250199788e-01 1.846833017211689520e-02 -3.567774812763755410e-01 -1.376557437551527430e-02 1.515994645183942890e-01 -9.015077455058069511e-02 -5.767523615759119204e-01 3.423089609605844408e-01 -6.891671969029390665e-02 -2.056249018675727902e-01 -2.102291005466756443e-02 -6.570828679512392446e-03 -7.404398679500330538e-02 -4.019281917324613040e-01 6.281304270183575289e-01 1.537918535647581908e-01 -2.245706659834853236e-01 1.192043804965212395e-01 5.603488680181880621e-01 -3.513236394732126983e-02 6.618981496952683341e-02 4.221981600193142753e-02
2.179659723094331258e-01 2.351135886247440743e-01 8.062346274689778658e-02 -1.273564098880380024e+00 1.685849137704887868e-01 7.732269574109419175e+00 8.787740541993099841e-01 -1.736014103428656918e+00 -4.029150000836269063e-01 -4.796291873315865900e-02 8.047314493086769882e-02 -1.391800720552697490e-01 -5.428053000330882449e-01 -4.215856879762378551e-01 1.590282316000739549e-01 3.907359990760659874e-01 -2.942882605360606085e-01 -1.017092034144685547e-01 4.094017990088055781e-01 6.040410447187351262e-02 6.047675264763471836e-02 2.742437559787306300e-01 9.715041874983275372e-02 4.955257711065728932e-02 -3.803084504030605495e-01 -2.301852939410575088e-02 1.223936699357094926e-01 -2.243628235459627640e-01 1.650028480067667891e-01 2.254381208262081493e-01 -1.324532224938581859e-01 8.864962731795182280e-03 1.514751104380011593e-01 4.183608162750628301e-01 9.296183311558847695e-01 -2.970552046525655188e-01 -1.438189514483520226e-01 -1.229877796266721501e-01 -2.468461745508873928e-01 2.249453073275473614e-01
2.571446936104763714e-01 1.464022966652895053e-01 -2.287591234751188973e-01 -5.765246147023316281e-01 -9.292016163214403823e-01 8.787740541993099841e-01 7.059714709473724703e+00 1.198837792903616029e+00 -2.477456081268135879e+00 -2.585651414089626746e-02 1.930141112019508054e-01 -1.051824037775192233e-01 -4.743110149273692122e-01 -1.113936330441107486e-01 -1.804755053606334203e-01 -3.452571383984672643e-02 -1.871782587989604396e-01 2.568583352753765481e-01 1.492596669814007793e-01 8.540166425552811469e-02 -1.273189021039297930e-01 4.702079427578582660e-01 3.721991212481882694e-01 1.102322807793237325e-01 2.081177682784529914e-01 -9.285593708603084862e-02 2.847859979997370283e-01 -3.416173482282914287e-01 -1.734502002147639277e-01 -4.647942502591195790e-02 -3.038745116644913646e-01 -1.365700340233346743e-01 -3.385065019716511879e-03 1.181584781182592851e-02 2.495617410339011355e-01 -2.551962399115387803e-01 -4.249020653381160167e-02 -1.081281655294647620e-01 -1.523928646088259231e-01 2.434084684161280099e-01
3.391972754197807860e-01 1.615549744373646068e-01 2.409907245282745247e-01 -6.080315502803387284e-01 -6.652384694211479488e-01 -1.736014103428656918e+00 1.198837792903616029e+00 9.574815438393248002e+00 7.710689909800548802e-01 -1.840045429711560265e+00 -4.152386232445227088e-01 -2.255189998465566559e-01 3.265106853470931547e-01 4.326054898098831702e-01 -3.317878230121621419e-01 -4.592935560948010476e-01 7.667083740546870585e-02 1.923540982436980906e-01 -1.509014653136677153e-01 -1.964316407269617870e-01 4.011456852070341972e-01 -8.454172868006361308e-02 6.120567693049082901e-03 -7.486581354850203873e-02 4.404975131881074674e-02 -2.599838527060178706e-01 3.803498522334122778e-02 1.913639029602084152e-01 -1.877515310560954054e-01 -1.871471117694716024e-01 -4.666367779648727954e-01 -3.444735875506010347e-01 1.443815959114326530e-01 -1.247700969718698455e-01 -4.921067094143394272e-01 1.221431001172362946e-01 -2.149604606992966127e-01 3.982175030013633821e-01 -1.957789971327100476e-01 8.423311635098933159e-02
3.466516437702180098e-01 -3.656056079811046411e-01 2.572692854496683723e-01 1.402216328368879883e-01 9.549828112397228119e-02 -4.029150000836269063e-01 -2.477456081268135879e+00 7.710689909800548802e-01 1.049327361854335017e+01 4.891137400220227360e-01 -2.096065197058262441e+00 -1.097656183822412812e+00 -9.563662653728988161e-03 9.009085695822790507e-01 6.186600376005856328e-01 -4.664344279038582508e-01 -1.294556764932860149e-01 2.541231853592824108e-01 2.374401685370679249e-02 2.232241712420646174e-01 3.515691974329509528e-01 -1.770321308521320414e-01 -1.545360029113686251e-01 -9.941653610087809734e-02 -6.656746887044839855e-01 -4.569147280030490532e-01 2.374461355951831831e-01 -2.313804042686014029e-01 7.246870497900739783e-02 -2.558112988238447905e-01 1.430373118503596441e-01 1.588321235111353133e-02 -6.786606376386219441e-01 -9.276898012301573737e-02 4.618660380603594184e-01 -4.623551498683859881e-03 4.857648358941564215e-01 -4.238930896604140575e-01 -4.895937437036023132e-01 -2.404903393696312675e-01
2.548983970902197194e-01 -1.056621677915531160e-01 1.678316641797736875e-01 -8.055435444576936055e-02 2.694845186464212561e-01 -4.796291873315865900e-02 -2.585651414089626746e-02 -1.840045429711560265e+00 4.891137400220227360e-01 9.345852136769021712e+00 3.549432244401851122e-01 -2.386660085862893688e+00 -3.616261429253225801e-02 -4.550136201979360778e-02 2.869042757775577129e-02 2.669824353183824495e-01 -4.411457235084979139e-02 -3.836775213292806797e-01 -1.327076093751771435e-01 1.122692589388217116e-01 7.773360408670777766e-02 2.916599193943400503e-01 2.017925262535545383e-01 -8.673158899750506995e-04 -3.715680687620926959e-01 -2.764491266066416153e-01 -4.370789467180367233e-02 -3.003636970173011456e-01 3.137809988934907313e-02 7.066404066167916720e-02 2.326575716731685561e-01 -2.308117644808654612e-01 -5.065657523620348268e-01 4.282954564291405197e-01 1.515875521377080259e-01 4.055456282681081381e-01 2.694558702427432006e-01 2.982161477020641160e-01 -5.241706079238048904e-03 -4.668489758674696476e-03
-3.846714502625787069e-01 2.454906370054851794e-02 -5.272108234379704328e-01 -4.096059964241928197e-01 1.339104538953158896e-01 8.047314493086769882e-02 1.930141112019508054e-01 -4.152386232445227088e-01 -2.096065197058262441e+00 3.549432244401851122e-01 1.082327348311106441e+01 8.926444934872664883e-01 -1.804302032168936698e+00 -1.308148595073680642e+00 -1.289760050015006376e-01 5.795262633347002534e-01 4.106715373215558684e-01 2.132225854976099039e-02 -4.438682483786468014e-01 1.425833493510123527e-02 -3.494389506661475520e-01 -6.208070562073850912e-02 2.252045207843793029e-01 -2.465480324869685214e-01 6.077716516642622802e-01 1.405746113686821008e-01 3.383400319604797923e-01 -5.180137569081914167e-02 -1.480040791801054689e-01 2.979724180022035873e-01 4.628858316035830422e-01 6.723743844634048061e-01 -7.461975317326208224e-01 -1.861426358174629869e-01 4.038748767757708961e-03 -4.389817916153164190e-01 -1.913482061265220358e-01 9.404815666631234361e-01 -1.499089791131094362e-01 1.737571955234631926e-01
-1.406224601261675256e-01 -7.274606287523760484e-02 1.927999504452126422e-01 5.942093799362195838e-01 -4.109679019442924464e-01 -1.391800720552697490e-01 -1.051824037775192233e-01 -2.255189998465566559e-01 -1.097656183822412812e+00 -2.386660085862893688e+00 8.926444934872664883e-01 9.378068243435288665e+00 6.720688851394585051e-01 -1.953830486683518552e+00 -7.629808973308475073e-01 -5.551426580713968439e-01 -7.518861449379284079e-02 3.087662327166180720e-01 -2.657236824534946473e-01 -9.102987577308227496e-02 -4.145229195761868102e-01 1.693234522856517377e-01 5.013999772927219684e-02 -2.686077534895640190e-02 5.134173635906226496e-02 1.136631234698468572e-02 -8.037532171531526493e-02 2.276694894854537077e-01 -3.172982032781970253e-03 -3.138861059816456800e-01 2.372022682734978294e-01 4.253581408221795979e-02 -1.214857126521400182e-01 -3.015685631408637213e-01 4.213022800599360539e-03 -3.889881417964112242e-01 1.307620721944898756e-01 3.815123588638721364e-01 -4.239671484926458844e-01 -8.110394190975592221e-02
1.798877561620145227e-01 8.216760709005442587e-02 -3.704147879100989638e-01 1.241977381137299719e-01 1.322444177369771490e-01 -5.428053000330882449e-01 -4.743110149273692122e-01 3.265106853470931547e-01 -9.563662653728988161e-03 -3.616261429253225801e-02 -1.804302032168936698e+00 6.720688851394585051e-01 8.802403537936543287e+00 8.402018505927316694e-01 -1.702399601773043170e+00 -4.963012718387008193e-01 3.423756866357013928e-03 4.912672880610732817e-01 4.487270049563316099e-01 4.728998264570234700e-02 1.752764988802583412e-01 -2.348830613840165449e-01 -1.522591626589841762e-01 1.425106965755037203e-01 3.893440536412667297e-01 -1.120344808704752809e-01 -2.665570776769807249e-01 2.991051607497043907e-01 1.086666880910516081e-01 6.059034394319937622e-01 -2.797103884709667976e-01 -1.713123055824887497e-02 2.224053129522168548e-01 -6.471889606849330623e-02 1.872391247919231450e-01 3.530321579244275476e-01 1.644675217974859993e-02 1.821082935587206575e-02 -1.351600359080399605e-01 1.479594564008527846e-01
2.667119982814865065e-01 -3.822169497196749588e-01 1.199442048647152842e-01 -1.935475879947980149e-01 1.709828281672815531e-01 -4.215856879762378551e-01 -1.113936330441107486e-01 4.326054898098831702e-01 9.009085695822790507e-01 -4.550136201979360778e-02 -1.308148595073680642e+00 -1.953830486683518552e+00 8.402018505927316694e-01 9.910520714601366521e+00 4.661083446584795009e-01 -1.892930209589258617e+00 -7.551365133538522345e-01 -1.573592472298268943e-02 4.088358636073005647e-01 8.710985774946469751e-02 2.366003202393517635e-01 9.129949925695514390e-02 4.081814366732109400e-01 -1.651957625469599455e-01 -5.497450450521244036e-01 1.208824912940428681e-01 6.755705487505916929e-02 -3.178491540438228014e-01 -2.341675854884457675e-01 -1.664898476565387087e-01 -5.013089218151909332e-01 -1.928361595203658407e-01 2.486293973081362130e-01 -1.655498367922004221e-01 3.404699405526745992e-01 9.489276307657903975e-02 -1.541361166997572141e-01 -4.486662032220431473e-01 8.708380680174433730e-02 -1.411325579761869863e-04
1.654023296331751797e-02 -3.676746324135670152e-01 1.361793920959110671e-01 -1.096191945435550374e-01 1.800103203575259270e-01 1.590282316000739549e-01 -1.804755053606334203e-01 -3.317878230121621419e-01 6.186600376005856328e-01 2.869042757775577129e-02 -1.289760050015006376e-01 -7.629808973308475073e-01 -1.702399601773043170e+00 4.661083446584795009e-01 8.795199539575641268e+00 6.355724081249832791e-01 -2.098796972669106697e+00 -9.660487858987565346e-01 4.499985318688476399e-02 4.590184550793721119e-01 1.147229893452794969e-01 -2.866326211497555732e-01 -2.033358719210951598e-02 -2.589332839625188010e-01 2.254840056726059860e-01 3.489719841503738373e-01 -4.191724870610366756e-03 -2.339534682912727814e-01 8.253030392517693437e-02 2.639928168773235106e-01 1.371372944726194087e-01 1.425150631625550779e-01 -9.148936557376533690e-03 6.223685491909926037e-01 1.004148642290952353e-01 -3.782581399442211390e-01 2.967298575391752458e-01 -2.965541290378318484e-01 2.105852294829720171e-03 4.056802809699219248e-01
-3.409096478752149939e-01 -3.063874921674283325e-01 1.550918194406226969e-01 1.959941132446543222e-01 -4.738401046725568971e-02 3.907359990760659874e-01 -3.452571383984672643e-02 -4.592935560948010476e-01 -4.664344279038582508e-01 2.669824353183824495e-01 5.795262633347002534e-01 -5.551426580713968439e-01 -4.963012718387008193e-01 -1.892930209589258617e+00 6.355724081249832791e-01 8.930404984600199825e+00 8.007934198035554507e-01 -1.696630258381166101e+00 -7.833837192872980526e-02 -1.778530581831424574e-03 -8.725016519794662195e-02 1.361228467075815962e-01 -3.078589568217982020e-01 -2.711981511340022521e-01 1.330696193538651040e-01 -2.651794887566930048e-01 -5.961295376986837091e-01 -9.425481955630651831e-02 7.677431426959294702e-01 4.404257347178916482e-01 -2.476413789403233978e-01 2.573634146300694536e-01 1.636023464516896675e-01 1.918917904402454577e-01 2.977427919765915920e-01 -2.048840672614716252e-01 7.837170726882913829e-02 4.842512261472821655e-01 1.987153240263055953e-01 -1.772658751336015637e-01
-2.437742925137350025e-01 1.578005305161999661e-01 1.550184145648423051e-01 2.834395820931408239e-02 -3.269475305120606023e-01 -2.942882605360606085e-01 -1.871782587989604396e-01 7.667083740546870585e-02 -1.294556764932860149e-01 -4.411457235084979139e-02 4.106715373215558684e-01 -7.518861449379284079e-02 3.423756866357013928e-03 -7.551365133538522345e-01 -2.098796972669106697e+00 8.007934198035554507e-01 8.581634885802142065e+00 6.301299049693289689e-01 -1.152317509110205140e+00 -7.419946796327756555e-01 -2.014735614273964470e-01 4.918545480594477270e-01 1.492098542962577712e-02 8.639196347906012707e-02 3.847941085126925786e-01 8.127661713908970742e-02 -1.802283181700210790e-02 3.424068413057964055e-01 -1.724679411521741479e-01 -2.582148386958853514e-01 1.474133755622672737e-01 1.355720684612545801e-01 -2.439447887519902713e-01 -1.026805386045184926e-01 -1.637551017320795221e-01 4.105613050179031664e-01 -4.668459155135470939e-02 2.599901939302890486e-01 4.735866329552207432e-01 -3.000039479578874846e-01
-3.398499463593471215e-02 4.563028352839047785e-02 -2.232009498810587911e-01 -1.714599100661969855e-01 -2.034314822481418372e-01 -1.017092034144685547e-01 2.568583352753765481e-01 1.923540982436980906e-01 2.541231853592824108e-01 -3.836775213292806797e-01 2.132225854976099039e-02 3.087662327166180720e-01 4.912672880610732817e-01 -1.573592472298268943e-02 -9.660487858987565346e-01 -1.696630258381166101e+00 6.301299049693289689e-01 7.982660457163552437e+00 6.616247737596415712e-01 -1.820570138669028060e+00 -6.280058315351776388e-01 4.738075271841286906e-02 6.288781693694110997e-01 5.993531320737504053e-01 6.639888866208436269e-02 -7.346420100339530190e-01 -6.709267400116476765e-02 -1.659648218896147831e-01 -3.107691987024161495e-01 1.673948141609521156e-01 -2.959715092143495596e-01 -4.399322946163366499e-01 -5.033468618993016674e-01 2.700501486732171177e-02 4.801848588773517945e-01 8.330654068502306442e-02 -3.205255394935758173e-01 -5.258001488774739496e-01 1.670116183265818455e-01 2.479053825687210499e-01
2.003449095254228041e-01 -8.899402789665646074e-03 -2.754188610685606720e-01 -4.507269639489081686e-02 1.748399577250199788e-01 4.094017990088055781e-01 1.492596669814007793e-01 -1.509014653136677153e-01 2.374401685370679249e-02 -1.327076093751771435e-01 -4.438682483786468014e-01 -2.657236824534946473e-01 4.487270049563316099e-01 4.088358636073005647e-01 4.499985318688476399e-02 -7.833837192872980526e-02 -1.152317509110205140e+00 6.616247737596415712e-01 7.374558616794984367e+00 6.931208689805136158e-01 -1.782474141301149784e+00 -3.444492392394264968e-01 -9.903518339450571861e-02 3.444514887560448657e-01 2.245729331359116177e-01 -1.601803964194191410e-01 -2.059445814515116768e-01 1.638346391421295623e-02 -2.440683013256146616e-01 1.698444632826943967e-01 -7.153704698185234245e-02 -8.535568216533608032e-02 3.440113321823798920e-01 7.129363409569577578e-03 -3.775752578764333955e-02 1.900304094165090885e-02 -5.946703021071562123e-01 -6.008194087944399575e-01 3.499408496775422567e-02 5.017456462404377149e-01
6.614630568742072133e-04 1.320908184513324424e-01 -2.959712032204041277e-02 -1.708242594880171605e-01 1.846833017211689520e-02 6.040410447187351262e-02 8.540166425552811469e-02 -1.964316407269617870e-01 2.232241712420646174e-01 1.122692589388217116e-01 1.425833493510123527e-02 -9.102987577308227496e-02 4.728998264570234700e-02 8.710985774946469751e-02 4.590184550793721119e-01 -1.778530581831424574e-03 -7.419946796327756555e-01 -1.820570138669028060e+00 6.931208689805136158e-01 8.234015404060878396e+00 1.606468406862018583e-01 -1.464426733084370325e+00 -3.124857162859655535e-01 -2.402344562906805203e-01 3.372529468774399519e-01 3.707270816469724894e-01 -3.226419406075614615e-01 4.188911411074128233e-01 -2.102355761506078669e-01 -5.947890308688700417e-02 3.844707914168731810e-01 1.682232135820696250e-01 4.795173267451445509e-02 -1.428555175049271708e-01 2.351035832954034843e-01 -7.533624125150970019e-02 -4.172009101743950898e-03 -1.471280343413420844e-01 -1.707212618303753093e-01 3.571233875399600355e-01
-9.496040602924374352e-02 6.930715444948867821e-02 -2.763181536127722882e-01 -1.314608412203072119e-01 -3.567774812763755410e-01 6.047675264763471836e-02 -1.273189021039297930e-01 4.011456852070341972e-01 3.515691974329509528e-01 7.773360408670777766e-02 -3.494389506661475520e-01 -4.145229195761868102e-01 1.752764988802583412e-01 2.366003202393517635e-01 1.147229893452794969e-01 -8.725016519794662195e-02 -2.014735614273964470e-01 -6.280058315351776388e-01 -1.782474141301149784e+00 1.606468406862018583e-01 7.786833082926631455e+00 5.976158297665349339e-01 -1.963648133663164375e+00 -5.839962609743328814e-01 -2.431106905709729260e-01 1.458089428015402478e-01 -1.919317512464554787e-01 -3.502231716546976847e-01 -3.126714420001207584e-01 2.386738895203962263e-01 -4.257678020684488307e-01 -1.186776261852189596e-01 2.211202873029429750e-01 1.000482505587572818e-01 4.680813649235062712e-01 3.745231897066864657e-01 -1.106054777725561516e-01 -2.477419681395993944e-01 -4.232227264989871923e-03 2.129612273104783682e-01
2.184782002442938464e-01 -1.986967819623453591e-01 1.141285523389120871e-01 5.498199479701139092e-01 -1.376557437551527430e-02 2.742437559787306300e-01 4.702079427578582660e-01 -8.454172868006361308e-02 -1.770321308521320414e-01 2.916599193943400503e-01 -6.208070562073850912e-02 1.693234522856517377e-01 -2.348830613840165449e-01 9.129949925695514390e-02 -2.866326211497555732e-01 1.361228467075815962e-01 4.918545480594477270e-01 4.738075271841286906e-02 -3.444492392394264968e-01 -1.464426733084370325e+00 5.976158297665349339e-01 8.634384282787962661e+00 8.039481401959935880e-01 -1.758362406190385530e+00 -4.592874954761494988e-01 -3.724839732507771034e-02 -3.232474413035347216e-01 2.999687305867106482e-02 -2.280603350003657451e-02 -3.255228850756068382e-01 1.179939630333238509e-01 3.883628723613862244e-01 -1.976745136138021164e-01 -8.846950430855228531e-02 5.080510957720223431e-01 3.395678277255687050e-01 5.376749102942856018e-01 -7.155833388426852126e-02 -5.112251278304393021e-02 4.161799408107579312e-01
2.482292549562006012e-01 -4.778518645525545866e-02 1.595979683454142040e-01 -4.725534178348120840e-01 1.515994645183942890e-01 9.715041874983275372e-02 3.721991212481882694e-01 6.120567693049082901e-03 -1.545360029113686251e-01 2.017925262535545383e-01 2.252045207843793029e-01 5.013999772927219684e-02 -1.522591626589841762e-01 4.081814366732109400e-01 -2.033358719210951598e-02 -3.078589568217982020e-01 1.492098542962577712e-02 6.288781693694110997e-01 -9.903518339450571861e-02 -3.124857162859655535e-01 -1.963648133663164375e+00 8.039481401959935880e-01 9.322439138853340523e+00 2.396938928459928786e-01 -2.103627223445025951e+00 -8.610716362247921030e-01 -9.028690981235654167e-02 3.280802252390506157e-01 2.514606778697277556e-01 -5.720493862173320343e-01 9.736140473765451248e-03 -3.181962558933452284e-02 1.352548472093695331e-01 7.750487091053120947e-02 -2.003630632252681731e-01 -6.917677857561705945e-01 1.662175762277144919e-01 2.146272216037716785e-01 -1.629070643892609541e-02 -2.203616854066714481e-01
1.244649764961824057e-01 2.410573196133206433e-02 -5.939651445011583791e-02 -1.940525226998544017e-01 -9.015077455058069511e-02 4.955257711065728932e-02 1.102322807793237325e-01 -7.486581354850203873e-02 -9.941653610087809734e-02 -8.673158899750506995e-04 -2.465480324869685214e-01 -2.686077534895640190e-02 1.425106965755037203e-01 -1.651957625469599455e-01 -2.589332839625188010e-01 -2.711981511340022521e-01 8.639196347906012707e-02 5.993531320737504053e-01 3.444514887560448657e-01 -2.402344562906805203e-01 -5.839962609743328814e-01 -1.758362406190385530e+00 2.396938928459928786e-01 7.977661535718111985e+00 5.907235459088070462e-01 -2.143944784860839725e+00 -2.334400767006990507e-01 -1.471762423885555025e-02 -1.827319544986363495e-02 -1.493058637809348832e-01 -1.036990442139522489e-01 2.996820684345759545e-01 -1.983089201609571639e-01 -2.622068205787053685e-01 -2.783120816792564525e-02 -3.175921205644364198e-01 -1.775126808092876429e-01 -1.321346844794384079e-01 -1.320564531670460895e-01 -3.013699069963604593e-01
-6.940044593290531916e-01 1.272484272373712068e-02 -1.190986500104366380e-01 4.305595251876926377e-01 -5.767523615759119204e-01 -3.803084504030605495e-01 2.081177682784529914e-01 4.404975131881074674e-02 -6.656746887044839855e-01 -3.715680687620926959e-01 6.077716516642622802e-01 5.134173635906226496e-02 3.893440536412667297e-01 -5.497450450521244036e-01 2.254840056726059860e-01 1.330696193538651040e-01 3.847941085126925786e-01 6.639888866208436269e-02 2.245729331359116177e-01 3.372529468774399519e-01 -2.431106905709729260e-01 -4.592874954761494988e-01 -2.103627223445025951e+00 5.907235459088070462e-01 9.268987099967063159e+00 8.821828782981393502e-01 -1.500844085427444963e+00 -3.498053214910202824e-01 -2.915086165337112400e-01 3.596094751094306430e-01 3.776073048550759315e-01 4.170270517002416799e-01 -6.722982773854786764e-02 4.802017487949987729e-01 -7.801515670466282505e-03 -5.207589627788730136e-01 -3.228661125994304881e-01 3.532273667480371193e-01 2.369623337330494239e-01 4.888847340710992251e-01
-9.132713488679128355e-02 -1.766263916179434679e-01 8.759889615064185564e-02 8.068259345389405812e-02 3.423089609605844408e-01 -2.301852939410575088e-02 -9.285593708603084862e-02 -2.599838527060178706e-01 -4.569147280030490532e-01 -2.764491266066416153e-01 1.405746113686821008e-01 1.136631234698468572e-02 -1.120344808704752809e-01 1.208824912940428681e-01 3.489719841503738373e-01 -2.651794887566930048e-01 8.127661713908970742e-02 -7.346420100339530190e-01 -1.601803964194191410e-01 3.707270816469724894e-01 1.458089428015402478e-01 -3.724839732507771034e-02 -8.610716362247921030e-01 -2.143944784860839725e+00 8.821828782981393502e-01 9.027354419361401483e+00 1.026928270723130199e+00 -1.841022790952608013e+00 -5.629535542986633390e-01 1.500789167433125848e-01 3.770557797092763397e-01 2.358133648785671888e-01 1.872784136532641142e-01 6.345917601800075136e-01 -2.824438497832121864e-01 1.091369289915979784e-01 2.892212715418842617e-01 -2.113500397214283441e-02 -1.460858568753309328e-01 2.233110141083743949e-02
-1.434032920968377478e-01 6.510614495589141237e-02 2.117680601381508321e-01 -1.346049322633630085e-01 -6.891671969029390665e-02 1.223936699357094926e-01 2.847859979997370283e-01 3.803498522334122778e-02 2.374461355951831831e-01 -4.370789467180367233e-02 3.383400319604797923e-01 -8.037532171531526493e-02 -2.665570776769807249e-01 6.755705487505916929e-02 -4.191724870610366756e-03 -5.961295376986837091e-01 -1.802283181700210790e-02 -6.709267400116476765e-02 -2.059445814515116768e-01 -3.226419406075614615e-01 -1.919317512464554787e-01 -3.232474413035347216e-01 -9.028690981235654167e-02 -2.334400767006990507e-01 -1.500844085427444963e+00 1.026928270723130199e+00 8.544481958094397811e+00 2.729801951540439808e-01 -2.237278982148303452e+00 -2.481345055209599748e-01 -1.253548022874102774e-01 1.286965242158276679e-01 -1.261541880652056746e-01 -2.469728971721437960e-01 1.208427776432384887e-01 1.995175120232292043e-01 2.911652683900003424e-01 2.183795070838145669e-01 8.110611780301098250e-03 2.082175465362529065e-01
-2.810692987832481005e-01 -1.945465062541960610e-01 -4.136714250248842983e-01 -3.821561344374547198e-01 -2.056249018675727902e-01 -2.243628235459627640e-01 -3.416173482282914287e-01 1.913639029602084152e-01 -2.313804042686014029e-01 -3.003636970173011456e-01 -5.180137569081914167e-02 2.276694894854537077e-01 2.991051607497043907e-01 -3.178491540438228014e-01 -2.339534682912727814e-01 -9.425481955630651831e-02 3.424068413057964055e-01 -1.659648218896147831e-01 1.638346391421295623e-02 4.188911411074128233e-01 -3.502231716546976847e-01 2.999687305867106482e-02 3.280802252390506157e-01 -1.471762423885555025e-02 -3.498053214910202824e-01 -1.841022790952608013e+00 2.729801951540439808e-01 1.031278616966219985e+01 8.495550381899017456e-01 -2.139502546819790130e+00 -1.594214118155730942e-01 -9.869800870064129872e-02 -2.037449881856939066e-02 -3.011491739036860071e-01 1.460631305803369862e-01 -4.302510037994762837e-01 -3.594776735043858085e-01 8.033725671422790038e-01 -1.460244004080486768e-01 2.794594154617946469e-01
-2.361517484902308506e-01 -1.007625587777490755e-01 2.220347625794454050e-02 -3.306764389564523232e-01 -2.102291005466756443e-02 1.650028480067667891e-01 -1.734502002147639277e-01 -1.877515310560954054e-01 7.246870497900739783e-02 3.137809988934907313e-02 -1.480040791801054689e-01 -3.172982032781970253e-03 1.086666880910516081e-01 -2.341675854884457675e-01 8.253030392517693437e-02 7.677431426959294702e-01 -1.724679411521741479e-01 -3.107691987024161495e-01 -2.440683013256146616e-01 -2.102355761506078669e-01 -3.126714420001207584e-01 -2.280603350003657451e-02 2.514606778697277556e-01 -1.827319544986363495e-02 -2.915086165337112400e-01 -5.629535542986633390e-01 -2.237278982148303452e+00 8.495550381899017456e-01 9.210281194615223654e+00 5.494585936682320204e-01 -1.381401732657863590e+00 -9.916995355801935252e-01 -3.873005449645848808e-01 2.269900572942218087e-01 1.404695045367152229e-01 6.683841540679734405e-02 -3.910048423891577807e-01 -2.436396980861215977e-01 1.808030115089055700e-01 -1.221576859819990396e-01
7.106931307856606539e-01 1.077661505577905410e-01 -1.331140565986031581e-02 -2.245045257041960174e-01 -6.570828679512392446e-03 2.254381208262081493e-01 -4.647942502591195790e-02 -1.871471117694716024e-01 -2.558112988238447905e-01 7.066404066167916720e-02 2.979724180022035873e-01 -3.138861059816456800e-01 6.059034394319937622e-01 -1.664898476565387087e-01 2.639928168773235106e-01 4.404257347178916482e-01 -2.582148386958853514e-01 1.673948141609521156e-01 1.698444632826943967e-01 -5.947890308688700417e-02 2.386738895203962263e-01 -3.255228850756068382e-01 -5.720493862173320343e-01 -1.493058637809348832e-01 3.596094751094306430e-01 1.500789167433125848e-01 -2.481345055209599748e-01 -2.139502546819790130e+00 5.494585936682320204e-01 9.368683545617095376e+00 1.077078058678968997e+00 -1.338711019076580744e+00 -1.498594918693666456e+00 2.668478829973689459e-01 1.088295951946224305e+00 3.033350641832230354e-01 -4.329217131086770531e-01 -3.190172427073912909e-01 -4.674659212440486489e-02 3.311999659961900599e-01
-6.673711379929737897e-02 3.053119706192570781e-01 2.874259103333534626e-01 2.515190524677399786e-01 -7.404398679500330538e-02 -1.324532224938581859e-01 -3.038745116644913646e-01 -4.666367779648727954e-01 1.430373118503596441e-01 2.326575716731685561e-01 4.628858316035830422e-01 2.372022682734978294e-01 -2.797103884709667976e-01 -5.013089218151909332e-01 1.371372944726194087e-01 -2.476413789403233978e-01 1.474133755622672737e-01 -2.959715092143495596e-01 -7.153704698185234245e-02 3.844707914168731810e-01 -4.257678020684488307e-01 1.179939630333238509e-01 9.736140473765451248e-03 -1.036990442139522489e-01 3.776073048550759315e-01 3.770557797092763397e-01 -1.253548022874102774e-01 -1.594214118155730942e-01 -1.381401732657863590e+00 1.077078058678968997e+00 8.322090567946780482e+00 1.266737467001395556e+00 -2.074485134203754910e+00 2.058369402425837963e-02 -3.547721902088586954e-01 -3.629450979013001399e-01 9.140994740962113396e-02 -1.728529416483450265e-01 1.242415931740752238e-01 -1.152825255210524202e-01
-1.743780806539366179e-01 -1.186652102294779437e-01 3.615588266816887469e-02 4.602742625490069406e-01 -4.019281917324613040e-01 8.864962731795182280e-03 -1.365700340233346743e-01 -3.444735875506010347e-01 1.588321235111353133e-02 -2.308117644808654612e-01 6.723743844634048061e-01 4.253581408221795979e-02 -1.713123055824887497e-02 -1.928361595203658407e-01 1.425150631625550779e-01 2.573634146300694536e-01 1.355720684612545801e-01 -4.399322946163366499e-01 -8.535568216533608032e-02 1.682232135820696250e-01 -1.186776261852189596e-01 3.883628723613862244e-01 -3.181962558933452284e-02 2.996820684345759545e-01 4.170270517002416799e-01 2.358133648785671888e-01 1.286965242158276679e-01 -9.869800870064129872e-02 -9.916995355801935252e-01 -1.338711019076580744e+00 1.266737467001395556e+00 1.014603412633618085e+01 5.766349404381337918e-01 -2.117025988551217264e+00 -3.473290369988869530e-01 -5.119001826274090575e-03 -2.970428414836137967e-02 2.408619785543228420e-01 2.269057246019503538e-01 -6.094415635221989841e-02
-7.731065619820522150e-02 -1.348811446764328348e-01 -3.180114793675984375e-01 -5.204670551114005256e-02 6.281304270183575289e-01 1.514751104380011593e-01 -3.385065019716511879e-03 1.443815959114326530e-01 -6.786606376386219441e-01 -5.065657523620348268e-01 -7.461975317326208224e-01 -1.214857126521400182e-01 2.224053129522168548e-01 2.486293973081362130e-01 -9.148936557376533690e-03 1.636023464516896675e-01 -2.439447887519902713e-01 -5.033468618993016674e-01 3.440113321823798920e-01 4.795173267451445509e-02 2.211202873029429750e-01 -1.976745136138021164e-01 1.352548472093695331e-01 -1.983089201609571639e-01 -6.722982773854786764e-02 1.872784136532641142e-01 -1.261541880652056746e-01 -2.037449881856939066e-02 -3.873005449645848808e-01 -1.498594918693666456e+00 -2.074485134203754910e+00 5.766349404381337918e-01 9.931479136318662526e+00 8.868355910505065776e-01 -1.832838846858719561e+00 -1.102590623324623653e+00 8.303587951678320644e-02 2.954071264363475890e-01 -9.654555600056177744e-02 5.964023631960266303e-02
8.190776536008818887e-02 1.228425943049196245e-03 1.491635553856264784e-01 4.364562154702076313e-01 1.537918535647581908e-01 4.183608162750628301e-01 1.181584781182592851e-02 -1.247700969718698455e-01 -9.276898012301573737e-02 4.282954564291405197e-01 -1.861426358174629869e-01 -3.015685631408637213e-01 -6.471889606849330623e-02 -1.655498367922004221e-01 6.223685491909926037e-01 1.918917904402454577e-01 -1.026805386045184926e-01 2.700501486732171177e-02 7.129363409569577578e-03 -1.428555175049271708e-01 1.000482505587572818e-01 -8.846950430855228531e-02 7.750487091053120947e-02 -2.622068205787053685e-01 4.802017487949987729e-01 6.345917601800075136e-01 -2.469728971721437960e-01 -3.011491739036860071e-01 2.269900572942218087e-01 2.668478829973689459e-01 2.058369402425837963e-02 -2.117025988551217264e+00 8.868355910505065776e-01 8.682837186943974217e+00 3.873221421546508281e-01 -2.285234141023559484e+00 4.122024282161794173e-01 -2.108109868691340205e-01 1.384005318966857190e-01 1.626197292116506044e-01
1.842530616602813531e-01 1.062912600437992787e-02 3.247244039174010943e-01 3.434072326826745347e-01 -2.245706659834853236e-01 9.296183311558847695e-01 2.495617410339011355e-01 -4.921067094143394272e-01 4.618660380603594184e-01 1.515875521377080259e-01 4.038748767757708961e-03 4.213022800599360539e-03 1.872391247919231450e-01 3.404699405526745992e-01 1.004148642290952353e-01 2.977427919765915920e-01 -1.637551017320795221e-01 4.801848588773517945e-01 -3.775752578764333955e-02 2.351035832954034843e-01 4.680813649235062712e-01 5.080510957720223431e-01 -2.003630632252681731e-01 -2.783120816792564525e-02 -7.801515670466282505e-03 -2.824438497832121864e-01 1.208427776432384887e-01 1.460631305803369862e-01 1.404695045367152229e-01 1.088295951946224305e+00 -3.547721902088586954e-01 -3.473290369988869530e-01 -1.832838846858719561e+00 3.873221421546508281e-01 9.805353474424165938e+00 7.065921242269489477e-01 -1.931001216177930857e+00 -9.880683510079355525e-01 -3.668842542025484432e-01 3.257362501493777374e-01
4.947684613215326266e-01 -1.892163461032949634e-01 -9.228339617264956496e-02 -4.399456127127717719e-01 1.192043804965212395e-01 -2.970552046525655188e-01 -2.551962399115387803e-01 1.221431001172362946e-01 -4.623551498683859881e-03 4.055456282681081381e-01 -4.389817916153164190e-01 -3.889881417964112242e-01 3.530321579244275476e-01 9.489276307657903975e-02 -3.782581399442211390e-01 -2.048840672614716252e-01 4.105613050179031664e-01 8.330654068502306442e-02 1.900304094165090885e-02 -7.533624125150970019e-02 3.745231897066864657e-01 3.395678277255687050e-01 -6.917677857561705945e-01 -3.175921205644364198e-01 -5.207589627788730136e-01 1.091369289915979784e-01 1.995175120232292043e-01 -4.302510037994762837e-01 6.683841540679734405e-02 3.033350641832230354e-01 -3.629450979013001399e-01 -5.119001826274090575e-03 -1.102590623324623653e+00 -2.285234141023559484e+00 7.065921242269489477e-01 9.679359185466099191e+00 5.571431861026415744e-01 -1.626898709427455625e+00 -3.010246889187442321e-01 1.143925516254109404e-01
-5.105950974729902558e-01 9.285553146236945332e-02 -7.496757246043415923e-02 2.771995030222939443e-02 5.603488680181880621e-01 -1.438189514483520226e-01 -4.249020653381160167e-02 -2.149604606992966127e-01 4.857648358941564215e-01 2.694558702427432006e-01 -1.913482061265220358e-01 1.307620721944898756e-01 1.644675217974859993e-02 -1.541361166997572141e-01 2.967298575391752458e-01 7.837170726882913829e-02 -4.668459155135470939e-02 -3.205255394935758173e-01 -5.946703021071562123e-01 -4.172009101743950898e-03 -1.106054777725561516e-01 5.376749102942856018e-01 1.662175762277144919e-01 -1.775126808092876429e-01 -3.228661125994304881e-01 2.892212715418842617e-01 2.911652683900003424e-01 -3.594776735043858085e-01 -3.910048423891577807e-01 -4.329217131086770531e-01 9.140994740962113396e-02 -2.970428414836137967e-02 8.303587951678320644e-02 4.122024282161794173e-01 -1.931001216177930857e+00 5.571431861026415744e-01 8.999540394355767248e+00 2.320309397181402611e-01 -1.798540680421862659e+00 -4.127601284292624351e-02
2.760110827553485802e-01 2.648389754635750992e-01 -1.536994634862553014e-02 -1.872504401476146052e-01 -3.513236394732126983e-02 -1.229877796266721501e-01 -1.081281655294647620e-01 3.982175030013633821e-01 -4.238930896604140575e-01 2.982161477020641160e-01 9.404815666631234361e-01 3.815123588638721364e-01 1.821082935587206575e-02 -4.486662032220431473e-01 -2.965541290378318484e-01 4.842512261472821655e-01 2.599901939302890486e-01 -5.258001488774739496e-01 -6.008194087944399575e-01 -1.471280343413420844e-01 -2.477419681395993944e-01 -7.155833388426852126e-02 2.146272216037716785e-01 -1.321346844794384079e-01 3.532273667480371193e-01 -2.113500397214283441e-02 2.183795070838145669e-01 8.033725671422790038e-01 -2.436396980861215977e-01 -3.190172427073912909e-01 -1.728529416483450265e-01 2.408619785543228420e-01 2.954071264363475890e-01 -2.108109868691340205e-01 -9.880683510079355525e-01 -1.626898709427455625e+00 2.320309397181402611e-01 8.934921442594982111e+00 4.566743192275839885e-02 -2.265817512529567423e+00
-1.566667690776283317e+00 -1.203787662266603276e+00 5.472202926357112862e-02 5.771033865416190789e-01 6.618981496952683341e-02 -2.468461745508873928e-01 -1.523928646088259231e-01 -1.957789971327100476e-01 -4.895937437036023132e-01 -5.241706079238048904e-03 -1.499089791131094362e-01 -4.239671484926458844e-01 -1.351600359080399605e-01 8.708380680174433730e-02 2.105852294829720171e-03 1.987153240263055953e-01 4.735866329552207432e-01 1.670116183265818455e-01 3.499408496775422567e-02 -1.707212618303753093e-01 -4.232227264989871923e-03 -5.112251278304393021e-02 -1.629070643892609541e-02 -1.320564531670460895e-01 2.369623337330494239e-01 -1.460858568753309328e-01 8.110611780301098250e-03 -1.460244004080486768e-01 1.808030115089055700e-01 -4.674659212440486489e-02 1.242415931740752238e-01 2.269057246019503538e-01 -9.654555600056177744e-02 1.384005318966857190e-01 -3.668842542025484432e-01 -3.010246889187442321e-01 -1.798540680421862659e+00 4.566743192275839885e-02 9.250981752163019323e+00 1.182331055991337809e+00
