9.603167223004811959e+00 9.785673610794639599e-01 -1.760771570199957115e+00 -1.369662166882493981e+00 -3.072531943879011976e-02 1.424549789686051282e+00 1.586817769953895452e-01 -2.272649622133133263e-01 -8.973915094310227006e-03 -2.936575211283657949e-01 2.498684346212906304e-01 -5.089979644029927197e-01 1.431773439859146124e-01 -6.873493159918220297e-02 1.420550584991760699e-02 -7.017551291693988058e-02 -1.235416928682649268e-01 1.498998780072298975e-01 5.187438381986965164e-01 -2.229075265064018874e-01 -2.436796842192799351e-01 -3.964356104545749965e-02 -5.015263431370270419e-01 -2.551729872649916020e-01 -3.257183800481028291e-01 -4.781397775937143990e-01 -4.816686375613751236e-01 6.739528561405560003e-01 2.798004549630307980e-01 5.105972902196100893e-01 -5.679921114682100480e-01 -2.105476399822518163e-01 -4.754843542105894882e-01 -1.594045184916872138e-01 5.207280138834969874e-01 4.993702644410065727e-01 -2.342108870529297504e-01 -9.423319777881079551e-01 -2.398876672142498556e+00 5.162157019239815847e-01
9.785673610794639599e-01 9.897545533009036944e+00 4.253485935630557657e-01 -1.852471074500770865e+00 -1.492792803145097658e+00 2.564497318466932296e-02 6.750093030473657274e-01 3.121907684867776811e-01 -4.211733763797437247e-01 -3.811996756244876439e-01 -4.205724830049545337e-01 -5.043823487753555657e-02 3.633563621721038195e-01 4.183413277402729391e-01 -2.158352366453025473e-01 -1.247822400892077271e-01 2.083242916212378892e-01 5.433144244091932251e-02 5.072986493221222082e-01 2.600466711988938528e-01 5.047270503056859592e-03 -2.158043264702269870e-01 -6.978978515540944227e-02 2.201065432966884949e-01 2.666833006402459169e-02 -7.701936046356112897e-03 -5.648672064754708400e-01 5.018090474765473097e-01 2.647629831300529202e-01 4.147325138494752927e-01 -6.736816720556830507e-02 -7.573700974426093857e-02 1.054228847557955318e-01 -5.388358081360709040e-01 2.119525781991333374e-02 4.524944675347659095e-01 -3.259984334942296336e-01 -2.601242352414404047e-01 -1.346405816362029828e+00 -2.197989460443147802e+00
-1.760771570199957115e+00 4.253485935630557657e-01 9.029723642370869996e+00 4.220240334106173385e-01 -2.465985813740383836e+00 1.130785097574964621e-01 -2.537357160019616531e-01 5.108998656115331105e-01 -8.582281387459603228e-02 1.934274965092815379e-01 -8.076458502884160673e-01 2.095983119544211903e-01 -1.085345952606870723e+00 3.365898340228802299e-01 4.560230246234374674e-01 2.928753873137856512e-01 -3.266628781499106848e-01 3.011114698636693232e-01 -1.746882502219074540e-01 7.112059676020026089e-01 8.405308103763355909e-01 3.285685987359812099e-01 -8.151183594620267092e-01 2.822059212308981047e-01 2.679289852174673858e-01 5.448553376359397404e-01 3.352912434246331230e-01 -2.806682206677979519e-01 -3.152280476694922177e-03 -2.420542798996692946e-01 -3.801902375617317170e-02 6.162367916786459093e-02 4.423633993620005311e-01 -1.354208670999124675e-01 -2.737790009511148481e-01 -1.138797689798788926e-01 2.510522727489616912e-01 3.725188408452540512e-01 -3.881983809723010825e-01 -1.031297692958628165e+00
-1.369662166882493981e+00 -1.852471074500770865e+00 4.220240334106173385e-01 8.907794524242715895e+00 7.557987724934478457e-01 -2.191017094540229415e+00 -1.259189024354237185e+00 1.674327159234481888e-01 3.186260941484893028e-01 -1.043093099313462113e-01 -2.636976610144654565e-01 1.969072984222865474e-01 3.671269049722332700e-01 -2.487556623784002996e-01 -1.776059031188141901e-01 -5.675876100133645658e-02 -3.137720303168042846e-01 9.061208561482525514e-02 -3.185301883765538355e-01 -1.142435010848762145e-01 -3.664432116696117459e-01 1.958454043171632686e-02 -3.802029266175566691e-01 -1.605540194114926308e-02 -3.339334495587520379e-01 2.781969052106311735e-01 3.752398848998433900e-01 -1.559395881250848492e-01 2.715716688945245538e-01 -2.715445315541389903e-01 -4.262453652637578777e-02 1.903741953364281314e-01 2.715624182916262508e-02 2.775196356861098779e-01 3.014692840042423883e-01 -3.179970691268528826e-01 1.658898090949077753e-01 6.213721269785972279e-01 3.562794508359379830e-01 -6.244120401735767656e-01
-3.072531943879011976e-02 -1.492792803145097658e+00 -2.465985813740383836e+00 7.557987724934478457e-01 9.100772864259951689e+00 3.257523846723652250e-01 -1.284412447594612816e+00 -1.371220098940433507e+00 -3.049583569974020358e-01 1.765943656356982194e-01 3.291567780830689793e-01 1.517594593398468861e-01 7.170494454598770329e-01 2.529211920014066695e-01 -5.847302741262381254e-01 7.994841295004527504e-02 -2.707971784284334271e-01 -9.345237069731886226e-02 5.364622847941330486e-01 -2.263040532251396897e-01 -9.645269639691564367e-02 -2.412011709861065778e-01 3.340889250039993374e-01 -1.462971759003516836e-01 -6.169174302703357426e-01 -4.608527545311424944e-01 1.697346943087785220e-01 -4.466353184942569721e-01 4.218474184214683897e-01 5.115182959502688753e-01 8.375747917314695090e-02 -4.423497291791353425e-01 -3.955347719255869476e-01 5.081730472304910595e-01 5.957690430074459309e-01 5.687141492277170141e-02 -1.911225498706683734e-01 -3.144859666226746953e-01 5.023296838857289615e-01 1.287701730913294540e+00
1.424549789686051282e+00 2.564497318466932296e-02 1.130785097574964621e-01 -2.191017094540229415e+00 3.257523846723652250e-01 9.086057550711498010e+00 1.158800746964506079e+00 -2.234335086370028645e+00 -7.854905009416396355e-01 -2.808401436268110340e-01 4.642663523208753196e-01 -1.561908576925042647e-01 -4.031392458999829564e-01 -2.533523316975316297e-01 5.286887753351781488e-02 -6.476303111822082070e-02 -2.404991362930948284e-01 -4.362378372933058968e-01 -2.037765909894158067e-01 5.829383031641320601e-02 3.496881088577277752e-01 1.692119923593541908e-01 -2.228704641085806071e-01 1.638145495515163086e-01 1.977233498871519002e-01 -2.575021167797558741e-01 -2.833967763046369992e-01 2.266237516576288628e-03 -3.162768275242712479e-02 3.327072083548864717e-02 -2.453868411818951323e-01 -2.997223079722385539e-02 -2.802984693963042062e-01 3.683815835591139898e-01 2.136435050575697103e-01 -4.532901023689744346e-01 2.705938147478108013e-01 -7.817222438180278232e-02 -5.578633855366594840e-01 1.116787619451636182e+00
1.586817769953895452e-01 6.750093030473657274e-01 -2.537357160019616531e-01 -1.259189024354237185e+00 -1.284412447594612816e+00 1.158800746964506079e+00 8.638547063356401878e+00 4.159599510162663161e-01 -1.925267045063965288e+00 -2.539570554087163812e-01 -8.117267686472069699e-02 2.544406020196379181e-01 1.357622363956938194e-01 1.375367586940229314e-01 -1.507797721222388365e-01 5.247171071274922723e-03 3.307630818547185325e-01 5.261495577365919024e-02 -4.021264672361441472e-01 -7.526112479329699623e-01 1.673206448550379477e-02 5.949487886815870707e-01 4.235094805957881348e-01 -1.852316124577723933e-01 3.141037761604310030e-01 -2.993587373480817715e-01 -4.160412070222554437e-01 1.846880340005146309e-02 2.182208236210131380e-01 3.326634815624844865e-01 3.286239926406471328e-03 -2.156079316416133901e-02 -6.570443222163610021e-03 -5.960857846351435008e-01 3.275280080237386593e-01 3.098528279133303531e-01 -1.475021455727564268e-01 2.150445111676766441e-01 -1.155086102674980769e-01 -5.587158941054454209e-01
-2.272649622133133263e-01 3.121907684867776811e-01 5.108998656115331105e-01 1.674327159234481888e-01 -1.371220098940433507e+00 -2.234335086370028645e+00 4.159599510162663161e-01 9.735150982896072946e+00 8.295997262387607707e-01 -2.455565671361810143e+00 -9.579982850382365855e-01 6.421328606385514615e-01 6.038517934183472713e-01 4.425280367705882734e-01 -1.017339516380987852e-01 -2.133111402701674542e-01 -1.403097404324482600e-01 3.737800368561573494e-01 -3.521311939724970363e-01 -3.401211724865443875e-01 3.078737896730911472e-01 -2.021265379840938292e-01 2.420186311462195483e-01 2.384750108988433204e-01 -1.349530889003174305e-01 -2.563099465548655531e-01 -1.812320345115273623e-01 2.390348096711409909e-01 6.553165758215782066e-01 1.154626829148988759e-01 -2.573491679790498865e-01 -1.228942744461388598e-01 -1.005609959406932041e-01 -6.392608441827274390e-01 1.098531841004113524e-01 -8.919811822616625918e-02 -8.514166691878468640e-01 -3.012345594919113023e-01 1.524210866944565590e-01 -7.588395824203917339e-01
-8.973915094310227006e-03 -4.211733763797437247e-01 -8.582281387459603228e-02 3.186260941484893028e-01 -3.049583569974020358e-01 -7.854905009416396355e-01 -1.925267045063965288e+00 8.295997262387607707e-01 1.072137288970742475e+01 7.940913343681278436e-01 -1.748002318220030160e+00 -1.052212115334107301e+00 -4.979432611864902936e-01 -1.090688134001055942e-03 8.798187113721567254e-01 -2.864732172594268711e-01 -1.309831608547826487e-01 -1.714616835827079966e-01 5.585082192288097769e-01 1.224868118676664674e-01 -6.446071653511832311e-01 -1.947208008868401841e-01 6.562262976602376563e-01 5.267328299631997002e-01 -5.265018430049840381e-01 -8.883807816530102375e-02 3.459823444646464297e-01 4.956550317722489551e-01 -3.315077814000360612e-01 -4.073654528444224932e-01 7.698954206435707492e-01 1.801103710548010162e-01 2.280901791208012619e-01 -5.575859808385351668e-01 -9.567389257237378375e-02 4.088242719283395332e-01 1.562919135981085117e-01 -2.698194678437655369e-01 -1.455013496846055236e-02 -7.150065094835924562e-01
-2.936575211283657949e-01 -3.811996756244876439e-01 1.934274965092815379e-01 -1.043093099313462113e-01 1.765943656356982194e-01 -2.808401436268110340e-01 -2.539570554087163812e-01 -2.455565671361810143e+00 7.940913343681278436e-01 1.022661735422342133e+01 1.216573870185212458e-01 -2.535358304204004209e+00 -5.957406842583381490e-01 -3.676504851492825021e-01 1.103996833800763577e-01 7.596313294381571435e-01 2.434374013158054073e-01 -6.209647661203958613e-01 1.503977387143337341e-01 4.573668326546100893e-01 -3.544248424071431702e-01 2.250648291748201246e-01 4.355871074455556352e-02 1.639464958466018973e-01 2.996408437120971491e-01 -2.753460668039880987e-01 3.124783907798834443e-02 -5.450304244217147459e-02 1.868372480328728547e-01 -2.728868260553534708e-01 3.528832816407522222e-01 5.462487123357989693e-01 2.326731146891110602e-01 3.236656873009337021e-01 -2.477571453431794968e-01 2.002925994164785409e-02 4.346207346252292103e-01 6.525369564802188105e-01 -1.709029663448899117e-01 8.858325772667346998e-02
2.498684346212906304e-01 -4.205724830049545337e-01 -8.076458502884160673e-01 -2.636976610144654565e-01 3.291567780830689793e-01 4.642663523208753196e-01 -8.117267686472069699e-02 -9.579982850382365855e-01 -1.748002318220030160e+00 1.216573870185212458e-01 1.036348961420373271e+01 1.151276802288694334e+00 -2.029476100178452480e+00 -2.551591575588357586e+00 -5.144478903755286270e-01 1.091938641446323910e+00 9.902767469002180523e-01 4.279871988680383765e-02 -7.434975843533983553e-02 1.521138501595366843e-01 2.963755603116317583e-01 -1.907374590987390983e-01 6.716576365049529984e-02 -4.749134969531624839e-01 1.436809357671059995e-01 -1.312787812155756240e-01 7.635146135651130206e-02 2.943807262144641501e-01 3.941542143126532116e-02 2.041495350441853429e-01 2.052054678450471459e-01 2.847387198768498440e-01 -1.697930725828566967e-01 6.902605180910478255e-01 -2.985339946792323063e-01 -1.590975428107081480e-01 -1.790515536380079820e-01 -1.023631601802036523e-02 -4.690463975975368016e-01 4.115829758203511934e-01
-5.089979644029927197e-01 -5.043823487753555657e-02 2.095983119544211903e-01 1.969072984222865474e-01 1.517594593398468861e-01 -1.561908576925042647e-01 2.544406020196379181e-01 6.421328606385514615e-01 -1.052212115334107301e+00 -2.535358304204004209e+00 1.151276802288694334e+00 1.024123771075652733e+01 4.161671700989476586e-01 -1.851983858604697053e+00 -1.415413906642039921e+00 -1.367856307206163358e-01 6.235572503209609874e-01 4.249694863027801417e-01 -3.431108214480927399e-01 -4.974068210420046765e-01 -1.459414414433136443e-02 1.844614637894311238e-01 3.807333387938919289e-01 -2.856999701469126185e-02 -3.722968597361833165e-01 -1.297706815136150937e-01 2.836791521933478277e-01 2.254961524942194345e-02 -1.563083105309423237e-01 -3.676539689176878123e-01 -3.077582733834519774e-02 -2.829446825400595833e-02 6.829330950952222645e-01 7.861852199640846361e-01 2.907372788880850933e-01 -2.821042087041966684e-01 -3.137306241711991239e-01 4.833884189582055013e-01 -6.466957382805547105e-01 -3.527984203921645245e-01
1.431773439859146124e-01 3.633563621721038195e-01 -1.085345952606870723e+00 3.671269049722332700e-01 7.170494454598770329e-01 -4.031392458999829564e-01 1.357622363956938194e-01 6.038517934183472713e-01 -4.979432611864902936e-01 -5.957406842583381490e-01 -2.029476100178452480e+00 4.161671700989476586e-01 1.073183100182842686e+01 7.245947662043222826e-01 -2.700414475493615907e+00 -7.793193822065513920e-01 -9.787563184879985445e-02 2.367059229295056383e-02 3.130007744353028865e-01 7.340398637097385326e-02 1.892975690416991499e-02 -2.425905531053414999e-01 2.666449195798858973e-01 9.729323380932508591e-02 -3.672422940213270759e-01 -1.454464701718520270e-01 -7.185344530475732405e-01 -1.314892783619525662e-01 -1.742769253953519726e-01 2.994423468286729340e-01 1.241495653692611389e-01 -4.282217638664488901e-01 9.592803475038991223e-02 2.454767792848173980e-01 5.918997460072376038e-01 4.674909037716793447e-01 -5.986047561195363409e-01 -4.569094705769833342e-01 -1.573675317799332896e-01 -2.117809410116565094e-01
-6.873493159918220297e-02 4.183413277402729391e-01 3.365898340228802299e-01 -2.487556623784002996e-01 2.529211920014066695e-01 -2.533523316975316297e-01 1.375367586940229314e-01 4.425280367705882734e-01 -1.090688134001055942e-03 -3.676504851492825021e-01 -2.551591575588357586e+00 -1.851983858604697053e+00 7.245947662043222826e-01 1.088993948607909523e+01 7.950727206300172156e-01 -1.897506504946094630e+00 -1.065042721769924983e+00 -2.848102124558904991e-01 1.035848475043887440e+00 -1.632416518994666832e-01 -4.594069337175252232e-01 5.747503191774671061e-01 3.463537279604023689e-01 3.414818730556430926e-01 -5.238860782149828976e-01 -4.474716091376639282e-01 -2.847039948308265900e-01 -4.487170947435345503e-01 -2.386311773123633850e-01 1.374224699107874370e-01 -1.826351685655832058e-01 1.571001316905575040e-01 -8.045588310916955421e-02 -5.981257077092902996e-01 2.026501687832781007e-01 3.452011006918836444e-01 5.714227383710258623e-01 1.932797463252977355e-01 -3.529660960365554878e-01 -6.027366502774103019e-01
1.420550584991760699e-02 -2.158352366453025473e-01 4.560230246234374674e-01 -1.776059031188141901e-01 -5.847302741262381254e-01 5.286887753351781488e-02 -1.507797721222388365e-01 -1.017339516380987852e-01 8.798187113721567254e-01 1.103996833800763577e-01 -5.144478903755286270e-01 -1.415413906642039921e+00 -2.700414475493615907e+00 7.950727206300172156e-01 9.862496599236608930e+00 8.828379694509705944e-01 -2.452801476116794888e+00 -1.004404022785516881e+00 -3.658421363632707868e-01 5.031750336373996824e-01 -3.484013493483159585e-01 1.364158768453602455e-01 -2.415967881408132012e-01 -1.830433686493956880e-01 1.012957345256995545e+00 9.118890834961391745e-01 -3.338991838893030639e-01 -7.738587704372783538e-01 -9.519592380266055365e-01 9.929886854643824035e-02 1.623729075818285406e-01 3.980001706917590254e-01 -9.660889384333659624e-01 2.596832310580483028e-01 8.349258055551127544e-01 -1.732734654391296369e-01 -1.991893280522508691e-01 -2.317811056027557770e-01 4.658426827913529633e-02 -3.313559749843703051e-02
-7.017551291693988058e-02 -1.247822400892077271e-01 2.928753873137856512e-01 -5.675876100133645658e-02 7.994841295004527504e-02 -6.476303111822082070e-02 5.247171071274922723e-03 -2.133111402701674542e-01 -2.864732172594268711e-01 7.596313294381571435e-01 1.091938641446323910e+00 -1.367856307206163358e-01 -7.793193822065513920e-01 -1.897506504946094630e+00 8.828379694509705944e-01 1.007168315672231884e+01 1.603210959300964689e-01 -1.430726370006820014e+00 -7.047334924971878634e-01 -3.352286808838610133e-02 1.070440521872213432e-02 -4.599225570269558361e-01 -1.283435844649779833e-01 -4.248336659433076257e-01 -3.033442147778845910e-01 2.432917666461136275e-01 -4.722784630027512254e-01 3.963952026860001476e-01 7.852838287578304266e-01 2.493903269254738042e-01 -5.392021059244420655e-01 2.683491764756097409e-01 3.304971698865873803e-02 4.475343677948792065e-01 3.443848595645805921e-01 -2.645693666500495977e-01 -2.294618389618423016e-01 5.779433642126778903e-01 2.883171008667153035e-01 -9.344565397507497151e-01
-1.235416928682649268e-01 2.083242916212378892e-01 -3.266628781499106848e-01 -3.137720303168042846e-01 -2.707971784284334271e-01 -2.404991362930948284e-01 3.307630818547185325e-01 -1.403097404324482600e-01 -1.309831608547826487e-01 2.434374013158054073e-01 9.902767469002180523e-01 6.235572503209609874e-01 -9.787563184879985445e-02 -1.065042721769924983e+00 -2.452801476116794888e+00 1.603210959300964689e-01 1.049599916890675466e+01 3.596369538690252776e-01 -2.070635618163116920e+00 -9.853966054642154804e-01 3.714998833383882926e-01 5.975209904096346891e-01 6.625255704128477086e-02 3.457350648392443215e-01 -5.893111910009304344e-01 -4.620423576510835351e-01 7.365424906794848514e-02 4.530713849616612166e-01 2.222793913823437606e-01 -3.402364266062823384e-01 -4.547397723747906850e-01 2.373167556105932885e-01 1.018846093429577881e-01 -5.588349930981855174e-01 -7.009334867873803221e-01 5.736445228534856611e-01 1.564909636462658848e-01 2.973460592477734088e-01 3.256070779475929711e-01 2.188737988287319802e-01
1.498998780072298975e-01 5.433144244091932251e-02 3.011114698636693232e-01 9.061208561482525514e-02 -9.345237069731886226e-02 -4.362378372933058968e-01 5.261495577365919024e-02 3.737800368561573494e-01 -1.714616835827079966e-01 -6.209647661203958613e-01 4.279871988680383765e-02 4.249694863027801417e-01 2.367059229295056383e-02 -2.848102124558904991e-01 -1.004404022785516881e+00 -1.430726370006820014e+00 3.596369538690252776e-01 9.110884232557193485e+00 6.916624531790876995e-01 -2.115546899775654133e+00 -7.288784994250290250e-01 -6.325984549278953484e-01 7.422569977985369327e-01 9.733902470680255714e-02 -2.974945537122105077e-01 -1.259457569930994447e+00 -1.183656759341162323e-01 4.939801631866410081e-01 4.183572834025763854e-01 5.272951062186991694e-02 -1.309471884059502655e-01 -1.200215147608887367e+00 -1.016854895865028224e-01 2.111889255831558843e-01 -8.781334035167302765e-02 -1.612749249242170502e-01 -3.049785607524538311e-01 3.412633678026174566e-01 -3.493930756302335294e-01 1.216025632722027017e-01
5.187438381986965164e-01 5.072986493221222082e-01 -1.746882502219074540e-01 -3.185301883765538355e-01 5.364622847941330486e-01 -2.037765909894158067e-01 -4.021264672361441472e-01 -3.521311939724970363e-01 5.585082192288097769e-01 1.503977387143337341e-01 -7.434975843533983553e-02 -3.431108214480927399e-01 3.130007744353028865e-01 1.035848475043887440e+00 -3.658421363632707868e-01 -7.047334924971878634e-01 -2.070635618163116920e+00 6.916624531790876995e-01 8.967494182160637095e+00 6.101625603481020121e-01 -1.968569914356245398e+00 -5.978651492806514867e-01 -4.363052697624028586e-01 -1.177961978228073275e-01 6.845016373853862746e-01 -1.469905777575602757e-01 -3.654424196555606241e-01 -6.665942157653282907e-01 6.314449701540759963e-02 1.162840958376058831e+00 6.067001667417183386e-01 -4.211615026212999768e-01 -2.651659147832491903e-01 -2.107812134350885991e-01 3.330437446542151014e-01 4.131883102501729965e-01 -1.913734680932442367e-01 -4.641999114524469339e-01 -4.243970532007009799e-01 -1.599053480444966036e-01
-2.229075265064018874e-01 2.600466711988938528e-01 7.112059676020026089e-01 -1.142435010848762145e-01 -2.263040532251396897e-01 5.829383031641320601e-02 -7.526112479329699623e-01 -3.401211724865443875e-01 1.224868118676664674e-01 4.573668326546100893e-01 1.521138501595366843e-01 -4.974068210420046765e-01 7.340398637097385326e-02 -1.632416518994666832e-01 5.031750336373996824e-01 -3.352286808838610133e-02 -9.853966054642154804e-01 -2.115546899775654133e+00 6.101625603481020121e-01 9.696396476789942653e+00 5.289047212546141852e-01 -1.939422134863912239e+00 -1.149294804664426239e+00 -5.142708248019318695e-01 3.693375469792956056e-01 1.028699867496392972e+00 1.371391914101344894e-02 -2.213387233310478153e-01 -8.803563151097696382e-01 3.931515845750210153e-02 6.620007594453199973e-01 2.102297998336171703e-01 -2.917757594390448239e-01 2.418679862677455827e-01 5.082408938676507004e-01 5.497719804251580134e-02 -2.963754052623238100e-01 -6.642122113021849961e-01 2.649306086649292138e-02 3.521398168967661280e-02
-2.436796842192799351e-01 5.047270503056859592e-03 8.405308103763355909e-01 -3.664432116696117459e-01 -9.645269639691564367e-02 3.496881088577277752e-01 1.673206448550379477e-02 3.078737896730911472e-01 -6.446071653511832311e-01 -3.544248424071431702e-01 2.963755603116317583e-01 -1.459414414433136443e-02 1.892975690416991499e-02 -4.594069337175252232e-01 -3.484013493483159585e-01 1.070440521872213432e-02 3.714998833383882926e-01 -7.288784994250290250e-01 -1.968569914356245398e+00 5.289047212546141852e-01 9.103151926751936074e+00 4.145337269754619247e-01 -2.412013112570101647e+00 -9.265092467287293632e-01 -7.509353491379444634e-01 -3.897987611774914735e-02 2.538873378746651088e-01 -2.400944108941701627e-01 -4.621780051471575668e-01 3.455207386158455352e-01 1.053303420184085043e-01 -1.843939359266656419e-01 6.375978324680150466e-01 4.631494274051407012e-01 3.539597853306328812e-01 3.651279249857830034e-01 -4.164520514120911843e-01 -1.018071572584152290e-01 -2.970841462993903948e-01 -1.195227074325320854e-01
-3.964356104545749965e-02 -2.158043264702269870e-01 3.285685987359812099e-01 1.958454043171632686e-02 -2.412011709861065778e-01 1.692119923593541908e-01 5.949487886815870707e-01 -2.021265379840938292e-01 -1.947208008868401841e-01 2.250648291748201246e-01 -1.907374590987390983e-01 1.844614637894311238e-01 -2.425905531053414999e-01 5.747503191774671061e-01 1.364158768453602455e-01 -4.599225570269558361e-01 5.975209904096346891e-01 -6.325984549278953484e-01 -5.978651492806514867e-01 -1.939422134863912239e+00 4.145337269754619247e-01 9.085785898012819217e+00 6.927667829951785761e-01 -1.894251383856873305e+00 -9.710465828991515780e-01 -4.081677203895635597e-01 4.766382885251242429e-01 1.918891517232354516e-01 2.737380539441497396e-01 -5.405584231644986470e-01 -1.219690936217281418e-01 7.644743341474280474e-01 -2.756765142627299325e-01 -1.128193763978781794e+00 -9.880474462100630184e-02 2.516578431121366255e-01 9.208224095175747692e-01 3.714075948603030586e-01 3.654373496249522790e-01 -7.889530826728731183e-01
-5.015263431370270419e-01 -6.978978515540944227e-02 -8.151183594620267092e-01 -3.802029266175566691e-01 3.340889250039993374e-01 -2.228704641085806071e-01 4.235094805957881348e-01 2.420186311462195483e-01 6.562262976602376563e-01 4.355871074455556352e-02 6.716576365049529984e-02 3.807333387938919289e-01 2.666449195798858973e-01 3.463537279604023689e-01 -2.415967881408132012e-01 -1.283435844649779833e-01 6.625255704128477086e-02 7.422569977985369327e-01 -4.363052697624028586e-01 -1.149294804664426239e+00 -2.412013112570101647e+00 6.927667829951785761e-01 9.413331546618930901e+00 6.298585589245387917e-01 -2.644376944587821576e+00 -1.532376938167195224e+00 -2.550864613159515848e-01 7.299559595407283386e-01 7.651277837753915900e-01 -8.659400156854812902e-01 4.778556194737253876e-02 2.572092586556707916e-01 3.679080256766785739e-01 -1.802107949071863335e-01 -9.159470112204318726e-01 -5.971841770631083346e-01 -2.495100264346085395e-01 1.895145799380889839e-01 7.048730659097862672e-01 1.074512709804810034e-01
-2.551729872649916020e-01 2.201065432966884949e-01 2.822059212308981047e-01 -1.605540194114926308e-02 -1.462971759003516836e-01 1.638145495515163086e-01 -1.852316124577723933e-01 2.384750108988433204e-01 5.267328299631997002e-01 1.639464958466018973e-01 -4.749134969531624839e-01 -2.856999701469126185e-02 9.729323380932508591e-02 3.414818730556430926e-01 -1.830433686493956880e-01 -4.248336659433076257e-01 3.457350648392443215e-01 9.733902470680255714e-02 -1.177961978228073275e-01 -5.142708248019318695e-01 -9.265092467287293632e-01 -1.894251383856873305e+00 6.298585589245387917e-01 8.692022698852403195e+00 6.034502631965690256e-01 -2.620361719970546233e+00 -4.706798636018381110e-01 -1.163026668835833305e-01 5.113635788650171543e-01 7.572740674228095603e-02 -3.155929810198496166e-01 -7.269869012363655569e-01 2.890311204618443708e-01 4.983235503925724785e-01 -1.461040848360482536e-01 -1.294448523077605662e-01 2.383072638468637650e-01 3.557008344793196053e-01 3.754849627471029683e-02 -4.932639240394155467e-01
-3.257183800481028291e-01 2.666833006402459169e-02 2.679289852174673858e-01 -3.339334495587520379e-01 -6.169174302703357426e-01 1.977233498871519002e-01 3.141037761604310030e-01 -1.349530889003174305e-01 -5.265018430049840381e-01 2.996408437120971491e-01 1.436809357671059995e-01 -3.722968597361833165e-01 -3.672422940213270759e-01 -5.238860782149828976e-01 1.012957345256995545e+00 -3.033442147778845910e-01 -5.893111910009304344e-01 -2.974945537122105077e-01 6.845016373853862746e-01 3.693375469792956056e-01 -7.509353491379444634e-01 -9.710465828991515780e-01 -2.644376944587821576e+00 6.034502631965690256e-01 1.162126075360223787e+01 8.480824643861650802e-01 -2.416842176713168477e+00 -1.187955081873858676e+00 -9.830785136523050305e-01 8.293015292609666744e-01 5.764341635174687895e-01 -1.612770340437101046e-01 -2.994931252770729468e-01 4.954567279371820399e-01 9.835827977220705509e-02 -5.133503240314136740e-01 -6.962223271083688159e-02 1.759772193567402665e-01 -2.099702290130014415e-01 3.157972006332971371e-01
-4.781397775937143990e-01 -7.701936046356112897e-03 5.448553376359397404e-01 2.781969052106311735e-01 -4.608527545311424944e-01 -2.575021167797558741e-01 -2.993587373480817715e-01 -2.563099465548655531e-01 -8.883807816530102375e-02 -2.753460668039880987e-01 -1.312787812155756240e-01 -1.297706815136150937e-01 -1.454464701718520270e-01 -4.474716091376639282e-01 9.118890834961391745e-01 2.432917666461136275e-01 -4.620423576510835351e-01 -1.259457569930994447e+00 -1.469905777575602757e-01 1.028699867496392972e+00 -3.897987611774914735e-02 -4.081677203895635597e-01 -1.532376938167195224e+00 -2.620361719970546233e+00 8.480824643861650802e-01 1.060341046404114884e+01 5.787957894513329204e-01 -1.912276648492879261e+00 -1.911353622857777435e+00 -7.894946980757990840e-01 6.540350084007384712e-01 4.540596774158854876e-01 1.478478839606912343e-01 1.287353972689393999e-01 1.914922316006054392e-01 -1.527930404669764486e-01 -8.782928937284985305e-02 -5.021535613934118292e-01 6.738901989480243770e-01 -1.680569890546952383e-01
-4.816686375613751236e-01 -5.648672064754708400e-01 3.352912434246331230e-01 3.752398848998433900e-01 1.697346943087785220e-01 -2.833967763046369992e-01 -4.160412070222554437e-01 -1.812320345115273623e-01 3.459823444646464297e-01 3.124783907798834443e-02 7.635146135651130206e-02 2.836791521933478277e-01 -7.185344530475732405e-01 -2.847039948308265900e-01 -3.338991838893030639e-01 -4.722784630027512254e-01 7.365424906794848514e-02 -1.183656759341162323e-01 -3.654424196555606241e-01 1.371391914101344894e-02 2.538873378746651088e-01 4.766382885251242429e-01 -2.550864613159515848e-01 -4.706798636018381110e-01 -2.416842176713168477e+00 5.787957894513329204e-01 1.056630768424615852e+01 1.294047009692366856e+00 -2.574392092053456427e+00 -9.731650631167526599e-01 -3.536139139078626203e-01 4.113326463748472328e-01 1.888490424123667466e-01 -3.925729354458458165e-01 -3.699302298277474810e-01 -1.469366518377696329e-01 5.806262190519815292e-01 -5.492859958891476574e-02 1.595104539333608018e-01 5.926589355035073448e-01
6.739528561405560003e-01 5.018090474765473097e-01 -2.806682206677979519e-01 -1.559395881250848492e-01 -4.466353184942569721e-01 2.266237516576288628e-03 1.846880340005146309e-02 2.390348096711409909e-01 4.956550317722489551e-01 -5.450304244217147459e-02 2.943807262144641501e-01 2.254961524942194345e-02 -1.314892783619525662e-01 -4.487170947435345503e-01 -7.738587704372783538e-01 3.963952026860001476e-01 4.530713849616612166e-01 4.939801631866410081e-01 -6.665942157653282907e-01 -2.213387233310478153e-01 -2.400944108941701627e-01 1.918891517232354516e-01 7.299559595407283386e-01 -1.163026668835833305e-01 -1.187955081873858676e+00 -1.912276648492879261e+00 1.294047009692366856e+00 1.034397035776839857e+01 7.131341548291941779e-01 -2.521264698110033287e+00 -6.830337305994687025e-01 -5.757170522364011278e-01 9.875623206940880028e-01 1.892456225188157704e-01 -4.363557572016156239e-01 -3.882678261794750285e-01 -5.928527919321438522e-02 6.057240798362234502e-01 -1.492374571155095919e-01 -1.867833211786879000e-01
2.798004549630307980e-01 2.647629831300529202e-01 -3.152280476694922177e-03 2.715716688945245538e-01 4.218474184214683897e-01 -3.162768275242712479e-02 2.182208236210131380e-01 6.553165758215782066e-01 -3.315077814000360612e-01 1.868372480328728547e-01 3.941542143126532116e-02 -1.563083105309423237e-01 -1.742769253953519726e-01 -2.386311773123633850e-01 -9.519592380266055365e-01 7.852838287578304266e-01 2.222793913823437606e-01 4.183572834025763854e-01 6.314449701540759963e-02 -8.803563151097696382e-01 -4.621780051471575668e-01 2.737380539441497396e-01 7.651277837753915900e-01 5.113635788650171543e-01 -9.830785136523050305e-01 -1.911353622857777435e+00 -2.574392092053456427e+00 7.131341548291941779e-01 1.139786610281787738e+01 5.610145615863898483e-01 -2.155364318493546705e+00 -1.358012262551294036e+00 -6.111185699536186844e-01 6.335993238492756419e-01 3.833084785801661454e-01 -4.691373397767823472e-01 -4.746891445912344021e-01 8.390967167712722885e-01 8.818689570336586681e-02 -1.234091547305522230e-01
5.105972902196100893e-01 4.147325138494752927e-01 -2.420542798996692946e-01 -2.715445315541389903e-01 5.115182959502688753e-01 3.327072083548864717e-02 3.326634815624844865e-01 1.154626829148988759e-01 -4.073654528444224932e-01 -2.728868260553534708e-01 2.041495350441853429e-01 -3.676539689176878123e-01 2.994423468286729340e-01 1.374224699107874370e-01 9.929886854643824035e-02 2.493903269254738042e-01 -3.402364266062823384e-01 5.272951062186991694e-02 1.162840958376058831e+00 3.931515845750210153e-02 3.455207386158455352e-01 -5.405584231644986470e-01 -8.659400156854812902e-01 7.572740674228095603e-02 8.293015292609666744e-01 -7.894946980757990840e-01 -9.731650631167526599e-01 -2.521264698110033287e+00 5.610145615863898483e-01 1.110465731440338999e+01 1.075046030557427201e+00 -2.273756704517477800e+00 -1.803124122860791934e+00 3.995664431582673926e-02 1.224069395306180974e+00 5.819835730691653719e-01 -5.370208127501497897e-01 -3.901959922054439867e-01 -5.013708705380329755e-01 1.726239728532846796e-01
-5.679921114682100480e-01 -6.736816720556830507e-02 -3.801902375617317170e-02 -4.262453652637578777e-02 8.375747917314695090e-02 -2.453868411818951323e-01 3.286239926406471328e-03 -2.573491679790498865e-01 7.698954206435707492e-01 3.528832816407522222e-01 2.052054678450471459e-01 -3.077582733834519774e-02 1.241495653692611389e-01 -1.826351685655832058e-01 1.623729075818285406e-01 -5.392021059244420655e-01 -4.547397723747906850e-01 -1.309471884059502655e-01 6.067001667417183386e-01 6.620007594453199973e-01 1.053303420184085043e-01 -1.219690936217281418e-01 4.778556194737253876e-02 -3.155929810198496166e-01 5.764341635174687895e-01 6.540350084007384712e-01 -3.536139139078626203e-01 -6.830337305994687025e-01 -2.155364318493546705e+00 1.075046030557427201e+00 9.680606384689861343e+00 8.709560089952690376e-01 -1.737810120207327502e+00 -3.133941502615041896e-01 -5.809328344099475849e-01 1.390742649658049945e-01 -1.616893099452839377e-01 -7.403464227651098684e-01 1.800290056064172695e-01 -4.269396698222817643e-01
-2.105476399822518163e-01 -7.573700974426093857e-02 6.162367916786459093e-02 1.903741953364281314e-01 -4.423497291791353425e-01 -2.997223079722385539e-02 -2.156079316416133901e-02 -1.228942744461388598e-01 1.801103710548010162e-01 5.462487123357989693e-01 2.847387198768498440e-01 -2.829446825400595833e-02 -4.282217638664488901e-01 1.571001316905575040e-01 3.980001706917590254e-01 2.683491764756097409e-01 2.373167556105932885e-01 -1.200215147608887367e+00 -4.211615026212999768e-01 2.102297998336171703e-01 -1.843939359266656419e-01 7.644743341474280474e-01 2.572092586556707916e-01 -7.269869012363655569e-01 -1.612770340437101046e-01 4.540596774158854876e-01 4.113326463748472328e-01 -5.757170522364011278e-01 -1.358012262551294036e+00 -2.273756704517477800e+00 8.709560089952690376e-01 1.025693112677159391e+01 8.114179541399391127e-01 -2.281876163813999270e+00 -1.293221176967868979e+00 -3.793217037886392751e-01 5.805221349468188130e-01 3.965711678430960951e-01 2.044607897060768398e-02 -3.761808502884946837e-01
-4.754843542105894882e-01 1.054228847557955318e-01 4.423633993620005311e-01 2.715624182916262508e-02 -3.955347719255869476e-01 -2.802984693963042062e-01 -6.570443222163610021e-03 -1.005609959406932041e-01 2.280901791208012619e-01 2.326731146891110602e-01 -1.697930725828566967e-01 6.829330950952222645e-01 9.592803475038991223e-02 -8.045588310916955421e-02 -9.660889384333659624e-01 3.304971698865873803e-02 1.018846093429577881e-01 -1.016854895865028224e-01 -2.651659147832491903e-01 -2.917757594390448239e-01 6.375978324680150466e-01 -2.756765142627299325e-01 3.679080256766785739e-01 2.890311204618443708e-01 -2.994931252770729468e-01 1.478478839606912343e-01 1.888490424123667466e-01 9.875623206940880028e-01 -6.111185699536186844e-01 -1.803124122860791934e+00 -1.737810120207327502e+00 8.114179541399391127e-01 1.003075751314135289e+01 4.852931105569022741e-01 -2.230263155432291811e+00 -7.846884908516921220e-01 -4.959051296712570500e-01 6.929215778359284483e-01 1.907760537068817208e-02 -6.138255160566991053e-01
-1.594045184916872138e-01 -5.388358081360709040e-01 -1.354208670999124675e-01 2.775196356861098779e-01 5.081730472304910595e-01 3.683815835591139898e-01 -5.960857846351435008e-01 -6.392608441827274390e-01 -5.575859808385351668e-01 3.236656873009337021e-01 6.902605180910478255e-01 7.861852199640846361e-01 2.454767792848173980e-01 -5.981257077092902996e-01 2.596832310580483028e-01 4.475343677948792065e-01 -5.588349930981855174e-01 2.111889255831558843e-01 -2.107812134350885991e-01 2.418679862677455827e-01 4.631494274051407012e-01 -1.128193763978781794e+00 -1.802107949071863335e-01 4.983235503925724785e-01 4.954567279371820399e-01 1.287353972689393999e-01 -3.925729354458458165e-01 1.892456225188157704e-01 6.335993238492756419e-01 3.995664431582673926e-02 -3.133941502615041896e-01 -2.281876163813999270e+00 4.852931105569022741e-01 1.067617481511940269e+01 2.509049625902689540e-01 -2.155994960968969476e+00 -8.775181635853521178e-02 -4.466063270048509781e-01 5.507712812367278332e-02 8.409056240600019105e-01
5.207280138834969874e-01 2.119525781991333374e-02 -2.737790009511148481e-01 3.014692840042423883e-01 5.957690430074459309e-01 2.136435050575697103e-01 3.275280080237386593e-01 1.098531841004113524e-01 -9.567389257237378375e-02 -2.477571453431794968e-01 -2.985339946792323063e-01 2.907372788880850933e-01 5.918997460072376038e-01 2.026501687832781007e-01 8.349258055551127544e-01 3.443848595645805921e-01 -7.009334867873803221e-01 -8.781334035167302765e-02 3.330437446542151014e-01 5.082408938676507004e-01 3.539597853306328812e-01 -9.880474462100630184e-02 -9.159470112204318726e-01 -1.461040848360482536e-01 9.835827977220705509e-02 1.914922316006054392e-01 -3.699302298277474810e-01 -4.363557572016156239e-01 3.833084785801661454e-01 1.224069395306180974e+00 -5.809328344099475849e-01 -1.293221176967868979e+00 -2.230263155432291811e+00 2.509049625902689540e-01 1.036022516995201848e+01 1.281598558746624095e+00 -2.152190315858620639e+00 -1.603339781693874588e+00 -7.656386168911283319e-01 4.499049846472626957e-01
4.993702644410065727e-01 4.524944675347659095e-01 -1.138797689798788926e-01 -3.179970691268528826e-01 5.687141492277170141e-02 -4.532901023689744346e-01 3.098528279133303531e-01 -8.919811822616625918e-02 4.088242719283395332e-01 2.002925994164785409e-02 -1.590975428107081480e-01 -2.821042087041966684e-01 4.674909037716793447e-01 3.452011006918836444e-01 -1.732734654391296369e-01 -2.645693666500495977e-01 5.736445228534856611e-01 -1.612749249242170502e-01 4.131883102501729965e-01 5.497719804251580134e-02 3.651279249857830034e-01 2.516578431121366255e-01 -5.971841770631083346e-01 -1.294448523077605662e-01 -5.133503240314136740e-01 -1.527930404669764486e-01 -1.469366518377696329e-01 -3.882678261794750285e-01 -4.691373397767823472e-01 5.819835730691653719e-01 1.390742649658049945e-01 -3.793217037886392751e-01 -7.846884908516921220e-01 -2.155994960968969476e+00 1.281598558746624095e+00 9.436639738194854132e+00 4.425178934975197431e-01 -1.834221895063691932e+00 -5.991640377225491143e-01 -3.572506372677458075e-01
-2.342108870529297504e-01 -3.259984334942296336e-01 2.510522727489616912e-01 1.658898090949077753e-01 -1.911225498706683734e-01 2.705938147478108013e-01 -1.475021455727564268e-01 -8.514166691878468640e-01 1.562919135981085117e-01 4.346207346252292103e-01 -1.790515536380079820e-01 -3.137306241711991239e-01 -5.986047561195363409e-01 5.714227383710258623e-01 -1.991893280522508691e-01 -2.294618389618423016e-01 1.564909636462658848e-01 -3.049785607524538311e-01 -1.913734680932442367e-01 -2.963754052623238100e-01 -4.164520514120911843e-01 9.208224095175747692e-01 -2.495100264346085395e-01 2.383072638468637650e-01 -6.962223271083688159e-02 -8.782928937284985305e-02 5.806262190519815292e-01 -5.928527919321438522e-02 -4.746891445912344021e-01 -5.370208127501497897e-01 -1.616893099452839377e-01 5.805221349468188130e-01 -4.959051296712570500e-01 -8.775181635853521178e-02 -2.152190315858620639e+00 4.425178934975197431e-01 9.820451932935849726e+00 1.233336949399705729e+00 -1.552535322301027865e+00 -4.855735085489499836e-01
-9.423319777881079551e-01 -2.601242352414404047e-01 3.725188408452540512e-01 6.213721269785972279e-01 -3.144859666226746953e-01 -7.817222438180278232e-02 2.150445111676766441e-01 -3.012345594919113023e-01 -2.698194678437655369e-01 6.525369564802188105e-01 -1.023631601802036523e-02 4.833884189582055013e-01 -4.569094705769833342e-01 1.932797463252977355e-01 -2.317811056027557770e-01 5.779433642126778903e-01 2.973460592477734088e-01 3.412633678026174566e-01 -4.641999114524469339e-01 -6.642122113021849961e-01 -1.018071572584152290e-01 3.714075948603030586e-01 1.895145799380889839e-01 3.557008344793196053e-01 1.759772193567402665e-01 -5.021535613934118292e-01 -5.492859958891476574e-02 6.057240798362234502e-01 8.390967167712722885e-01 -3.901959922054439867e-01 -7.403464227651098684e-01 3.965711678430960951e-01 6.929215778359284483e-01 -4.466063270048509781e-01 -1.603339781693874588e+00 -1.834221895063691932e+00 1.233336949399705729e+00 9.273421125701112544e+00 8.416089679398837398e-02 -2.376077454401551492e+00
-2.398876672142498556e+00 -1.346405816362029828e+00 -3.881983809723010825e-01 3.562794508359379830e-01 5.023296838857289615e-01 -5.578633855366594840e-01 -1.155086102674980769e-01 1.524210866944565590e-01 -1.455013496846055236e-02 -1.709029663448899117e-01 -4.690463975975368016e-01 -6.466957382805547105e-01 -1.573675317799332896e-01 -3.529660960365554878e-01 4.658426827913529633e-02 2.883171008667153035e-01 3.256070779475929711e-01 -3.493930756302335294e-01 -4.243970532007009799e-01 2.649306086649292138e-02 -2.970841462993903948e-01 3.654373496249522790e-01 7.048730659097862672e-01 3.754849627471029683e-02 -2.099702290130014415e-01 6.738901989480243770e-01 1.595104539333608018e-01 -1.492374571155095919e-01 8.818689570336586681e-02 -5.013708705380329755e-01 1.800290056064172695e-01 2.044607897060768398e-02 1.907760537068817208e-02 5.507712812367278332e-02 -7.656386168911283319e-01 -5.991640377225491143e-01 -1.552535322301027865e+00 8.416089679398837398e-02 9.651370935460258593e+00 5.765712303007638484e-01
