1.160010190267391650e+01 7.943922095258207916e-01 -1.425334659152136974e+00 -8.729770983963827113e-01 -1.036482335502053154e+00 9.655338950516592078e-01 3.650364684893628864e-01 1.017135427202967707e-01 3.804386425991208576e-01 -4.514324433583827290e-01 -8.440747757265110174e-01 1.819456146132021612e-01 -2.556603017924176657e-01 2.915511215771271480e-01 -6.546392868731147618e-02 -3.084353998053790957e-01 -7.935280120334855525e-01 -1.617950645962156486e-01 1.235999676281900106e+00 -2.641361720401659841e-01 -8.895034169487664455e-01 -3.393881709949623793e-01 2.841982255136217828e-01 7.472874704555360070e-02 2.482564332011889252e-01 -7.442057959589994942e-01 4.871935515249059545e-02 -1.496154046683731698e-01 -2.922104505204093858e-02 6.008292293673209716e-01 -1.007557934758802481e-01 -5.314054208744544150e-01 -2.410812471546954217e-01 -3.674313598011564874e-01 3.204562707995413651e-01 7.299176088428883657e-01 -1.158404359636029168e+00 -1.511218745946723230e+00 -2.961739877008011668e+00 7.278485069105620209e-01
7.943922095258207916e-01 1.202273891472900402e+01 8.764159282734541589e-01 -2.305277295193826514e+00 -3.137964261346696482e+00 -8.331179473767909016e-01 6.581982711592615498e-01 6.644084735398477770e-01 -3.188403272050683440e-02 -3.060617143588184597e-01 -7.319142001996693792e-02 1.187333275351163842e+00 1.044647311525465305e+00 -5.506903435954766390e-01 -2.132945732487644686e-01 -2.684528048280632739e-01 8.662177200141962796e-01 -3.748616283385335923e-01 -7.935758939635687015e-02 1.261673030159875253e-02 -5.484267861404159561e-01 -3.749041664927906803e-01 -1.871666248012927025e-01 7.465060156077867048e-02 5.998125133091721795e-01 5.186916080669008722e-02 2.037387787354137114e-01 6.763548323902319748e-01 2.862558053362624366e-01 -1.241137389827623672e+00 -5.339974541620075010e-01 -3.014867736569672441e-01 -4.853074766257624573e-01 2.159737264705178239e-01 8.724027102669208722e-02 8.666531842193039292e-01 1.259503028118754420e-01 -4.521486586315349721e-01 -1.604812346071966767e+00 -2.910062696163583595e+00
-1.425334659152136974e+00 8.764159282734541589e-01 1.003249571435532950e+01 3.097871137010037648e-02 -2.707880894205375366e+00 -9.024153539991475181e-01 -1.011045572443274754e+00 7.329823715731178524e-01 8.005960323369916143e-01 3.401345095464897161e-01 -1.342450499045428902e-01 -9.658476188030766796e-01 -1.472213048719308581e-01 4.813254604747366772e-01 5.449511327994861487e-01 1.826024898272120278e-01 -2.044570443984922992e-01 -8.208918489814481800e-01 2.208461470168875396e-01 1.536188037443723398e-01 -3.352616359719109429e-01 8.178753817876711629e-01 -4.080419803793868816e-01 2.958522086877273805e-01 -5.745629972164613131e-01 4.688932246614855304e-01 -3.448380269305004742e-01 8.013026981249337100e-01 3.582618830000373067e-01 -4.164968905599674143e-01 3.838308330943271396e-02 -4.444156508834235519e-01 2.236077175209560119e-01 -1.333621772698313779e-01 -4.980075140028438763e-01 -1.996310495686360320e-01 1.398279601029145669e-01 9.215042836163961359e-01 -6.085148428558768696e-01 -8.495349897234162340e-01
-8.729770983963827113e-01 -2.305277295193826514e+00 3.097871137010037648e-02 1.122750252165086415e+01 2.110239797960688224e-01 -2.480287100165027070e+00 -3.437805125465694389e-01 -7.501228502054532177e-01 4.877163527536989562e-01 8.282595154651009040e-01 1.598733242253526643e-01 5.571575551892359313e-01 -4.816727596532889843e-01 -4.848226345851730512e-01 6.026617796909432556e-01 4.458667751391890977e-01 1.077381826468454956e-02 -2.453959389201266494e-01 -5.739909434404227850e-01 1.358843252849694927e-01 1.514518521363003301e-01 4.849470291814840239e-01 1.298848591344879955e+00 -3.915247283796982058e-01 -4.569612243952801411e-01 -2.672934744187361877e-01 -4.646326857414160849e-01 -3.838874258067918599e-01 -2.003452149248010350e-01 -1.206051267497214308e-01 8.278238892867703091e-01 5.534045038864939814e-01 7.141580541407935856e-01 -2.448122027163317227e-01 -2.239009495932567095e-01 3.757657745787212206e-02 -1.897378324712635234e-01 -7.093395362564970663e-02 3.949913329125713246e-01 -3.334622938993411084e-02
-1.036482335502053154e+00 -3.137964261346696482e+00 -2.707880894205375366e+00 2.110239797960688224e-01 1.169362309192510452e+01 7.047489364782096866e-01 -2.023867509494058581e+00 -2.179553533802359055e+00 2.372405421946603976e-01 6.588509006378441279e-01 7.438964229828771701e-01 -1.378905562640782845e-01 3.581323397722632751e-01 -3.710724573912659724e-02 -3.646386640422660808e-01 2.960680329420726231e-01 -6.166563106619908918e-01 -7.875199955398043405e-01 -4.809055212456339046e-01 4.475817403678112316e-01 6.995384757879515858e-01 -3.650738563138011122e-02 -7.619640461994571234e-01 1.481298280430278780e-01 -2.855158184888541562e-01 -3.672368206052796791e-01 -2.621544976639640923e-01 1.828065876872641826e-01 2.189957621253553477e-01 1.181429326777344802e+00 -1.254632084041771289e+00 -1.151442980713687447e+00 3.657609945240781757e-01 8.096462360429860228e-01 5.900508892865993227e-01 -3.081813485529190655e-01 8.537612684465509250e-02 -3.133474437013487601e-01 9.918158971121106005e-01 3.568050197352575226e-01
9.655338950516592078e-01 -8.331179473767909016e-01 -9.024153539991475181e-01 -2.480287100165027070e+00 7.047489364782096866e-01 1.077114534650041300e+01 4.907370293391337124e-01 -2.878646224584040958e+00 -1.314309504021764496e+00 -6.863484280919539271e-02 6.687019855187266160e-01 -1.832121015095712346e-01 6.324355039361756470e-02 -2.377053069079810288e-01 -2.427497079487143106e-01 -5.361509415612195628e-01 1.112607190504442539e-01 6.710413694495029890e-01 -1.025543872167622300e-01 3.582260860397368796e-01 -6.272430241255920746e-01 5.065216391245198624e-01 -1.125202217429474683e+00 3.332155422879575224e-01 -1.958583232994074719e-01 -7.266666039079119344e-01 2.716501118106376400e-01 -2.612645547005426061e-01 4.169868436895347030e-01 5.227982862614405368e-01 -5.898912088232655115e-01 -3.917116456884670583e-01 -8.187729203962827995e-01 -1.230325681747408140e-01 3.693686700021835967e-01 -1.079742019253728952e-01 -3.781497029531462606e-01 -6.995646141428556175e-02 -8.746596224913746331e-01 5.906787022592978609e-01
3.650364684893628864e-01 6.581982711592615498e-01 -1.011045572443274754e+00 -3.437805125465694389e-01 -2.023867509494058581e+00 4.907370293391337124e-01 1.015649559181974659e+01 1.992336304470433694e-02 -3.824478913417243220e+00 -5.925052621844939527e-01 4.492946356988296308e-02 8.412763948264417868e-01 1.472834144054763483e-01 -6.561938553815647168e-01 -2.115995742746018815e-01 -8.911624566649813117e-02 2.481192437025108721e-01 1.158892617754539334e+00 3.320345856738439027e-03 -5.355202781285625102e-01 4.419064033868523589e-02 -4.992294296548210331e-01 3.719972774513580771e-01 -2.641532696017784981e-02 2.410554126987669299e-01 -6.637211296607804789e-02 -2.931313488731384087e-01 -7.457465190910294028e-01 -1.245449868406248717e+00 2.424050943012319714e-01 6.324083436818874748e-01 -3.650419454684921683e-01 7.923697078152104334e-01 1.062638065613320457e-02 7.038155197787069328e-01 1.339564030507569281e-01 -5.522444738206593318e-01 -3.919581967268895850e-01 -3.510413003588709890e-01 3.563783452945172292e-01
1.017135427202967707e-01 6.644084735398477770e-01 7.329823715731178524e-01 -7.501228502054532177e-01 -2.179553533802359055e+00 -2.878646224584040958e+00 1.992336304470433694e-02 1.195511280702539203e+01 1.320268861533828497e+00 -2.796132578091419241e+00 -2.140999265837775223e+00 -3.223362961750493305e-01 2.839625187368848835e-01 1.915646643789672143e-01 2.156258400695410804e-01 -3.867059921989598470e-01 -2.698039119750547665e-01 -3.482758902666893142e-01 4.595556319286920322e-01 -5.023128738150099970e-01 5.228001672378160825e-01 -1.953922923104012555e-01 -1.338309420087902268e-01 -7.037214727351381871e-01 -1.724784073141392149e-01 3.723779690363765993e-01 2.492149017587855508e-01 1.447161743458907357e-01 7.413867915337524206e-02 7.124896703594545133e-02 5.701966451881504971e-01 -4.307614790651381753e-02 -4.421285795636210186e-02 -1.394040316932712298e-01 -1.246751070192247957e+00 6.986042750044666461e-01 4.404486807681404215e-01 -8.521491459789469758e-01 -5.259216185842077174e-01 4.676819664332986237e-01
3.804386425991208576e-01 -3.188403272050683440e-02 8.005960323369916143e-01 4.877163527536989562e-01 2.372405421946603976e-01 -1.314309504021764496e+00 -3.824478913417243220e+00 1.320268861533828497e+00 1.282659682883155661e+01 3.604654161798609979e-01 -2.558445232058936369e+00 -1.125416037497539046e+00 -1.237700138167089792e+00 4.541058063091629182e-01 1.519693200558487112e+00 5.096820354817563903e-01 4.542406732570054839e-02 -9.037237898709984396e-01 -7.586116506940918103e-02 6.239139584032988850e-01 4.701881628658103884e-01 -5.861745918275351047e-02 4.371923180471787851e-01 -7.371818096817848165e-01 -8.720731800114796262e-02 1.887255911891694560e-01 6.554559172269139866e-01 5.602780923465989771e-01 -1.051720392421000710e-01 -3.167761135916315196e-02 1.375828577493038773e+00 2.859405569489744670e-01 -4.016643045132031187e-01 -4.846498826836367901e-01 -2.648654207703556862e-01 -2.312007836719673914e-01 6.024440707526569350e-01 3.728296241641723685e-01 -1.497911255917343532e+00 -5.963005582578992936e-01
-4.514324433583827290e-01 -3.060617143588184597e-01 3.401345095464897161e-01 8.282595154651009040e-01 6.588509006378441279e-01 -6.863484280919539271e-02 -5.925052621844939527e-01 -2.796132578091419241e+00 3.604654161798609979e-01 1.052419212265525950e+01 6.210006653136619370e-01 -2.031476681627609970e+00 -4.286018133844665123e-01 -9.860017726043651676e-01 -1.394174283786601964e-01 6.486278477543021559e-01 1.192964751465864642e-01 -2.648214178842138722e-01 -2.823193128431470411e-01 -1.875404404107045842e-01 2.275329647038726658e-02 7.970057251035315982e-02 -2.773125102586544433e-01 3.322486230867766621e-01 3.932171878610840610e-01 -3.993970542659203704e-01 -1.002739834701813493e+00 6.133595119401308304e-01 9.207726752199865139e-01 -4.427849905887805693e-01 -4.251100606048265340e-01 3.558420184149443943e-02 -4.801706407101026704e-03 3.202696064477140170e-01 1.109827928714338441e+00 -9.683101753351232022e-01 -6.520032878414516730e-01 1.867610340582846751e-01 4.162060681108299409e-01 -6.031727540769640100e-02
-8.440747757265110174e-01 -7.319142001996693792e-02 -1.342450499045428902e-01 1.598733242253526643e-01 7.438964229828771701e-01 6.687019855187266160e-01 4.492946356988296308e-02 -2.140999265837775223e+00 -2.558445232058936369e+00 6.210006653136619370e-01 1.091399529744730934e+01 4.054628288269176983e-01 -1.867951558972735349e+00 -1.744240860724752373e+00 -3.453662757129754013e-01 8.422359580493310460e-01 7.053517669110745958e-01 3.628039534430249624e-01 -3.386087378809064519e-01 5.474743883850518023e-01 -6.777393689215951977e-02 2.328730684141281509e-02 -9.475323127638961285e-02 -1.551914339136739318e-01 2.358806705806425902e-02 1.669561358480622926e-01 -6.206142964019215613e-01 -2.072614322297137712e-01 6.509697933264398939e-01 -4.573829005593846864e-01 -5.666283231558701949e-01 1.125407830824397548e-01 -2.440498905800852769e-01 3.884637786772712764e-01 3.031880677547335035e-01 7.581988549010515444e-01 3.133290656116097944e-02 2.416762776113514644e-01 2.796663781929450976e-01 1.603996770584180109e-01
1.819456146132021612e-01 1.187333275351163842e+00 -9.658476188030766796e-01 5.571575551892359313e-01 -1.378905562640782845e-01 -1.832121015095712346e-01 8.412763948264417868e-01 -3.223362961750493305e-01 -1.125416037497539046e+00 -2.031476681627609970e+00 4.054628288269176983e-01 1.103773842042359199e+01 4.335049075679233699e-01 -2.862627169298946228e+00 -1.237156036914925927e+00 -5.888347000076024074e-01 1.235686690007822719e+00 1.382854979793903594e+00 -5.607499198889826647e-02 -6.353748073792857276e-02 -4.153285077052639718e-01 -2.796753000300793990e-01 2.600631434647261431e-01 -2.318423703121131885e-01 8.587500206590034102e-01 -1.123875766581638735e-01 -2.118777903659723461e-01 -8.278401668926065327e-01 5.465868959648907399e-01 2.110689383342584380e-02 -1.931465192361666861e-01 2.114778597594373366e-01 -3.536055665283303617e-01 6.093618076713316900e-02 -6.372750499607864327e-01 -3.717757927587343469e-01 1.204882722345855944e-01 -6.155028482164219827e-01 2.539376568324828165e-01 3.487009978160294232e-01
-2.556603017924176657e-01 1.044647311525465305e+00 -1.472213048719308581e-01 -4.816727596532889843e-01 3.581323397722632751e-01 6.324355039361756470e-02 1.472834144054763483e-01 2.839625187368848835e-01 -1.237700138167089792e+00 -4.286018133844665123e-01 -1.867951558972735349e+00 4.335049075679233699e-01 1.211337407459917692e+01 6.495504740803735855e-01 -2.635751238282848963e+00 -1.395382077814401489e+00 -8.335176025065678118e-01 -5.517695529818307694e-03 4.561737611040453388e-01 -2.733384582672213070e-01 -4.009013446405934600e-01 -7.864778243640960231e-02 -4.166324052809172729e-01 -7.922740623845601071e-01 -2.835892829604299004e-01 1.118689878280276107e+00 2.882974539121556379e-02 -3.717436725364746675e-01 7.414032391657390808e-02 -5.319707561906453913e-02 -3.481119149261466261e-01 1.004179297812432425e+00 -1.427613027993380745e-01 -4.519236686091604449e-01 3.753913816285813776e-01 4.606501370894507397e-01 -7.589484992206780856e-01 -1.505308834882168156e+00 -4.416432731866576922e-01 4.839794553904229191e-01
2.915511215771271480e-01 -5.506903435954766390e-01 4.813254604747366772e-01 -4.848226345851730512e-01 -3.710724573912659724e-02 -2.377053069079810288e-01 -6.561938553815647168e-01 1.915646643789672143e-01 4.541058063091629182e-01 -9.860017726043651676e-01 -1.744240860724752373e+00 -2.862627169298946228e+00 6.495504740803735855e-01 1.222232797207516342e+01 2.059880847418553429e-01 -2.998025845075916962e+00 -2.025528086824809559e+00 -4.919141108895930259e-01 6.231142921242807109e-01 5.685163325684090552e-01 -1.200366444192234455e-01 1.903598114676146313e-01 4.778610223428284565e-01 6.635420690281936817e-01 -6.093085902766864903e-01 -5.666589743426825310e-01 3.707694865639988291e-01 2.015716744107063085e-01 6.927350525071183929e-02 4.023552398484732118e-01 3.636415352132463807e-01 2.161487637867254563e-01 4.523274383066684390e-01 3.831503250273257839e-03 -8.078847298505152652e-02 2.456714333716548682e-01 8.496094156834391731e-01 -5.174111860546082298e-01 -5.237975114043189606e-01 -6.321069445502164319e-02
-6.546392868731147618e-02 -2.132945732487644686e-01 5.449511327994861487e-01 6.026617796909432556e-01 -3.646386640422660808e-01 -2.427497079487143106e-01 -2.115995742746018815e-01 2.156258400695410804e-01 1.519693200558487112e+00 -1.394174283786601964e-01 -3.453662757129754013e-01 -1.237156036914925927e+00 -2.635751238282848963e+00 2.059880847418553429e-01 1.122657854481615658e+01 1.169219898432949600e+00 -2.837591823928513612e+00 -1.522473771398174414e+00 -8.896492204875300347e-01 1.318290094416330049e+00 7.720681079764070143e-01 -1.156190955514430352e-01 -7.996938348884488068e-01 1.496250680418748612e-02 7.585655045237380545e-01 -4.180351934363596422e-01 -2.044414299654219169e-01 3.246368216428177078e-01 -8.205762828325772196e-01 -1.452158220883027206e-01 3.749398820386282694e-01 8.620152096480311332e-01 -1.657387793519106700e-01 4.991620563344029704e-01 -5.452056058759627288e-02 -2.273234664396451069e-02 9.010681909393196409e-02 -3.619097182924392309e-01 -4.878734378145246908e-01 -6.285376994785764060e-01
-3.084353998053790957e-01 -2.684528048280632739e-01 1.826024898272120278e-01 4.458667751391890977e-01 2.960680329420726231e-01 -5.361509415612195628e-01 -8.911624566649813117e-02 -3.867059921989598470e-01 5.096820354817563903e-01 6.486278477543021559e-01 8.422359580493310460e-01 -5.888347000076024074e-01 -1.395382077814401489e+00 -2.998025845075916962e+00 1.169219898432949600e+00 1.212478529537299998e+01 9.015385207149984037e-01 -3.043483235343335203e+00 -1.623342020552081877e+00 -7.015302344225645692e-01 9.987200565239979788e-01 4.414108330025917071e-01 -6.439108575258233047e-02 -5.454202789835648629e-02 -9.828207144555313191e-01 -2.105056075788418468e-01 -4.881734750604426742e-01 9.372445605117649681e-01 2.317561348353223138e-01 -6.968582806106325966e-01 -1.038150463193493689e+00 -4.276177504018500164e-01 1.257967733098854124e+00 -9.840620180918782656e-02 -3.078008707441328706e-01 -3.329725196642256968e-01 -5.073640390381461279e-02 4.065157183871890428e-02 -1.565770136560977743e-01 -4.136214499288740076e-01
-7.935280120334855525e-01 8.662177200141962796e-01 -2.044570443984922992e-01 1.077381826468454956e-02 -6.166563106619908918e-01 1.112607190504442539e-01 2.481192437025108721e-01 -2.698039119750547665e-01 4.542406732570054839e-02 1.192964751465864642e-01 7.053517669110745958e-01 1.235686690007822719e+00 -8.335176025065678118e-01 -2.025528086824809559e+00 -2.837591823928513612e+00 9.015385207149984037e-01 1.145420627825640203e+01 1.344403764729116046e+00 -2.297615104365001493e+00 -1.727228069663123922e+00 -1.023654443189670360e+00 8.291933121737704582e-01 6.372086596594075392e-01 -3.434725285855875776e-01 6.137095015319041919e-02 1.919001480037534624e-01 -3.351861949146612424e-02 1.451112563475870365e-01 6.384808019460028183e-02 -7.250338223255765602e-01 -6.747928960359353967e-01 -1.282133858634694201e-01 5.036071514419706574e-01 -9.583430215701319588e-01 2.804109882682839089e-02 6.804554684833447054e-02 1.989379065405060265e-01 1.256666167184881111e-01 6.020325126354822975e-01 -1.648636207956672151e-01
-1.617950645962156486e-01 -3.748616283385335923e-01 -8.208918489814481800e-01 -2.453959389201266494e-01 -7.875199955398043405e-01 6.710413694495029890e-01 1.158892617754539334e+00 -3.482758902666893142e-01 -9.037237898709984396e-01 -2.648214178842138722e-01 3.628039534430249624e-01 1.382854979793903594e+00 -5.517695529818307694e-03 -4.919141108895930259e-01 -1.522473771398174414e+00 -3.043483235343335203e+00 1.344403764729116046e+00 1.167383827135775221e+01 5.047607397878524083e-01 -2.238727250911530131e+00 -1.807846269446315102e+00 -1.026607753490551000e-01 2.977615535575407479e-01 -8.867499938895821721e-02 -1.953806734746680041e-01 -2.975966899879088357e-01 3.540069620870387457e-01 -2.946571826598005095e-01 3.583327141240243985e-01 8.425147728684769799e-01 -3.537562961346269463e-01 9.143090185569093496e-04 -2.418588802131589333e-01 2.914335055436124700e-01 3.228176790251506278e-01 -6.925312191194920031e-01 8.223073547751270640e-01 1.039442063250567427e+00 6.791537273973172750e-01 8.855262658410643084e-01
1.235999676281900106e+00 -7.935758939635687015e-02 2.208461470168875396e-01 -5.739909434404227850e-01 -4.809055212456339046e-01 -1.025543872167622300e-01 3.320345856738439027e-03 4.595556319286920322e-01 -7.586116506940918103e-02 -2.823193128431470411e-01 -3.386087378809064519e-01 -5.607499198889826647e-02 4.561737611040453388e-01 6.231142921242807109e-01 -8.896492204875300347e-01 -1.623342020552081877e+00 -2.297615104365001493e+00 5.047607397878524083e-01 1.053940330577761841e+01 1.211752382183484356e+00 -3.035063269745198244e+00 -7.482056727904691229e-01 2.932144183609842747e-01 5.039798714015334413e-01 3.364480834414677601e-01 -4.620057238929627386e-01 -5.040098966451148632e-01 -1.071570884545035351e+00 4.546137909461557269e-01 9.876600817951042277e-01 4.854042173288765083e-01 6.696567342125110678e-02 -1.340387339038052739e-01 3.121679331767447385e-01 -1.677778886409911352e-01 2.255114226373222952e-01 -3.227830784675803644e-01 -7.287093065623756472e-01 -8.666227537798173453e-01 1.195093805815860555e-01
-2.641361720401659841e-01 1.261673030159875253e-02 1.536188037443723398e-01 1.358843252849694927e-01 4.475817403678112316e-01 3.582260860397368796e-01 -5.355202781285625102e-01 -5.023128738150099970e-01 6.239139584032988850e-01 -1.875404404107045842e-01 5.474743883850518023e-01 -6.353748073792857276e-02 -2.733384582672213070e-01 5.685163325684090552e-01 1.318290094416330049e+00 -7.015302344225645692e-01 -1.727228069663123922e+00 -2.238727250911530131e+00 1.211752382183484356e+00 1.110813270823486398e+01 6.412138605187963636e-01 -1.852397394371505523e+00 -1.887186540320187289e+00 -1.004875592587569200e+00 4.485619927964444864e-01 4.284390978879321632e-01 -7.711388581236656992e-02 -4.478403393884088368e-01 -5.486948856920086381e-01 -8.661994197695178643e-01 -4.174143683225384760e-01 3.238397595174654642e-01 -3.147689813998877373e-01 6.472849651908837432e-01 -6.978391240460457556e-01 -3.293521229755704827e-01 6.878150724278653261e-01 -4.607032717435229074e-02 -9.305961003649598773e-01 -6.200907816777529585e-02
-8.895034169487664455e-01 -5.484267861404159561e-01 -3.352616359719109429e-01 1.514518521363003301e-01 6.995384757879515858e-01 -6.272430241255920746e-01 4.419064033868523589e-02 5.228001672378160825e-01 4.701881628658103884e-01 2.275329647038726658e-02 -6.777393689215951977e-02 -4.153285077052639718e-01 -4.009013446405934600e-01 -1.200366444192234455e-01 7.720681079764070143e-01 9.987200565239979788e-01 -1.023654443189670360e+00 -1.807846269446315102e+00 -3.035063269745198244e+00 6.412138605187963636e-01 1.204786226871019750e+01 5.717548437248133331e-01 -3.037485705388060619e+00 -1.720436064129327702e+00 -6.116756989218211649e-01 1.500716910377628333e+00 3.361239422395998488e-01 9.297709792866544476e-02 -1.424918762075764400e+00 5.574253052272939990e-02 8.270076625707402096e-01 -2.520206175559753792e-01 2.121728086717987183e-01 3.050408450775169977e-01 5.532445707958141279e-01 2.908235371077275699e-01 1.062515236107860250e+00 -9.571746871779650279e-02 -9.188493450077864777e-01 1.791543474376507128e-01
-3.393881709949623793e-01 -3.749041664927906803e-01 8.178753817876711629e-01 4.849470291814840239e-01 -3.650738563138011122e-02 5.065216391245198624e-01 -4.992294296548210331e-01 -1.953922923104012555e-01 -5.861745918275351047e-02 7.970057251035315982e-02 2.328730684141281509e-02 -2.796753000300793990e-01 -7.864778243640960231e-02 1.903598114676146313e-01 -1.156190955514430352e-01 4.414108330025917071e-01 8.291933121737704582e-01 -1.026607753490551000e-01 -7.482056727904691229e-01 -1.852397394371505523e+00 5.717548437248133331e-01 1.211897341820656315e+01 6.489357473868451187e-01 -2.758243828300454226e+00 -2.349922415212150728e+00 -2.525352327130127583e-01 1.370085799911418434e+00 9.942658640705275275e-01 4.546727687333171897e-01 -6.452920447380028346e-01 4.245592514515069728e-03 1.937942641087792295e-01 2.633362348836482125e-01 -9.587550531084471084e-01 -1.064079119761054404e+00 5.661217392792347036e-01 1.328491802884548489e+00 2.665844570547196701e-01 -9.379270859964282392e-02 -3.175049122455983475e-01
2.841982255136217828e-01 -1.871666248012927025e-01 -4.080419803793868816e-01 1.298848591344879955e+00 -7.619640461994571234e-01 -1.125202217429474683e+00 3.719972774513580771e-01 -1.338309420087902268e-01 4.371923180471787851e-01 -2.773125102586544433e-01 -9.475323127638961285e-02 2.600631434647261431e-01 -4.166324052809172729e-01 4.778610223428284565e-01 -7.996938348884488068e-01 -6.439108575258233047e-02 6.372086596594075392e-01 2.977615535575407479e-01 2.932144183609842747e-01 -1.887186540320187289e+00 -3.037485705388060619e+00 6.489357473868451187e-01 1.207423522646221237e+01 6.980168988064339164e-01 -2.731024272514872120e+00 -1.668763360484660119e+00 -5.566722447782580518e-01 1.514551197997707099e+00 1.103858183745257016e+00 -1.462053273576114698e+00 4.797666584238940435e-01 5.856998616320835405e-01 1.408856875603146097e+00 2.332563697065886607e-02 -9.175252440286228994e-01 -5.141419498327174376e-01 -5.890912551573558309e-01 1.446257230187071308e+00 5.507989920915763449e-01 -2.304288037217019566e-02
7.472874704555360070e-02 7.465060156077867048e-02 2.958522086877273805e-01 -3.915247283796982058e-01 1.481298280430278780e-01 3.332155422879575224e-01 -2.641532696017784981e-02 -7.037214727351381871e-01 -7.371818096817848165e-01 3.322486230867766621e-01 -1.551914339136739318e-01 -2.318423703121131885e-01 -7.922740623845601071e-01 6.635420690281936817e-01 1.496250680418748612e-02 -5.454202789835648629e-02 -3.434725285855875776e-01 -8.867499938895821721e-02 5.039798714015334413e-01 -1.004875592587569200e+00 -1.720436064129327702e+00 -2.758243828300454226e+00 6.980168988064339164e-01 1.146400450544657446e+01 8.426968617596516387e-01 -3.262499220210152817e+00 -1.424345842645015514e+00 -8.367915102283144391e-01 1.539086746047855669e+00 1.239555443367892362e+00 -6.516424636586006791e-01 -6.438042385956276314e-01 7.716522790544361188e-02 1.245772429830511285e+00 -1.293166612274502247e-01 -9.264857171325190377e-01 3.800102405289852714e-02 6.174554574188334533e-01 1.455869228552978401e+00 2.692491063785068528e-01
2.482564332011889252e-01 5.998125133091721795e-01 -5.745629972164613131e-01 -4.569612243952801411e-01 -2.855158184888541562e-01 -1.958583232994074719e-01 2.410554126987669299e-01 -1.724784073141392149e-01 -8.720731800114796262e-02 3.932171878610840610e-01 2.358806705806425902e-02 8.587500206590034102e-01 -2.835892829604299004e-01 -6.093085902766864903e-01 7.585655045237380545e-01 -9.828207144555313191e-01 6.137095015319041919e-02 -1.953806734746680041e-01 3.364480834414677601e-01 4.485619927964444864e-01 -6.116756989218211649e-01 -2.349922415212150728e+00 -2.731024272514872120e+00 8.426968617596516387e-01 1.212344803816235128e+01 4.044898691724724271e-01 -2.524608405887261320e+00 -1.558074853738354637e+00 -7.448719165379936724e-01 1.575130136202241848e+00 8.094759609387335297e-01 1.110281371565060127e+00 -1.598785696577253113e+00 8.048334598512002502e-01 1.585777567857110215e+00 -7.228117089109898918e-01 -1.375895868420362600e+00 -6.977763821545938105e-01 4.589712664260687247e-01 6.013588270035881145e-01
-7.442057959589994942e-01 5.186916080669008722e-02 4.688932246614855304e-01 -2.672934744187361877e-01 -3.672368206052796791e-01 -7.266666039079119344e-01 -6.637211296607804789e-02 3.723779690363765993e-01 1.887255911891694560e-01 -3.993970542659203704e-01 1.669561358480622926e-01 -1.123875766581638735e-01 1.118689878280276107e+00 -5.666589743426825310e-01 -4.180351934363596422e-01 -2.105056075788418468e-01 1.919001480037534624e-01 -2.975966899879088357e-01 -4.620057238929627386e-01 4.284390978879321632e-01 1.500716910377628333e+00 -2.525352327130127583e-01 -1.668763360484660119e+00 -3.262499220210152817e+00 4.044898691724724271e-01 1.071334121362568403e+01 8.926620480928795232e-01 -2.489304519057855547e+00 -1.965662928143894206e+00 -8.968394109159366634e-01 9.796856739213909426e-01 8.877570974694332095e-01 -1.014471067458476261e+00 -3.999753372426920195e-01 1.367295330648152341e+00 1.078949061811464993e+00 -4.142083637820834219e-01 -7.858578368345475740e-01 -3.999314510551471580e-01 -3.136617985764627581e-01
4.871935515249059545e-02 2.037387787354137114e-01 -3.448380269305004742e-01 -4.646326857414160849e-01 -2.621544976639640923e-01 2.716501118106376400e-01 -2.931313488731384087e-01 2.492149017587855508e-01 6.554559172269139866e-01 -1.002739834701813493e+00 -6.206142964019215613e-01 -2.118777903659723461e-01 2.882974539121556379e-02 3.707694865639988291e-01 -2.044414299654219169e-01 -4.881734750604426742e-01 -3.351861949146612424e-02 3.540069620870387457e-01 -5.040098966451148632e-01 -7.711388581236656992e-02 3.361239422395998488e-01 1.370085799911418434e+00 -5.566722447782580518e-01 -1.424345842645015514e+00 -2.524608405887261320e+00 8.926620480928795232e-01 1.185942900940133526e+01 6.821930324558725944e-01 -2.780012586441622968e+00 -2.308806994864973205e+00 -8.992649462049014941e-01 7.820347504029060426e-01 3.898954611306447715e-01 -1.404526425759326624e+00 -1.360667408503454245e+00 6.364225905730281907e-01 1.321188952020661000e+00 3.533671669158255368e-01 -6.153539135057021214e-01 3.328231592052978693e-01
-1.496154046683731698e-01 6.763548323902319748e-01 8.013026981249337100e-01 -3.838874258067918599e-01 1.828065876872641826e-01 -2.612645547005426061e-01 -7.457465190910294028e-01 1.447161743458907357e-01 5.602780923465989771e-01 6.133595119401308304e-01 -2.072614322297137712e-01 -8.278401668926065327e-01 -3.717436725364746675e-01 2.015716744107063085e-01 3.246368216428177078e-01 9.372445605117649681e-01 1.451112563475870365e-01 -2.946571826598005095e-01 -1.071570884545035351e+00 -4.478403393884088368e-01 9.297709792866544476e-02 9.942658640705275275e-01 1.514551197997707099e+00 -8.367915102283144391e-01 -1.558074853738354637e+00 -2.489304519057855547e+00 6.821930324558725944e-01 1.255292577158560796e+01 7.048097990829125248e-01 -3.788404726975998393e+00 -1.508984085728782176e+00 -1.904423529178810526e+00 1.854393516283832088e+00 1.294237616352407194e-01 -1.251405574905619877e+00 -2.014585721998151391e-01 3.568296806673669774e-01 1.462873636994288074e+00 2.441242743664758796e-01 -7.557321624493181789e-01
-2.922104505204093858e-02 2.862558053362624366e-01 3.582618830000373067e-01 -2.003452149248010350e-01 2.189957621253553477e-01 4.169868436895347030e-01 -1.245449868406248717e+00 7.413867915337524206e-02 -1.051720392421000710e-01 9.207726752199865139e-01 6.509697933264398939e-01 5.465868959648907399e-01 7.414032391657390808e-02 6.927350525071183929e-02 -8.205762828325772196e-01 2.317561348353223138e-01 6.384808019460028183e-02 3.583327141240243985e-01 4.546137909461557269e-01 -5.486948856920086381e-01 -1.424918762075764400e+00 4.546727687333171897e-01 1.103858183745257016e+00 1.539086746047855669e+00 -7.448719165379936724e-01 -1.965662928143894206e+00 -2.780012586441622968e+00 7.048097990829125248e-01 1.356546600975293337e+01 9.173787651615185057e-01 -3.342392360368688475e+00 -2.239195196383969577e+00 -8.913132097571754286e-01 1.369627271633957255e+00 -5.980875819042692498e-01 -5.897669040142630159e-01 -5.548032382108595284e-01 4.674386527642103162e-01 3.776662547984428464e-01 -1.255895706067270412e-01
6.008292293673209716e-01 -1.241137389827623672e+00 -4.164968905599674143e-01 -1.206051267497214308e-01 1.181429326777344802e+00 5.227982862614405368e-01 2.424050943012319714e-01 7.124896703594545133e-02 -3.167761135916315196e-02 -4.427849905887805693e-01 -4.573829005593846864e-01 2.110689383342584380e-02 -5.319707561906453913e-02 4.023552398484732118e-01 -1.452158220883027206e-01 -6.968582806106325966e-01 -7.250338223255765602e-01 8.425147728684769799e-01 9.876600817951042277e-01 -8.661994197695178643e-01 5.574253052272939990e-02 -6.452920447380028346e-01 -1.462053273576114698e+00 1.239555443367892362e+00 1.575130136202241848e+00 -8.968394109159366634e-01 -2.308806994864973205e+00 -3.788404726975998393e+00 9.173787651615185057e-01 1.609506169388740204e+01 9.154687463066271125e-01 -2.773377398469211386e+00 -2.397614824425037483e+00 -2.865114067306513967e-01 2.066994143842233012e+00 1.892601867998372211e-01 -1.009337217636404188e-01 -5.423854900007667873e-02 -1.846542171150515887e-01 5.931150280710056899e-01
-1.007557934758802481e-01 -5.339974541620075010e-01 3.838308330943271396e-02 8.278238892867703091e-01 -1.254632084041771289e+00 -5.898912088232655115e-01 6.324083436818874748e-01 5.701966451881504971e-01 1.375828577493038773e+00 -4.251100606048265340e-01 -5.666283231558701949e-01 -1.931465192361666861e-01 -3.481119149261466261e-01 3.636415352132463807e-01 3.749398820386282694e-01 -1.038150463193493689e+00 -6.747928960359353967e-01 -3.537562961346269463e-01 4.854042173288765083e-01 -4.174143683225384760e-01 8.270076625707402096e-01 4.245592514515069728e-03 4.797666584238940435e-01 -6.516424636586006791e-01 8.094759609387335297e-01 9.796856739213909426e-01 -8.992649462049014941e-01 -1.508984085728782176e+00 -3.342392360368688475e+00 9.154687463066271125e-01 1.291697237706876678e+01 1.475393335779191295e+00 -2.137641067982068765e+00 -1.198584144362343729e+00 -3.707144371624312984e-01 7.045146252312185775e-02 2.877183875052728990e-01 -2.287650567249860101e-01 -5.787730004044489007e-01 5.629476042805808822e-01
-5.314054208744544150e-01 -3.014867736569672441e-01 -4.444156508834235519e-01 5.534045038864939814e-01 -1.151442980713687447e+00 -3.917116456884670583e-01 -3.650419454684921683e-01 -4.307614790651381753e-02 2.859405569489744670e-01 3.558420184149443943e-02 1.125407830824397548e-01 2.114778597594373366e-01 1.004179297812432425e+00 2.161487637867254563e-01 8.620152096480311332e-01 -4.276177504018500164e-01 -1.282133858634694201e-01 9.143090185569093496e-04 6.696567342125110678e-02 3.238397595174654642e-01 -2.520206175559753792e-01 1.937942641087792295e-01 5.856998616320835405e-01 -6.438042385956276314e-01 1.110281371565060127e+00 8.877570974694332095e-01 7.820347504029060426e-01 -1.904423529178810526e+00 -2.239195196383969577e+00 -2.773377398469211386e+00 1.475393335779191295e+00 1.200057103651798052e+01 1.377309347300514075e-01 -2.515692360531665894e+00 -1.030244440749749302e+00 -4.631782305687835444e-01 -1.827025798360096265e-02 -8.104779317798134486e-03 -1.341730079246047924e-01 -1.850624899687736136e-01
-2.410812471546954217e-01 -4.853074766257624573e-01 2.236077175209560119e-01 7.141580541407935856e-01 3.657609945240781757e-01 -8.187729203962827995e-01 7.923697078152104334e-01 -4.421285795636210186e-02 -4.016643045132031187e-01 -4.801706407101026704e-03 -2.440498905800852769e-01 -3.536055665283303617e-01 -1.427613027993380745e-01 4.523274383066684390e-01 -1.657387793519106700e-01 1.257967733098854124e+00 5.036071514419706574e-01 -2.418588802131589333e-01 -1.340387339038052739e-01 -3.147689813998877373e-01 2.121728086717987183e-01 2.633362348836482125e-01 1.408856875603146097e+00 7.716522790544361188e-02 -1.598785696577253113e+00 -1.014471067458476261e+00 3.898954611306447715e-01 1.854393516283832088e+00 -8.913132097571754286e-01 -2.397614824425037483e+00 -2.137641067982068765e+00 1.377309347300514075e-01 1.124395951499376167e+01 2.623963695841572408e-01 -2.511530885375347744e+00 -1.699962775127837222e+00 -2.626092637249301531e-01 9.314639532417235968e-01 5.539109460911860738e-01 -6.675638910768477707e-02
-3.674313598011564874e-01 2.159737264705178239e-01 -1.333621772698313779e-01 -2.448122027163317227e-01 8.096462360429860228e-01 -1.230325681747408140e-01 1.062638065613320457e-02 -1.394040316932712298e-01 -4.846498826836367901e-01 3.202696064477140170e-01 3.884637786772712764e-01 6.093618076713316900e-02 -4.519236686091604449e-01 3.831503250273257839e-03 4.991620563344029704e-01 -9.840620180918782656e-02 -9.583430215701319588e-01 2.914335055436124700e-01 3.121679331767447385e-01 6.472849651908837432e-01 3.050408450775169977e-01 -9.587550531084471084e-01 2.332563697065886607e-02 1.245772429830511285e+00 8.048334598512002502e-01 -3.999753372426920195e-01 -1.404526425759326624e+00 1.294237616352407194e-01 1.369627271633957255e+00 -2.865114067306513967e-01 -1.198584144362343729e+00 -2.515692360531665894e+00 2.623963695841572408e-01 1.035299513596683418e+01 5.408404838096801948e-01 -2.602595864030124773e+00 -7.140144502352004929e-01 3.867974148077834018e-01 1.018836414686908332e-01 1.671347234734497644e-01
3.204562707995413651e-01 8.724027102669208722e-02 -4.980075140028438763e-01 -2.239009495932567095e-01 5.900508892865993227e-01 3.693686700021835967e-01 7.038155197787069328e-01 -1.246751070192247957e+00 -2.648654207703556862e-01 1.109827928714338441e+00 3.031880677547335035e-01 -6.372750499607864327e-01 3.753913816285813776e-01 -8.078847298505152652e-02 -5.452056058759627288e-02 -3.078008707441328706e-01 2.804109882682839089e-02 3.228176790251506278e-01 -1.677778886409911352e-01 -6.978391240460457556e-01 5.532445707958141279e-01 -1.064079119761054404e+00 -9.175252440286228994e-01 -1.293166612274502247e-01 1.585777567857110215e+00 1.367295330648152341e+00 -1.360667408503454245e+00 -1.251405574905619877e+00 -5.980875819042692498e-01 2.066994143842233012e+00 -3.707144371624312984e-01 -1.030244440749749302e+00 -2.511530885375347744e+00 5.408404838096801948e-01 1.171719628042334804e+01 2.473938672621820434e-01 -2.924840823105887111e+00 -2.121387623660029309e+00 4.185744049222905883e-01 9.919397936898569079e-02
7.299176088428883657e-01 8.666531842193039292e-01 -1.996310495686360320e-01 3.757657745787212206e-02 -3.081813485529190655e-01 -1.079742019253728952e-01 1.339564030507569281e-01 6.986042750044666461e-01 -2.312007836719673914e-01 -9.683101753351232022e-01 7.581988549010515444e-01 -3.717757927587343469e-01 4.606501370894507397e-01 2.456714333716548682e-01 -2.273234664396451069e-02 -3.329725196642256968e-01 6.804554684833447054e-02 -6.925312191194920031e-01 2.255114226373222952e-01 -3.293521229755704827e-01 2.908235371077275699e-01 5.661217392792347036e-01 -5.141419498327174376e-01 -9.264857171325190377e-01 -7.228117089109898918e-01 1.078949061811464993e+00 6.364225905730281907e-01 -2.014585721998151391e-01 -5.897669040142630159e-01 1.892601867998372211e-01 7.045146252312185775e-02 -4.631782305687835444e-01 -1.699962775127837222e+00 -2.602595864030124773e+00 2.473938672621820434e-01 1.212366823334080479e+01 1.461907456426117802e-01 -3.439937572675113575e+00 -1.633489394511846715e+00 -2.713143294426524355e-01
-1.158404359636029168e+00 1.259503028118754420e-01 1.398279601029145669e-01 -1.897378324712635234e-01 8.537612684465509250e-02 -3.781497029531462606e-01 -5.522444738206593318e-01 4.404486807681404215e-01 6.024440707526569350e-01 -6.520032878414516730e-01 3.133290656116097944e-02 1.204882722345855944e-01 -7.589484992206780856e-01 8.496094156834391731e-01 9.010681909393196409e-02 -5.073640390381461279e-02 1.989379065405060265e-01 8.223073547751270640e-01 -3.227830784675803644e-01 6.878150724278653261e-01 1.062515236107860250e+00 1.328491802884548489e+00 -5.890912551573558309e-01 3.800102405289852714e-02 -1.375895868420362600e+00 -4.142083637820834219e-01 1.321188952020661000e+00 3.568296806673669774e-01 -5.548032382108595284e-01 -1.009337217636404188e-01 2.877183875052728990e-01 -1.827025798360096265e-02 -2.626092637249301531e-01 -7.140144502352004929e-01 -2.924840823105887111e+00 1.461907456426117802e-01 1.165158586565467225e+01 1.232065301559633452e+00 -2.025281712490898389e+00 -8.554130884583052152e-01
-1.511218745946723230e+00 -4.521486586315349721e-01 9.215042836163961359e-01 -7.093395362564970663e-02 -3.133474437013487601e-01 -6.995646141428556175e-02 -3.919581967268895850e-01 -8.521491459789469758e-01 3.728296241641723685e-01 1.867610340582846751e-01 2.416762776113514644e-01 -6.155028482164219827e-01 -1.505308834882168156e+00 -5.174111860546082298e-01 -3.619097182924392309e-01 4.065157183871890428e-02 1.256666167184881111e-01 1.039442063250567427e+00 -7.287093065623756472e-01 -4.607032717435229074e-02 -9.571746871779650279e-02 2.665844570547196701e-01 1.446257230187071308e+00 6.174554574188334533e-01 -6.977763821545938105e-01 -7.858578368345475740e-01 3.533671669158255368e-01 1.462873636994288074e+00 4.674386527642103162e-01 -5.423854900007667873e-02 -2.287650567249860101e-01 -8.104779317798134486e-03 9.314639532417235968e-01 3.867974148077834018e-01 -2.121387623660029309e+00 -3.439937572675113575e+00 1.232065301559633452e+00 1.240327020941812641e+01 1.500888846001566072e-02 -2.680879473504689248e+00
-2.961739877008011668e+00 -1.604812346071966767e+00 -6.085148428558768696e-01 3.949913329125713246e-01 9.918158971121106005e-01 -8.746596224913746331e-01 -3.510413003588709890e-01 -5.259216185842077174e-01 -1.497911255917343532e+00 4.162060681108299409e-01 2.796663781929450976e-01 2.539376568324828165e-01 -4.416432731866576922e-01 -5.237975114043189606e-01 -4.878734378145246908e-01 -1.565770136560977743e-01 6.020325126354822975e-01 6.791537273973172750e-01 -8.666227537798173453e-01 -9.305961003649598773e-01 -9.188493450077864777e-01 -9.379270859964282392e-02 5.507989920915763449e-01 1.455869228552978401e+00 4.589712664260687247e-01 -3.999314510551471580e-01 -6.153539135057021214e-01 2.441242743664758796e-01 3.776662547984428464e-01 -1.846542171150515887e-01 -5.787730004044489007e-01 -1.341730079246047924e-01 5.539109460911860738e-01 1.018836414686908332e-01 4.185744049222905883e-01 -1.633489394511846715e+00 -2.025281712490898389e+00 1.500888846001566072e-02 1.233184024535814771e+01 9.382072137811503509e-01
