1.005968353135298088e+01 6.781323548340120189e-01 -1.605659198626027573e+00 -1.281220790075688454e+00 -1.076159181363528949e+00 1.113553855258754832e-01 3.884394438659053428e-01 -2.534166957444646678e-02 1.506101903513407669e-01 -4.625427021662668614e-01 -5.844000152078401150e-02 1.488768340355549336e-01 -1.423817589744559575e-01 4.675555421206998297e-01 9.346004604253553560e-02 -1.509086271531043799e-01 -1.000990708939540674e+00 2.790603250147926651e-01 8.601744607461710990e-01 -6.645950520875808509e-01 1.038985983165270806e-02 -2.828430937629072273e-01 -1.672032719319533067e-01 3.420130100423076636e-01 6.152344183590666843e-02 1.087441057183525239e-01 -1.478809593837293046e-01 -3.141135970871593019e-01 4.615083015187155246e-01 6.658516213458413047e-01 -3.294693982035563073e-01 -6.246945385481769142e-01 -1.598995898514597447e-01 -3.911073591906805841e-02 3.585769364086590083e-01 1.127279195488414709e+00 -7.698750020533600136e-01 -1.744748548590983717e+00 -2.267055109374980226e+00 5.186749738645131114e-01
6.781323548340120189e-01 1.016881958546580833e+01 1.450215162430516513e-01 -2.742403850923399222e+00 -6.436020197539291665e-01 -1.345217230624758398e-01 9.253049833310562633e-01 1.720911252624970633e-01 -5.128225727205419915e-01 4.839143333994793128e-01 2.664339816410059014e-01 -2.499090600354410274e-01 -1.603635621904103414e-01 4.253001654733857273e-01 1.165838942480911911e+00 -6.962230336615905964e-03 -4.682287444478143712e-01 -7.486955738631508872e-01 1.125976944498272347e+00 1.846019191958619299e+00 -3.643396616933124443e-01 -6.498177110595316774e-01 -6.650491917011702725e-01 2.343273409419178721e-01 -2.469100809311717548e-01 2.055843909419238780e-01 -4.275176982118704117e-01 2.316456997028907075e-03 1.766215894335584069e-01 2.545612570077186443e-01 4.437577088553913418e-01 5.417644526096948576e-01 4.522023172167684013e-01 -8.458933100172009167e-01 3.220249452627791525e-02 8.104363428061032160e-01 2.977234515848074525e-01 -5.275596978450960428e-01 -2.801947135050824933e+00 -2.506394705689852120e+00
-1.605659198626027573e+00 1.450215162430516513e-01 9.602499990413681630e+00 3.642487153209821860e-01 -2.892974502807974080e+00 -1.524550126172669717e+00 -7.162466764447825152e-02 2.713628119351812473e-01 1.711727719539600512e-02 -7.834137820106254479e-02 -4.583632640722408169e-01 9.923202213013863071e-01 1.331569447780060755e-01 5.416540150644666429e-01 -2.623879980865780337e-01 -2.504556420866492841e-02 2.587941206163421048e-01 -4.400274870780839231e-01 -5.650516315770619524e-01 6.173705407334574291e-01 4.023718799004797342e-01 5.819867373286536916e-01 3.188743041340587059e-01 -2.196631749629830710e-01 -4.189367165426888806e-01 1.533553709187325254e-01 3.649102956105067519e-01 8.323427763906614263e-02 -2.052250756629332984e-01 2.309190514772824221e-01 -2.615008152991954438e-01 -2.065501924987284132e-01 5.823441471599396513e-01 -2.479558254596272437e-01 -5.662156637297238726e-01 1.647576022497121151e-01 4.572488212228723037e-01 6.767518952503669416e-01 -2.262988379815906448e-01 -1.363021647367220091e+00
-1.281220790075688454e+00 -2.742403850923399222e+00 3.642487153209821860e-01 9.574814984147691277e+00 5.211124435401406352e-01 -1.470937129703489665e+00 -9.037740279079935490e-01 -2.174718044124955910e-02 2.015258751696402117e-01 8.839039857851364868e-02 -3.712800808271545794e-01 6.326958626438611288e-01 5.902171836675838140e-02 -5.535464653912839372e-01 -4.309678951001902347e-02 1.179473817147441039e+00 -2.205963287160423170e-01 2.469620844219587441e-01 -6.155309754782427589e-01 -1.061566404865626756e-01 -2.129988830524350840e-01 8.362896414876038742e-01 5.853388900967777531e-01 1.581181266824221304e-02 -1.784101802888909682e-01 -5.726788518012341234e-01 2.841815336886306942e-01 6.405938428691453357e-01 -5.425357168861065782e-01 -5.112345108039197117e-02 9.022104989527561791e-01 1.891245360668867004e-01 -3.125530869576291226e-01 -3.074821094759053741e-01 6.734523661055311639e-01 3.865869376477183983e-01 2.695366357023445403e-01 -2.669244855415503492e-01 1.489531560140921806e+00 7.311095407624598197e-01
-1.076159181363528949e+00 -6.436020197539291665e-01 -2.892974502807974080e+00 5.211124435401406352e-01 1.116186496941663187e+01 3.531464924658653248e-01 -2.204709132667153515e+00 -1.310208164774596007e+00 1.194592695769694513e-01 6.639889020329691194e-01 -4.334847279876750253e-02 -8.401706413470602097e-01 -1.828383940217852624e-02 4.496027993280036217e-01 -5.048490011625071938e-01 -2.078145494333564769e-01 1.027484617211393003e-01 7.324004062437179385e-01 -1.302903851217043218e-01 -4.091227390469169278e-01 -4.479821587225215618e-01 -4.439285030707306734e-01 2.730852012886493263e-01 8.174468395750524863e-01 -1.313402554939040456e-01 -4.146659730788992970e-01 -2.350596798070295201e-01 -3.545758359669450299e-01 -9.030528777652259420e-02 -7.745364431295128638e-01 4.607463273156436334e-01 -9.978008944004876368e-02 4.796675213814252103e-01 -3.402451790410961352e-01 2.129074734461049601e-03 -3.061465406436210124e-01 -5.515720468700249235e-01 5.722338898382640648e-01 9.956167448337815973e-01 6.416211977718246917e-01
1.113553855258754832e-01 -1.345217230624758398e-01 -1.524550126172669717e+00 -1.470937129703489665e+00 3.531464924658653248e-01 1.047686052696107062e+01 5.691325820954442616e-01 -2.530558071041311585e+00 -1.568785822835411459e+00 -1.121897592683520184e+00 1.082177773911374707e+00 3.196716671739744942e-01 -5.312511101250774193e-01 -4.380300436304506717e-01 -1.887048139150670212e-01 -3.054717917370100011e-01 -5.228107693736013806e-01 4.560447794544799649e-01 6.371011998123550235e-01 -5.259662605094233001e-01 -7.349913041375397693e-01 1.090676981087100039e-01 6.899973804974215974e-02 2.996228631921642460e-01 5.856128970949584997e-03 1.462852176526655001e-01 -7.141383222491944904e-01 -2.027599050714567197e-01 -1.779934068885486017e-03 -2.660344608594188420e-01 2.324578097381694297e-01 1.632721556731760448e-01 -7.048169003797833954e-01 9.351286509373469835e-01 4.889313641178289482e-01 -4.706355412477418731e-01 -9.303336821626642661e-02 -5.415123058303987769e-01 4.579781523009105459e-01 1.659929068746811009e-01
3.884394438659053428e-01 9.253049833310562633e-01 -7.162466764447825152e-02 -9.037740279079935490e-01 -2.204709132667153515e+00 5.691325820954442616e-01 1.123680414205994893e+01 5.297187335589349511e-01 -2.717242607639269281e+00 -1.708481088339256049e+00 4.086062561843725738e-01 1.490761617616462642e+00 -3.310428448605228224e-01 -9.974227188513418163e-01 -2.027860080346167472e-03 4.337243588437252884e-01 2.822738602680377462e-01 1.703963343768681027e-01 1.036497668981352316e+00 -3.677276716782534871e-02 -1.138989792272127488e+00 1.102828526128166509e+00 3.129640532468769276e-01 -2.785256851709475012e-01 -5.458461894493885774e-02 8.156450309251206399e-01 4.705004049500157159e-01 7.270451235600532414e-01 1.082026493856401948e-02 -4.079172394733036056e-01 -6.425108104868224590e-01 -7.958805864343021508e-01 -7.632653734010002022e-01 4.403775041346171260e-01 2.095321038959053750e-01 -4.670440886615680465e-01 2.012874785108562797e-02 1.271356340840165411e-01 -4.721635722352872655e-01 -1.464263496391981501e-01
-2.534166957444646678e-02 1.720911252624970633e-01 2.713628119351812473e-01 -2.174718044124955910e-02 -1.310208164774596007e+00 -2.530558071041311585e+00 5.297187335589349511e-01 1.370167542352291434e+01 6.980126938983389762e-01 -2.359754770102098664e+00 -2.696061522469224592e+00 2.292650593448972707e-01 1.163053885297451906e+00 5.314387264943246647e-01 -5.748727983273362874e-01 -4.715688388997308356e-01 -1.559526132712326686e-02 -3.663747443421533356e-01 -3.584349148114250594e-02 -1.116959257051608340e-01 5.899048386286001935e-03 2.623830149808680789e-01 6.840752464199431615e-02 -5.780737720189669249e-01 -7.181361894921560740e-01 7.259956266734973740e-02 8.482111968992538387e-01 6.766714685991807032e-01 2.168939297465317662e-01 2.560452643426256239e-02 -2.752245540817168656e-01 -4.407145615796207450e-01 5.251196134037526830e-01 4.625274181541660923e-01 -9.690284426354279779e-01 1.946638023243887627e-01 3.531882589017620866e-01 -2.029989677577731244e-01 -3.305048871382266218e-01 9.731392098150175307e-02
1.506101903513407669e-01 -5.128225727205419915e-01 1.711727719539600512e-02 2.015258751696402117e-01 1.194592695769694513e-01 -1.568785822835411459e+00 -2.717242607639269281e+00 6.980126938983389762e-01 1.363944700424464784e+01 1.604618152797425479e+00 -3.174115744607623135e+00 -2.403967848275090358e+00 -7.864048320255878632e-01 1.693263841419785809e+00 -2.098220838295938168e-02 -6.879780278505460700e-01 2.277433302225924938e-01 -1.561358310192262067e-01 -4.706818782852451033e-02 3.226463674195839126e-01 -3.448061269136128426e-01 3.334294418840843544e-01 9.175385573578452858e-01 3.640482506491603543e-01 -9.099044571816674587e-01 -1.174599457925458168e+00 2.941280720810843241e-01 -1.874092274550542003e-01 1.510799911286497543e-01 9.848497149636757653e-02 4.049795405575493668e-01 8.002732050174178324e-01 1.118409222873474190e-01 -8.581429387222194727e-01 -5.668006652389731004e-01 5.911663763405485689e-02 5.327618872877509792e-02 -2.619348273942741501e-01 -7.102598661597956387e-01 -3.134476995404472111e-01
-4.625427021662668614e-01 4.839143333994793128e-01 -7.834137820106254479e-02 8.839039857851364868e-02 6.639889020329691194e-01 -1.121897592683520184e+00 -1.708481088339256049e+00 -2.359754770102098664e+00 1.604618152797425479e+00 1.180295201009171357e+01 1.364156363767438374e-01 -2.701061076350024237e+00 -5.444009885546112759e-01 6.114500575844348390e-02 8.319321080753139253e-01 -7.320100489076067363e-03 -2.805166326710343827e-01 -4.834231653331951817e-01 -8.010005413125740326e-01 6.600936680582379645e-02 -3.872848454524216444e-01 1.884815228255208308e-01 -3.200506175952710919e-01 5.119055522809030645e-01 1.741759202207738555e-01 -5.588482295490083684e-01 -2.269171995178781154e-01 -2.798729551532490589e-01 1.043344247415335824e+00 -7.071710513150929467e-01 3.824870261249084247e-01 8.275486181015664355e-01 1.010370529618374702e+00 -8.870468295550283377e-01 -6.836605022089106143e-01 7.050288607131945939e-01 1.808080648162333215e-01 7.619176125320860082e-01 -8.399257071504992456e-02 -2.927138824066242151e-01
-5.844000152078401150e-02 2.664339816410059014e-01 -4.583632640722408169e-01 -3.712800808271545794e-01 -4.334847279876750253e-02 1.082177773911374707e+00 4.086062561843725738e-01 -2.696061522469224592e+00 -3.174115744607623135e+00 1.364156363767438374e-01 1.219307584466705130e+01 9.318213305134875890e-01 -3.207666104786293992e+00 -2.420316341140721139e+00 4.846057511533585771e-01 1.049494418603458268e+00 4.607362777423211764e-01 -1.775764748191700076e-02 3.850158886837716787e-01 2.605565913334568773e-01 2.559391795859526919e-01 2.228409015600077148e-01 -1.111736422048696937e-01 -2.152225770023368512e-01 1.481173214764660573e-01 -1.997854026207367129e-01 -4.878332612326666817e-01 -4.806969316193569070e-02 2.288138297155473400e-01 1.623059670087213802e-01 -2.545368162801888712e-01 -5.322072756371349911e-01 -5.155269936470036063e-01 2.788404216061502461e-01 5.308404910673235610e-01 4.156307144840102885e-01 3.425074187570335826e-02 3.223749493691469709e-02 8.643960439162310383e-01 1.094497384331165196e-01
1.488768340355549336e-01 -2.499090600354410274e-01 9.923202213013863071e-01 6.326958626438611288e-01 -8.401706413470602097e-01 3.196716671739744942e-01 1.490761617616462642e+00 2.292650593448972707e-01 -2.403967848275090358e+00 -2.701061076350024237e+00 9.318213305134875890e-01 1.180801514743280123e+01 4.183831437695578748e-01 -2.405108030721067713e+00 -8.991035249454403244e-01 -1.349467613475986871e+00 8.491596674833188363e-01 4.052132848687811650e-01 -1.205341378765220767e-01 2.579573723392179496e-01 -6.251835423262310787e-01 1.201165503007485258e-01 9.013899669443949936e-01 -8.796955352439818077e-01 1.980166400047125019e-01 5.142976327391399760e-01 4.740536167242732080e-01 -3.174472129751900185e-01 -6.575225786136588146e-01 1.269482200691382512e-01 5.192142031996690443e-01 -5.865781306895883063e-01 -1.185325845902752140e-01 6.177769378395919775e-01 -3.864397104706212421e-02 -3.909077983447299676e-02 -4.701656573863831623e-01 5.681600339438946934e-01 3.572273178078357314e-01 2.414909834683030831e-01
-1.423817589744559575e-01 -1.603635621904103414e-01 1.331569447780060755e-01 5.902171836675838140e-02 -1.828383940217852624e-02 -5.312511101250774193e-01 -3.310428448605228224e-01 1.163053885297451906e+00 -7.864048320255878632e-01 -5.444009885546112759e-01 -3.207666104786293992e+00 4.183831437695578748e-01 1.235105798815970957e+01 6.119377891793644775e-01 -3.673440138968664392e+00 -1.148257351093489032e+00 6.549959648823525105e-02 1.642675144172822677e+00 5.836816260033397263e-01 -2.588310828284891008e-01 -7.417141085868432793e-01 -5.201515997576245942e-01 -8.267666130375498357e-01 3.620867514933863718e-01 2.559506888763614096e-01 -4.241515697305952015e-01 1.328269609521886274e-01 6.847020252698782228e-02 6.699252546343488213e-01 2.644926941861318673e-02 -8.079597484952163455e-01 -7.007099409975855453e-01 2.042238401909371726e-01 1.076755146164842358e+00 1.111563725169266992e-01 4.712966477470098559e-02 2.311939449177918826e-01 1.095866100633580420e-01 -4.675156460628430155e-01 3.983347887165409884e-01
4.675555421206998297e-01 4.253001654733857273e-01 5.416540150644666429e-01 -5.535464653912839372e-01 4.496027993280036217e-01 -4.380300436304506717e-01 -9.974227188513418163e-01 5.314387264943246647e-01 1.693263841419785809e+00 6.114500575844348390e-02 -2.420316341140721139e+00 -2.405108030721067713e+00 6.119377891793644775e-01 1.377234760380183154e+01 6.944282891364889077e-02 -2.649411786295952531e+00 -2.308976985630756040e+00 -1.143746604534079836e+00 1.570665972624191387e+00 2.436335621098256188e-01 -7.125017171635820157e-01 -2.753033884669195408e-01 -9.146829724408289675e-01 7.741432823413813002e-01 1.048233843872034277e-01 -3.614827911241552116e-01 -8.016930958796782969e-01 -3.730421236566727194e-01 7.536098627079947931e-01 -6.713239970718014316e-02 5.164085522586242538e-02 -5.341011518800099500e-01 -8.737406381506376274e-01 1.244549296996411286e-01 5.953487456388005805e-01 -1.095216799516147921e+00 -1.314889781705627092e-01 -3.501266388326700341e-01 -6.757055994661066434e-01 1.003583125303912499e-01
9.346004604253553560e-02 1.165838942480911911e+00 -2.623879980865780337e-01 -4.309678951001902347e-02 -5.048490011625071938e-01 -1.887048139150670212e-01 -2.027860080346167472e-03 -5.748727983273362874e-01 -2.098220838295938168e-02 8.319321080753139253e-01 4.846057511533585771e-01 -8.991035249454403244e-01 -3.673440138968664392e+00 6.944282891364889077e-02 1.283591566372475690e+01 4.530349413001177328e-01 -3.113996326966403050e+00 -3.180723628311644013e+00 -6.156458246996241446e-01 2.296789714474396504e+00 9.699106143054178064e-01 -6.231472342206777482e-01 -2.604268931410195220e-01 -2.256103204343434254e-01 9.994480216636668635e-01 2.744848549348951061e-01 -3.538141625653070110e-01 -4.030735733754231553e-01 -1.337052766840495455e+00 7.692008206930180947e-01 7.111124537185630201e-01 1.456497732803774814e-01 -1.920971711070267984e+00 -1.352584955541323186e+00 9.738386400355171224e-01 4.490929136983429770e-01 4.137374675853553452e-01 -1.165432590692819348e+00 -2.460713832704922721e-01 2.514380620368191765e-01
-1.509086271531043799e-01 -6.962230336615905964e-03 -2.504556420866492841e-02 1.179473817147441039e+00 -2.078145494333564769e-01 -3.054717917370100011e-01 4.337243588437252884e-01 -4.715688388997308356e-01 -6.879780278505460700e-01 -7.320100489076067363e-03 1.049494418603458268e+00 -1.349467613475986871e+00 -1.148257351093489032e+00 -2.649411786295952531e+00 4.530349413001177328e-01 1.186903613158690796e+01 1.033763740685747834e+00 -2.342756311519435197e+00 -8.194138815365876738e-01 1.209385892991014268e-02 1.176534787106765512e+00 3.631431544091943686e-01 3.877433020349127513e-01 3.053945930601844119e-02 -4.499545045064993198e-01 -3.482494841195090118e-01 -6.936763511426080608e-01 3.826114767034728970e-01 7.440462010145446614e-01 4.726578979397523805e-01 8.087898715840018127e-02 4.124824388712532985e-01 -4.935755746177235004e-01 -2.942657887568290165e-01 -8.373047843978709270e-01 5.112189483562913361e-01 -3.564460690912455917e-04 2.197179117542686633e-01 3.588739062341784747e-01 -4.502799661429028877e-01
-1.000990708939540674e+00 -4.682287444478143712e-01 2.587941206163421048e-01 -2.205963287160423170e-01 1.027484617211393003e-01 -5.228107693736013806e-01 2.822738602680377462e-01 -1.559526132712326686e-02 2.277433302225924938e-01 -2.805166326710343827e-01 4.607362777423211764e-01 8.491596674833188363e-01 6.549959648823525105e-02 -2.308976985630756040e+00 -3.113996326966403050e+00 1.033763740685747834e+00 1.129092523783323010e+01 1.409064158467307148e+00 -3.054651237437614242e+00 -1.333513699295155508e+00 -4.270075307572986367e-01 1.337583383547861660e+00 2.422089977584182541e-01 -3.870924856178397655e-01 -2.169766890415187610e-01 2.894601701043890696e-01 5.832819331212317771e-01 4.967967108735825699e-01 3.851584731970710274e-01 -4.294408452992137110e-02 1.767157781837563335e-01 1.124628176354843578e+00 5.981903684692545520e-01 -7.566216963301738430e-01 -1.139388148090342279e+00 -4.651494159669616879e-01 6.343879304693489374e-01 8.120023628738503030e-01 -2.417269687756769952e-02 3.586929950598797268e-01
2.790603250147926651e-01 -7.486955738631508872e-01 -4.400274870780839231e-01 2.469620844219587441e-01 7.324004062437179385e-01 4.560447794544799649e-01 1.703963343768681027e-01 -3.663747443421533356e-01 -1.561358310192262067e-01 -4.834231653331951817e-01 -1.775764748191700076e-02 4.052132848687811650e-01 1.642675144172822677e+00 -1.143746604534079836e+00 -3.180723628311644013e+00 -2.342756311519435197e+00 1.409064158467307148e+00 1.223200880924241396e+01 7.232999239523181245e-01 -3.104780437762681533e+00 -2.016769038638028810e+00 -3.835239363573913485e-01 8.219960121064211478e-01 1.532697113924940402e-01 -9.290648652688532350e-01 -5.950296036555482448e-01 8.092343039201323196e-02 1.834811284460099445e-01 1.628010299804650562e-01 4.846899432217833814e-01 -5.391969035880831429e-01 -2.368474251586051293e-01 7.413869990964887524e-01 7.960060688677819130e-01 6.155145910070051185e-01 3.814406683938715431e-02 -3.964329868440292781e-01 7.884611970080124266e-02 5.082940285612294051e-01 -4.046790121179319466e-01
8.601744607461710990e-01 1.125976944498272347e+00 -5.650516315770619524e-01 -6.155309754782427589e-01 -1.302903851217043218e-01 6.371011998123550235e-01 1.036497668981352316e+00 -3.584349148114250594e-02 -4.706818782852451033e-02 -8.010005413125740326e-01 3.850158886837716787e-01 -1.205341378765220767e-01 5.836816260033397263e-01 1.570665972624191387e+00 -6.156458246996241446e-01 -8.194138815365876738e-01 -3.054651237437614242e+00 7.232999239523181245e-01 1.241134136474245331e+01 6.225537509556807736e-01 -2.249993984555849647e+00 -1.252193080976570894e+00 -1.165042750587645282e+00 5.012146634361351882e-01 4.728548340729818444e-02 3.171806765726603028e-01 -6.660456374009959823e-01 3.869008413804877478e-01 -9.848840709204408073e-02 -2.644386392476054670e-01 -2.466556771462974189e-03 -7.029274562402800797e-01 -1.234441622611518047e-01 -3.111476259245749554e-01 2.482996385086969626e-01 2.959634687579434931e-01 -8.856893711739777242e-02 -4.583737844476846734e-01 -1.145006529607821011e-01 -2.241377447549061097e-01
-6.645950520875808509e-01 1.846019191958619299e+00 6.173705407334574291e-01 -1.061566404865626756e-01 -4.091227390469169278e-01 -5.259662605094233001e-01 -3.677276716782534871e-02 -1.116959257051608340e-01 3.226463674195839126e-01 6.600936680582379645e-02 2.605565913334568773e-01 2.579573723392179496e-01 -2.588310828284891008e-01 2.436335621098256188e-01 2.296789714474396504e+00 1.209385892991014268e-02 -1.333513699295155508e+00 -3.104780437762681533e+00 6.225537509556807736e-01 1.235653292762495781e+01 9.092499709127486174e-01 -2.929059005413253924e+00 -1.386116644797679376e+00 -1.841756019655940158e-01 9.213395641448282047e-01 4.326661435252747157e-01 -2.779283983225674382e-01 3.315259413365901492e-02 1.829202089466594738e-01 -1.256162261402681557e-01 2.239214250851579158e-01 -3.823532379632153533e-01 -8.088976780688475476e-02 -6.902532337909272897e-01 6.125821961382896808e-01 4.010774812037559145e-01 4.197697914226622418e-01 -8.169443131267333236e-01 -1.091327394230044323e+00 1.141207445075643478e-01
1.038985983165270806e-02 -3.643396616933124443e-01 4.023718799004797342e-01 -2.129988830524350840e-01 -4.479821587225215618e-01 -7.349913041375397693e-01 -1.138989792272127488e+00 5.899048386286001935e-03 -3.448061269136128426e-01 -3.872848454524216444e-01 2.559391795859526919e-01 -6.251835423262310787e-01 -7.417141085868432793e-01 -7.125017171635820157e-01 9.699106143054178064e-01 1.176534787106765512e+00 -4.270075307572986367e-01 -2.016769038638028810e+00 -2.249993984555849647e+00 9.092499709127486174e-01 1.129110392009009445e+01 3.594333684059989320e-01 -2.867923821968487275e+00 -1.476384108390137451e+00 -1.219307564907336633e-01 1.482932762008328353e+00 6.041059864728135498e-01 -6.508417206244192510e-01 -5.172309825697511965e-01 2.914003912822469844e-01 1.743837168888915934e-01 2.341932060889922174e-01 -5.616705403245240980e-02 -3.620152895479379351e-01 -2.273352826998471243e-01 -8.222818757261421418e-02 -2.023432609800948356e-01 3.909487107498812453e-01 7.783314809085699615e-01 -8.030459072117019925e-01
-2.828430937629072273e-01 -6.498177110595316774e-01 5.819867373286536916e-01 8.362896414876038742e-01 -4.439285030707306734e-01 1.090676981087100039e-01 1.102828526128166509e+00 2.623830149808680789e-01 3.334294418840843544e-01 1.884815228255208308e-01 2.228409015600077148e-01 1.201165503007485258e-01 -5.201515997576245942e-01 -2.753033884669195408e-01 -6.231472342206777482e-01 3.631431544091943686e-01 1.337583383547861660e+00 -3.835239363573913485e-01 -1.252193080976570894e+00 -2.929059005413253924e+00 3.594333684059989320e-01 1.196345503913811292e+01 8.523899823427060207e-01 -3.086515818508758002e+00 -1.910592108023685620e+00 2.846583559658542595e-01 1.724369924909546326e+00 3.875019285385645773e-01 -6.178221982969166470e-01 -6.374660420642617176e-01 1.119192694283457579e+00 5.526170928933105131e-01 -1.025865913661856421e+00 2.696009830953365882e-01 3.529252643173546450e-02 -6.285291666030748958e-01 7.150990101585976699e-01 -2.695386299962868049e-01 9.489426618233334221e-01 -1.611170258355141272e-01
-1.672032719319533067e-01 -6.650491917011702725e-01 3.188743041340587059e-01 5.853388900967777531e-01 2.730852012886493263e-01 6.899973804974215974e-02 3.129640532468769276e-01 6.840752464199431615e-02 9.175385573578452858e-01 -3.200506175952710919e-01 -1.111736422048696937e-01 9.013899669443949936e-01 -8.267666130375498357e-01 -9.146829724408289675e-01 -2.604268931410195220e-01 3.877433020349127513e-01 2.422089977584182541e-01 8.219960121064211478e-01 -1.165042750587645282e+00 -1.386116644797679376e+00 -2.867923821968487275e+00 8.523899823427060207e-01 1.163365220167552927e+01 9.532026540252866997e-01 -2.674459472824427309e+00 -1.658874893587894750e+00 -3.479389643329103832e-01 1.111785955845785656e+00 2.890848531970429125e-01 -2.124696326172155481e-01 -5.897443888212353658e-01 -6.486564950080609959e-01 3.200595219200269570e-01 3.109545497339842868e-01 6.338275010690517242e-01 6.003810752003854168e-01 -4.752341918214698091e-01 -1.978291846464319825e-01 -1.595474381545344267e-01 5.260277020310006879e-01
3.420130100423076636e-01 2.343273409419178721e-01 -2.196631749629830710e-01 1.581181266824221304e-02 8.174468395750524863e-01 2.996228631921642460e-01 -2.785256851709475012e-01 -5.780737720189669249e-01 3.640482506491603543e-01 5.119055522809030645e-01 -2.152225770023368512e-01 -8.796955352439818077e-01 3.620867514933863718e-01 7.741432823413813002e-01 -2.256103204343434254e-01 3.053945930601844119e-02 -3.870924856178397655e-01 1.532697113924940402e-01 5.012146634361351882e-01 -1.841756019655940158e-01 -1.476384108390137451e+00 -3.086515818508758002e+00 9.532026540252866997e-01 1.122231411591962669e+01 1.313203694336323724e-01 -2.190608948339228146e+00 -1.856406389365759413e+00 -8.430511204294119931e-01 9.867904584660620593e-01 8.243647700475712492e-01 -8.864385558335811099e-01 -1.854707740170766783e-01 4.320045793461831790e-02 -4.858081938292275748e-01 1.400289717251829713e-01 -5.799697204829070696e-01 3.683258695817091116e-02 3.587549170626311845e-01 8.650224456147856400e-02 3.521565134101361516e-01
6.152344183590666843e-02 -2.469100809311717548e-01 -4.189367165426888806e-01 -1.784101802888909682e-01 -1.313402554939040456e-01 5.856128970949584997e-03 -5.458461894493885774e-02 -7.181361894921560740e-01 -9.099044571816674587e-01 1.741759202207738555e-01 1.481173214764660573e-01 1.980166400047125019e-01 2.559506888763614096e-01 1.048233843872034277e-01 9.994480216636668635e-01 -4.499545045064993198e-01 -2.169766890415187610e-01 -9.290648652688532350e-01 4.728548340729818444e-02 9.213395641448282047e-01 -1.219307564907336633e-01 -1.910592108023685620e+00 -2.674459472824427309e+00 1.313203694336323724e-01 1.106209047857059957e+01 8.267774329866096616e-01 -1.873245549178664815e+00 -1.102026092087972309e+00 -1.052236170967578044e+00 6.027224386282949986e-01 3.561936963790255373e-01 -1.721016281969703354e-01 -5.315488523096588702e-01 1.262161585205359149e-01 1.509443044123242594e-01 -1.549386283333510361e-01 -8.099627637169790617e-01 9.814566116449792779e-03 -3.665802049319626388e-01 9.130579160124873139e-01
1.087441057183525239e-01 2.055843909419238780e-01 1.533553709187325254e-01 -5.726788518012341234e-01 -4.146659730788992970e-01 1.462852176526655001e-01 8.156450309251206399e-01 7.259956266734973740e-02 -1.174599457925458168e+00 -5.588482295490083684e-01 -1.997854026207367129e-01 5.142976327391399760e-01 -4.241515697305952015e-01 -3.614827911241552116e-01 2.744848549348951061e-01 -3.482494841195090118e-01 2.894601701043890696e-01 -5.950296036555482448e-01 3.171806765726603028e-01 4.326661435252747157e-01 1.482932762008328353e+00 2.846583559658542595e-01 -1.658874893587894750e+00 -2.190608948339228146e+00 8.267774329866096616e-01 1.070390351378510729e+01 3.272335404740759901e-01 -2.048987616922468114e+00 -5.486267497828620776e-01 -2.921667330204711921e-01 8.618568475318456601e-01 4.526806225787159410e-01 -2.368372763321546781e-02 -1.826505356027600391e-01 -3.354861438664665657e-02 8.175362089948445821e-02 -6.546593717373982990e-02 4.531081472872644511e-02 2.108420248709464984e-01 -6.987324949778972449e-01
-1.478809593837293046e-01 -4.275176982118704117e-01 3.649102956105067519e-01 2.841815336886306942e-01 -2.350596798070295201e-01 -7.141383222491944904e-01 4.705004049500157159e-01 8.482111968992538387e-01 2.941280720810843241e-01 -2.269171995178781154e-01 -4.878332612326666817e-01 4.740536167242732080e-01 1.328269609521886274e-01 -8.016930958796782969e-01 -3.538141625653070110e-01 -6.936763511426080608e-01 5.832819331212317771e-01 8.092343039201323196e-02 -6.660456374009959823e-01 -2.779283983225674382e-01 6.041059864728135498e-01 1.724369924909546326e+00 -3.479389643329103832e-01 -1.856406389365759413e+00 -1.873245549178664815e+00 3.272335404740759901e-01 1.128328115389522779e+01 1.205058055057833366e+00 -2.461744481387100336e+00 -1.992109904271898380e+00 2.221671037751305200e-01 5.951462408121105385e-01 -2.564827931120934323e-01 -9.480756486741058822e-03 -1.649705312125427370e-01 3.402821097284458030e-01 8.977768223767860212e-01 -4.889754956788106011e-02 -1.460000146363817919e-01 -1.789823124827948087e-01
-3.141135970871593019e-01 2.316456997028907075e-03 8.323427763906614263e-02 6.405938428691453357e-01 -3.545758359669450299e-01 -2.027599050714567197e-01 7.270451235600532414e-01 6.766714685991807032e-01 -1.874092274550542003e-01 -2.798729551532490589e-01 -4.806969316193569070e-02 -3.174472129751900185e-01 6.847020252698782228e-02 -3.730421236566727194e-01 -4.030735733754231553e-01 3.826114767034728970e-01 4.967967108735825699e-01 1.834811284460099445e-01 3.869008413804877478e-01 3.315259413365901492e-02 -6.508417206244192510e-01 3.875019285385645773e-01 1.111785955845785656e+00 -8.430511204294119931e-01 -1.102026092087972309e+00 -2.048987616922468114e+00 1.205058055057833366e+00 1.058867527453592317e+01 5.796410607808544224e-02 -2.097520812460778927e+00 -4.040359039729800039e-01 -7.962099970114315806e-01 1.006805869881594262e+00 6.516717886207676891e-01 -1.502064897816664524e-01 -8.750108883520586744e-02 8.909894269109852605e-01 1.964974885277408767e-01 -8.520735693569357894e-01 -1.078449976269323513e-01
4.615083015187155246e-01 1.766215894335584069e-01 -2.052250756629332984e-01 -5.425357168861065782e-01 -9.030528777652259420e-02 -1.779934068885486017e-03 1.082026493856401948e-02 2.168939297465317662e-01 1.510799911286497543e-01 1.043344247415335824e+00 2.288138297155473400e-01 -6.575225786136588146e-01 6.699252546343488213e-01 7.536098627079947931e-01 -1.337052766840495455e+00 7.440462010145446614e-01 3.851584731970710274e-01 1.628010299804650562e-01 -9.848840709204408073e-02 1.829202089466594738e-01 -5.172309825697511965e-01 -6.178221982969166470e-01 2.890848531970429125e-01 9.867904584660620593e-01 -1.052236170967578044e+00 -5.486267497828620776e-01 -2.461744481387100336e+00 5.796410607808544224e-02 1.121588662782094659e+01 2.680392298535845264e-01 -2.685500511515123812e+00 -1.706528613657303017e+00 -6.336228146165680253e-02 6.421823923677704160e-01 -4.312576787401845579e-01 -7.544087117492184191e-01 -5.960110869320943694e-01 3.694930437854419547e-01 2.621035533119366046e-02 2.541598843026381949e-01
6.658516213458413047e-01 2.545612570077186443e-01 2.309190514772824221e-01 -5.112345108039197117e-02 -7.745364431295128638e-01 -2.660344608594188420e-01 -4.079172394733036056e-01 2.560452643426256239e-02 9.848497149636757653e-02 -7.071710513150929467e-01 1.623059670087213802e-01 1.269482200691382512e-01 2.644926941861318673e-02 -6.713239970718014316e-02 7.692008206930180947e-01 4.726578979397523805e-01 -4.294408452992137110e-02 4.846899432217833814e-01 -2.644386392476054670e-01 -1.256162261402681557e-01 2.914003912822469844e-01 -6.374660420642617176e-01 -2.124696326172155481e-01 8.243647700475712492e-01 6.027224386282949986e-01 -2.921667330204711921e-01 -1.992109904271898380e+00 -2.097520812460778927e+00 2.680392298535845264e-01 1.132922326273684988e+01 7.075925000389527986e-01 -2.072510732960048063e+00 -1.432696249953119283e+00 -6.490401680583587352e-01 1.017957629045441958e+00 5.331385444307106258e-01 -6.732732469354086868e-01 -7.473573315661727889e-01 -1.053968961251269265e+00 1.463744709941313671e-01
-3.294693982035563073e-01 4.437577088553913418e-01 -2.615008152991954438e-01 9.022104989527561791e-01 4.607463273156436334e-01 2.324578097381694297e-01 -6.425108104868224590e-01 -2.752245540817168656e-01 4.049795405575493668e-01 3.824870261249084247e-01 -2.545368162801888712e-01 5.192142031996690443e-01 -8.079597484952163455e-01 5.164085522586242538e-02 7.111124537185630201e-01 8.087898715840018127e-02 1.767157781837563335e-01 -5.391969035880831429e-01 -2.466556771462974189e-03 2.239214250851579158e-01 1.743837168888915934e-01 1.119192694283457579e+00 -5.897443888212353658e-01 -8.864385558335811099e-01 3.561936963790255373e-01 8.618568475318456601e-01 2.221671037751305200e-01 -4.040359039729800039e-01 -2.685500511515123812e+00 7.075925000389527986e-01 1.076395194986262283e+01 1.156256498648552844e+00 -3.421033294378891032e+00 -1.031600788473880481e+00 -3.263938082203413082e-01 6.979968702014156534e-01 4.223055475602033870e-01 -1.034010637825653944e+00 -4.096651937210901706e-01 -1.416351184251091466e-01
-6.246945385481769142e-01 5.417644526096948576e-01 -2.065501924987284132e-01 1.891245360668867004e-01 -9.978008944004876368e-02 1.632721556731760448e-01 -7.958805864343021508e-01 -4.407145615796207450e-01 8.002732050174178324e-01 8.275486181015664355e-01 -5.322072756371349911e-01 -5.865781306895883063e-01 -7.007099409975855453e-01 -5.341011518800099500e-01 1.456497732803774814e-01 4.124824388712532985e-01 1.124628176354843578e+00 -2.368474251586051293e-01 -7.029274562402800797e-01 -3.823532379632153533e-01 2.341932060889922174e-01 5.526170928933105131e-01 -6.486564950080609959e-01 -1.854707740170766783e-01 -1.721016281969703354e-01 4.526806225787159410e-01 5.951462408121105385e-01 -7.962099970114315806e-01 -1.706528613657303017e+00 -2.072510732960048063e+00 1.156256498648552844e+00 1.268790178337566310e+01 1.063283214774916052e+00 -2.146844118407868152e+00 -2.493400366807425605e+00 -7.262422676706029590e-01 1.643798855346088272e+00 8.279159322585928349e-01 -5.009639668321580475e-01 -2.088542573836351113e-01
-1.598995898514597447e-01 4.522023172167684013e-01 5.823441471599396513e-01 -3.125530869576291226e-01 4.796675213814252103e-01 -7.048169003797833954e-01 -7.632653734010002022e-01 5.251196134037526830e-01 1.118409222873474190e-01 1.010370529618374702e+00 -5.155269936470036063e-01 -1.185325845902752140e-01 2.042238401909371726e-01 -8.737406381506376274e-01 -1.920971711070267984e+00 -4.935755746177235004e-01 5.981903684692545520e-01 7.413869990964887524e-01 -1.234441622611518047e-01 -8.088976780688475476e-02 -5.616705403245240980e-02 -1.025865913661856421e+00 3.200595219200269570e-01 4.320045793461831790e-02 -5.315488523096588702e-01 -2.368372763321546781e-02 -2.564827931120934323e-01 1.006805869881594262e+00 -6.336228146165680253e-02 -1.432696249953119283e+00 -3.421033294378891032e+00 1.063283214774916052e+00 1.215942386886261595e+01 -5.347372271633188401e-02 -2.769450417436836176e+00 -1.012340277973637459e+00 -2.845706360771426691e-01 1.385389496145547517e+00 -8.769231196579351240e-01 -6.469346805878282147e-01
-3.911073591906805841e-02 -8.458933100172009167e-01 -2.479558254596272437e-01 -3.074821094759053741e-01 -3.402451790410961352e-01 9.351286509373469835e-01 4.403775041346171260e-01 4.625274181541660923e-01 -8.581429387222194727e-01 -8.870468295550283377e-01 2.788404216061502461e-01 6.177769378395919775e-01 1.076755146164842358e+00 1.244549296996411286e-01 -1.352584955541323186e+00 -2.942657887568290165e-01 -7.566216963301738430e-01 7.960060688677819130e-01 -3.111476259245749554e-01 -6.902532337909272897e-01 -3.620152895479379351e-01 2.696009830953365882e-01 3.109545497339842868e-01 -4.858081938292275748e-01 1.262161585205359149e-01 -1.826505356027600391e-01 -9.480756486741058822e-03 6.516717886207676891e-01 6.421823923677704160e-01 -6.490401680583587352e-01 -1.031600788473880481e+00 -2.146844118407868152e+00 -5.347372271633188401e-02 1.167175892366171475e+01 7.480295262677911783e-01 -3.032273327372678740e+00 -1.166720389321778129e+00 -1.888595745400741543e-01 1.290223375955559915e+00 -7.102259203447786051e-02
3.585769364086590083e-01 3.220249452627791525e-02 -5.662156637297238726e-01 6.734523661055311639e-01 2.129074734461049601e-03 4.889313641178289482e-01 2.095321038959053750e-01 -9.690284426354279779e-01 -5.668006652389731004e-01 -6.836605022089106143e-01 5.308404910673235610e-01 -3.864397104706212421e-02 1.111563725169266992e-01 5.953487456388005805e-01 9.738386400355171224e-01 -8.373047843978709270e-01 -1.139388148090342279e+00 6.155145910070051185e-01 2.482996385086969626e-01 6.125821961382896808e-01 -2.273352826998471243e-01 3.529252643173546450e-02 6.338275010690517242e-01 1.400289717251829713e-01 1.509443044123242594e-01 -3.354861438664665657e-02 -1.649705312125427370e-01 -1.502064897816664524e-01 -4.312576787401845579e-01 1.017957629045441958e+00 -3.263938082203413082e-01 -2.493400366807425605e+00 -2.769450417436836176e+00 7.480295262677911783e-01 1.108864459937325719e+01 1.176159474935523974e+00 -2.141627151127331263e+00 -1.982576033343740329e+00 3.073177505042820785e-03 6.127289995306216541e-01
1.127279195488414709e+00 8.104363428061032160e-01 1.647576022497121151e-01 3.865869376477183983e-01 -3.061465406436210124e-01 -4.706355412477418731e-01 -4.670440886615680465e-01 1.946638023243887627e-01 5.911663763405485689e-02 7.050288607131945939e-01 4.156307144840102885e-01 -3.909077983447299676e-02 4.712966477470098559e-02 -1.095216799516147921e+00 4.490929136983429770e-01 5.112189483562913361e-01 -4.651494159669616879e-01 3.814406683938715431e-02 2.959634687579434931e-01 4.010774812037559145e-01 -8.222818757261421418e-02 -6.285291666030748958e-01 6.003810752003854168e-01 -5.799697204829070696e-01 -1.549386283333510361e-01 8.175362089948445821e-02 3.402821097284458030e-01 -8.750108883520586744e-02 -7.544087117492184191e-01 5.331385444307106258e-01 6.979968702014156534e-01 -7.262422676706029590e-01 -1.012340277973637459e+00 -3.032273327372678740e+00 1.176159474935523974e+00 1.133372896166707022e+01 9.190762790844683172e-01 -1.419150873393330015e+00 -2.394719818915973075e+00 -9.211231064135094737e-01
-7.698750020533600136e-01 2.977234515848074525e-01 4.572488212228723037e-01 2.695366357023445403e-01 -5.515720468700249235e-01 -9.303336821626642661e-02 2.012874785108562797e-02 3.531882589017620866e-01 5.327618872877509792e-02 1.808080648162333215e-01 3.425074187570335826e-02 -4.701656573863831623e-01 2.311939449177918826e-01 -1.314889781705627092e-01 4.137374675853553452e-01 -3.564460690912455917e-04 6.343879304693489374e-01 -3.964329868440292781e-01 -8.856893711739777242e-02 4.197697914226622418e-01 -2.023432609800948356e-01 7.150990101585976699e-01 -4.752341918214698091e-01 3.683258695817091116e-02 -8.099627637169790617e-01 -6.546593717373982990e-02 8.977768223767860212e-01 8.909894269109852605e-01 -5.960110869320943694e-01 -6.732732469354086868e-01 4.223055475602033870e-01 1.643798855346088272e+00 -2.845706360771426691e-01 -1.166720389321778129e+00 -2.141627151127331263e+00 9.190762790844683172e-01 1.141417173910811478e+01 -7.239593072867968326e-02 -2.703797094897100628e+00 -5.324272300177410600e-01
-1.744748548590983717e+00 -5.275596978450960428e-01 6.767518952503669416e-01 -2.669244855415503492e-01 5.722338898382640648e-01 -5.415123058303987769e-01 1.271356340840165411e-01 -2.029989677577731244e-01 -2.619348273942741501e-01 7.619176125320860082e-01 3.223749493691469709e-02 5.681600339438946934e-01 1.095866100633580420e-01 -3.501266388326700341e-01 -1.165432590692819348e+00 2.197179117542686633e-01 8.120023628738503030e-01 7.884611970080124266e-02 -4.583737844476846734e-01 -8.169443131267333236e-01 3.909487107498812453e-01 -2.695386299962868049e-01 -1.978291846464319825e-01 3.587549170626311845e-01 9.814566116449792779e-03 4.531081472872644511e-02 -4.889754956788106011e-02 1.964974885277408767e-01 3.694930437854419547e-01 -7.473573315661727889e-01 -1.034010637825653944e+00 8.279159322585928349e-01 1.385389496145547517e+00 -1.888595745400741543e-01 -1.982576033343740329e+00 -1.419150873393330015e+00 -7.239593072867968326e-02 1.080523056444431163e+01 1.408271751479093226e+00 -2.853892258848092389e+00
-2.267055109374980226e+00 -2.801947135050824933e+00 -2.262988379815906448e-01 1.489531560140921806e+00 9.956167448337815973e-01 4.579781523009105459e-01 -4.721635722352872655e-01 -3.305048871382266218e-01 -7.102598661597956387e-01 -8.399257071504992456e-02 8.643960439162310383e-01 3.572273178078357314e-01 -4.675156460628430155e-01 -6.757055994661066434e-01 -2.460713832704922721e-01 3.588739062341784747e-01 -2.417269687756769952e-02 5.082940285612294051e-01 -1.145006529607821011e-01 -1.091327394230044323e+00 7.783314809085699615e-01 9.489426618233334221e-01 -1.595474381545344267e-01 8.650224456147856400e-02 -3.665802049319626388e-01 2.108420248709464984e-01 -1.460000146363817919e-01 -8.520735693569357894e-01 2.621035533119366046e-02 -1.053968961251269265e+00 -4.096651937210901706e-01 -5.009639668321580475e-01 -8.769231196579351240e-01 1.290223375955559915e+00 3.073177505042820785e-03 -2.394719818915973075e+00 -2.703797094897100628e+00 1.408271751479093226e+00 1.249264217557430179e+01 4.592654831240593205e-02
