1.053756303411218376e+01 9.818786210821611737e-01 -1.904760811749214744e+00 -1.101539459604836235e+00 -8.764980207104899890e-01 3.490573572683660641e-01 3.517316085432503625e-01 6.330912162744659621e-01 -5.664561314488524707e-02 -7.714695217441361885e-01 -2.783263581847411072e-01 1.925248633889387329e-01 -6.240096677135202607e-02 -5.513070740014572868e-01 -1.056412140554293666e-01 -2.058706093370272772e-01 3.029036988759670757e-01 6.082924950760887350e-02 7.140373480970939601e-01 4.971108463175815673e-01 2.388512544312191566e-01 -3.369472470999121949e-01 -6.267403315492277027e-01 -1.152136312953933039e+00 6.478119395196189068e-01 1.977891178879912226e-01 -9.420589044069535567e-02 1.797244501934749383e-01 8.069123696003653590e-02 7.729199459352780188e-01 -2.870053030948117034e-01 -5.950271147662344884e-01 -6.563810566281342851e-01 -7.922252675682893430e-02 7.955202482863479307e-01 1.408342842662613781e-01 -3.750195543473784920e-01 -1.052946004138430425e+00 -1.577626278217700184e+00 8.047951926032325121e-01
9.818786210821611737e-01 9.278889703251147481e+00 5.450514949202286408e-01 -2.184096178775120300e+00 -1.106960559914912157e+00 -2.363726613836048818e-01 3.022488697154079307e-01 -6.761527840249155485e-02 -9.268463256438678188e-01 -3.591496482449390570e-01 1.852007940742721459e-01 -1.016940109577498669e-02 6.511695539323043569e-01 -7.106011310001270065e-02 -7.433771496122008049e-01 -1.063043167209104523e-01 -4.391676342096964003e-01 -7.601424240179288638e-02 1.906759087304943368e-02 2.785629621105230047e-01 2.988185797894895579e-01 -6.063732110430700706e-01 -8.180534969502437082e-02 -3.387892348957777799e-01 -2.030024729172964781e-01 3.551990283208061178e-02 -4.315566513499599077e-01 3.638591129555125980e-01 2.915104905290373805e-01 7.253958001104954256e-01 2.378519310117526986e-01 3.254799566200104466e-01 3.564421229540996050e-01 -2.937240386007028969e-01 6.974949776714001182e-02 3.406284810443934163e-01 -4.118087309519052192e-02 -5.061798039682898764e-01 -1.420481841984173599e+00 -2.043914211908542722e+00
-1.904760811749214744e+00 5.450514949202286408e-01 9.388233808211813525e+00 -6.799290220365850068e-03 -2.922877675805567232e+00 -6.589697648264998264e-01 -8.779513159199871242e-03 2.681722990397449879e-01 6.730082255765394705e-02 -1.213884370257230505e-01 9.833788220444926453e-02 -5.344225465452843160e-01 -9.603719079987937945e-01 3.176650430381768309e-01 1.502296955108715359e-01 1.933183064088070668e-01 -3.322905600423389783e-01 2.241715743416223816e-01 -3.569490828080744693e-01 2.061225234772581516e-01 -1.417232715676736143e-01 1.699680716680378179e-01 -1.998309890530478861e-01 3.249659459313776477e-02 -1.024413440637768513e+00 1.940267365337233763e-01 9.281124353821786910e-01 -1.595847237352043535e-01 -3.013606334430206646e-01 -6.521297590502524999e-01 -8.865363007721391297e-02 2.358168344192023147e-01 6.027660093869985358e-01 -6.795514536695628216e-01 -1.072701731828972216e+00 -1.121583217865685517e-02 4.993586077662870437e-01 2.972998770199056784e-01 -5.682084982322078703e-01 -5.089977645008840756e-01
-1.101539459604836235e+00 -2.184096178775120300e+00 -6.799290220365850068e-03 9.045868105020820948e+00 5.923790507508907011e-01 -1.306605033653723602e+00 -3.215624602408531651e-01 -4.017325685340909502e-01 1.344186866113012691e-01 -3.962020637897080144e-01 2.993521932940045732e-02 3.227197735189037409e-01 -1.110274676005930383e-02 1.649633380472771971e-01 -3.913800542589447318e-01 -4.809183938479484333e-01 -5.514207684394848430e-01 -2.941182572211135104e-01 -6.567016992604589598e-01 1.794331387199410155e-01 -2.221598020132945495e-01 5.478191100974232342e-01 2.370312383662308842e-01 6.261964476562520421e-02 -7.140182012470101813e-02 1.515379457189710947e-02 5.347048507866930533e-02 6.147994159767048578e-02 -1.063013174798016769e-01 -4.586047389952406794e-01 6.672569484398935269e-02 6.231016285660078147e-01 1.911661358289549473e-01 -4.125521854695327617e-01 -1.699430832842949435e-01 -2.139482619376358863e-01 1.828122107389026224e-02 -1.890126707144534624e-01 1.626789789825159982e+00 -3.908438857190955629e-01
-8.764980207104899890e-01 -1.106960559914912157e+00 -2.922877675805567232e+00 5.923790507508907011e-01 9.330055738798966658e+00 2.553069912811176123e-01 -1.496316568470674735e+00 -1.231769911263162820e+00 4.973365839273127254e-01 1.013974970176479307e+00 -3.951733953800786736e-01 -4.209483491182159365e-01 4.662773225867500870e-01 7.377178324440349932e-01 9.192388015453978323e-02 -2.990784895137600929e-01 2.776641217963591313e-01 -3.184772716226060008e-02 -3.626401635258998113e-02 -2.977827002264176182e-01 -2.137544544522022860e-02 1.023554490872479461e-01 2.969228066304800961e-01 4.327032424473156724e-01 -2.995215665758666490e-01 -1.395387964159791050e-01 2.737639246581947128e-01 -1.997498858532212040e-01 2.460954267011536134e-01 7.196009699781537317e-02 -3.806035228238079382e-01 -1.249736171850187316e-01 -2.794443646555016536e-01 2.509365536382516249e-01 -2.909310234124235992e-02 -1.403965395951700945e-01 -1.913187823222509132e-02 2.155559697419816012e-01 8.049901762573079544e-01 7.147930949001417567e-01
3.490573572683660641e-01 -2.363726613836048818e-01 -6.589697648264998264e-01 -1.306605033653723602e+00 2.553069912811176123e-01 9.331142893642214275e+00 8.408372922213818157e-01 -2.004075936310182549e+00 -6.987697872475773231e-01 -4.117102098350496897e-01 9.665242920983123376e-02 2.530265187606837718e-01 -3.384326972486047524e-01 -2.702034309497598485e-01 -2.077680933483309067e-01 -1.150878554962445344e-01 1.815822702293960061e-02 5.703666598101939100e-02 6.202358041488490459e-01 3.415476961073550810e-01 2.158217316535676333e-01 3.488950929047772431e-02 -1.729745679397461933e-01 7.956486510747422247e-02 1.400491525554790617e-01 1.033530076401474734e-01 -5.303954269633640584e-01 -1.805457718010954060e-01 -3.780109799937059201e-02 5.140743651536555658e-01 -6.926275218823292334e-01 -2.801271404946794052e-01 -1.082092440425554081e+00 1.453119864520240112e+00 1.772101752091621296e-01 -3.991224049781250671e-01 -1.018664714169518759e-01 -2.744201132213279770e-01 2.400059418538606770e-02 5.541258900652227259e-01
3.517316085432503625e-01 3.022488697154079307e-01 -8.779513159199871242e-03 -3.215624602408531651e-01 -1.496316568470674735e+00 8.408372922213818157e-01 8.977179118531832813e+00 3.109197411370350772e-01 -2.262544956821171738e+00 -2.674169365721659752e-01 1.515231426251109070e-01 5.442910026304532689e-01 1.259429190703988122e-01 -8.387024139415979462e-01 -2.041272037910764892e-01 -9.529023611199129162e-02 3.209558801031526243e-01 3.661768463043392763e-01 -2.450127442852102419e-02 -2.035395716953261325e-01 -2.038611782560248720e-01 -2.492420576341221328e-01 3.544127299971032152e-01 3.433329771715643575e-01 -4.486203728501753085e-02 -3.707392870759734782e-01 -1.004632898148010746e-02 -9.361092011331610674e-02 -4.188811189441873917e-01 -5.498364728022440973e-02 1.711080205649966046e-01 -3.741195231094749940e-01 -1.249265987585770760e-01 -5.743369786621702056e-02 4.075347880453356608e-01 -3.783647701643108596e-01 -4.805872125342407486e-01 -6.525780743505411874e-02 8.513734503066566761e-02 -9.986456263900725383e-02
6.330912162744659621e-01 -6.761527840249155485e-02 2.681722990397449879e-01 -4.017325685340909502e-01 -1.231769911263162820e+00 -2.004075936310182549e+00 3.109197411370350772e-01 1.050262055453793764e+01 6.021870558472719459e-01 -2.177273864189896546e+00 -9.237792014341630331e-01 2.948599771428844218e-01 8.948618147422133795e-01 3.815119109274652254e-01 4.610233397341491346e-02 -2.769698116574837998e-01 5.713317869358208734e-01 1.575884599570633038e-01 -3.713549265155444146e-01 -5.023772764680117797e-01 3.039903914461494217e-01 6.354534382590903974e-02 1.364619591009376132e-01 -2.136347700722988907e-02 1.047853649365340228e-01 1.213654561648500191e-01 1.322419128091707578e-02 5.000569580289234706e-01 3.685906091773801796e-01 1.634818435376075019e-01 -1.001744870734161269e-01 -1.877024871459148370e-01 5.432643444217321038e-01 -3.689477912951217298e-01 2.106789955911556912e-03 -2.108038205807748200e-01 -7.750334702829155820e-01 6.114354284782860111e-02 -3.077682137496892678e-01 -1.915493499419081425e-01
-5.664561314488524707e-02 -9.268463256438678188e-01 6.730082255765394705e-02 1.344186866113012691e-01 4.973365839273127254e-01 -6.987697872475773231e-01 -2.262544956821171738e+00 6.021870558472719459e-01 1.073960828803061851e+01 4.896345043270706743e-01 -1.966869108781492681e+00 -7.438175186542373973e-01 -3.639497449174707855e-01 2.455853486099753569e-01 2.732921619388680168e-01 -6.973495541014447241e-01 1.362355927963994073e-01 6.794297288671118373e-01 -2.858270227867205637e-01 -4.797855060251321468e-02 5.223001780231734115e-01 1.243226604994901313e-01 1.101395967179657209e-01 2.467472657075085729e-01 -1.092488700858491146e+00 -2.118343445335758024e-01 6.186320723364614471e-01 -1.466361483864779269e-01 2.601522039278503229e-01 -1.139559082346864871e-01 -3.671362072939964860e-01 -7.327509554752303922e-02 -1.010681036225828500e+00 2.417242962747990012e-02 -2.901660420984490951e-01 2.430506376004042679e-01 2.108062063992309776e-01 -4.221591240809133283e-01 -5.889025541708717837e-01 -1.662910021168132746e-01
-7.714695217441361885e-01 -3.591496482449390570e-01 -1.213884370257230505e-01 -3.962020637897080144e-01 1.013974970176479307e+00 -4.117102098350496897e-01 -2.674169365721659752e-01 -2.177273864189896546e+00 4.896345043270706743e-01 1.104534121683703773e+01 1.488960667498579089e-02 -2.478672589454457231e+00 -6.064183684489927728e-01 -1.871353947487327044e-02 6.447368683995569061e-02 6.233238702133594433e-01 4.092949135050863441e-01 -6.162983199249747468e-01 5.973977456825340093e-01 6.929721281892537998e-01 -7.846978749948113618e-02 6.664516367205662872e-01 -1.083145629661431547e-01 2.393642591567043121e-01 3.172529432988312470e-01 -6.092245383144041515e-01 -5.308294272309831419e-01 -3.378930440303426486e-01 4.859125733175438389e-01 5.056767924818410531e-01 6.326684551241080756e-01 -6.236617358952154522e-01 -1.798663536767257931e-01 3.361731198428130063e-01 -2.852599067313010273e-01 5.687640544620833349e-01 5.050138601629917678e-01 6.992262309999738301e-01 2.818715389878206357e-01 -7.984607847727106522e-01
-2.783263581847411072e-01 1.852007940742721459e-01 9.833788220444926453e-02 2.993521932940045732e-02 -3.951733953800786736e-01 9.665242920983123376e-02 1.515231426251109070e-01 -9.237792014341630331e-01 -1.966869108781492681e+00 1.488960667498579089e-02 1.094231065235409339e+01 4.931050540514165248e-01 -1.651324266873726243e+00 -1.035229038321188844e+00 -8.941899667851039846e-01 7.196118538190374725e-01 2.184076464565313513e-01 2.651383917024767792e-02 -8.145212245394431450e-02 -1.372356099158842102e-01 -3.042770446109792637e-01 3.818204939863207303e-01 8.121918846173227513e-02 -6.026043086399731630e-01 3.470725779512245923e-01 -3.702543311730627784e-01 3.072208628353160220e-01 4.855308822622057818e-02 -4.392874380587294403e-01 7.937032260201590250e-02 8.275743858116008100e-01 1.395229237051657523e-01 -1.507940339840327382e-01 2.111698582491668141e-02 -6.821479677767606775e-01 -4.520420617552687870e-01 5.568432049481497614e-02 4.807924646694274884e-01 1.686633888152640481e-01 2.622956288509043499e-01
1.925248633889387329e-01 -1.016940109577498669e-02 -5.344225465452843160e-01 3.227197735189037409e-01 -4.209483491182159365e-01 2.530265187606837718e-01 5.442910026304532689e-01 2.948599771428844218e-01 -7.438175186542373973e-01 -2.478672589454457231e+00 4.931050540514165248e-01 1.093078953417962040e+01 7.400742538375646440e-01 -2.146153511310499251e+00 -1.409981662917556999e+00 -1.623695667520736186e-01 4.824775351930667838e-02 3.794814126469734927e-01 -6.184214934628080584e-01 -2.630780210028825783e-01 -2.305371664706618029e-01 8.710788778842731839e-01 7.241973370853472813e-01 -1.645207867829170389e-01 -2.214652353741899116e-01 5.737868467604877454e-01 3.385149976044088960e-01 -4.933521722235719581e-02 -9.459331772311795339e-01 -5.998112317568682350e-01 4.106786581834659389e-01 4.785575228732519282e-01 2.984472502203916466e-01 -8.199197945231906370e-02 3.257469375501206854e-01 -8.539453150753264499e-01 -6.117864339134422291e-01 4.053394248589429205e-01 -4.367896456702808836e-03 -4.719601472603456860e-01
-6.240096677135202607e-02 6.511695539323043569e-01 -9.603719079987937945e-01 -1.110274676005930383e-02 4.662773225867500870e-01 -3.384326972486047524e-01 1.259429190703988122e-01 8.948618147422133795e-01 -3.639497449174707855e-01 -6.064183684489927728e-01 -1.651324266873726243e+00 7.400742538375646440e-01 1.100866642075498270e+01 6.641488751328218365e-01 -2.685360152955554636e+00 -7.396265747923350675e-01 -3.071143036945594429e-01 2.772117174598773826e-01 2.000577678598529086e-01 -8.100232017880720781e-02 -3.340207947632459207e-01 -2.804072538480021151e-02 3.275491399412794324e-01 -2.033176826827087433e-02 -1.647290622944320646e-02 8.723450080554867592e-02 1.461649072703879136e-03 -1.477354628043497410e-02 1.413692396780300564e-01 3.142630815022594559e-01 2.707674444178888584e-01 -1.737339688550908756e-01 3.172081678660200743e-01 3.169372154611283521e-01 6.899187841078775751e-02 1.439616274383102579e-01 -2.741697517289278796e-01 -3.215890550585080443e-01 7.717867999737444695e-02 -2.213783937941765367e-01
-5.513070740014572868e-01 -7.106011310001270065e-02 3.176650430381768309e-01 1.649633380472771971e-01 7.377178324440349932e-01 -2.702034309497598485e-01 -8.387024139415979462e-01 3.815119109274652254e-01 2.455853486099753569e-01 -1.871353947487327044e-02 -1.035229038321188844e+00 -2.146153511310499251e+00 6.641488751328218365e-01 1.125331868412105862e+01 8.954067507199634512e-01 -1.578872464681979171e+00 -1.397401835107180634e+00 -5.047956284113769981e-02 1.151679238240309600e+00 -4.309338828559334256e-01 -1.426768104030693651e+00 2.480407043280710155e-01 6.274862151633895380e-01 1.345305449416435151e+00 -5.394205802649182369e-01 -1.089801775002076756e+00 2.327370335303501347e-01 -4.465496879098043159e-01 6.297080365505773880e-01 6.304330501764713324e-01 -2.693473900613841399e-01 -5.883322120324951943e-01 -2.791516438777346121e-01 9.910595655343071297e-02 2.986239059960649547e-02 -1.740318162548283865e-01 1.320553534447634070e-01 2.087772207788569367e-01 5.511741647818544365e-01 1.954258415971135976e-01
-1.056412140554293666e-01 -7.433771496122008049e-01 1.502296955108715359e-01 -3.913800542589447318e-01 9.192388015453978323e-02 -2.077680933483309067e-01 -2.041272037910764892e-01 4.610233397341491346e-02 2.732921619388680168e-01 6.447368683995569061e-02 -8.941899667851039846e-01 -1.409981662917556999e+00 -2.685360152955554636e+00 8.954067507199634512e-01 1.102291954466641855e+01 2.686651558941274276e-01 -1.856762227874772631e+00 -1.473366178755798339e+00 -1.842614854354760467e-01 1.287064718745311032e+00 1.410228355668155242e-01 -4.420168682731753229e-01 -5.134556666425353910e-01 1.953268873191487676e-01 8.573512218168842791e-01 2.299036884387804236e-01 -3.075986703277596712e-01 -4.512076527669245385e-01 -6.521187054651265136e-01 4.674497379555265231e-01 2.478769438347334098e-01 4.641389073177596414e-01 -5.103271297352423019e-01 3.814557183397417756e-02 5.439721754652957486e-01 4.916280034869227600e-01 3.761278084602830973e-01 -3.999444563705185640e-01 -1.553954863440134837e-01 2.157484216321547410e-01
-2.058706093370272772e-01 -1.063043167209104523e-01 1.933183064088070668e-01 -4.809183938479484333e-01 -2.990784895137600929e-01 -1.150878554962445344e-01 -9.529023611199129162e-02 -2.769698116574837998e-01 -6.973495541014447241e-01 6.233238702133594433e-01 7.196118538190374725e-01 -1.623695667520736186e-01 -7.396265747923350675e-01 -1.578872464681979171e+00 2.686651558941274276e-01 9.910722208845941239e+00 5.189921452970958082e-01 -1.623154841554000694e+00 -2.896725174833777450e-01 1.691779719691508671e-02 5.013794622093806774e-01 -2.760200194221748005e-01 -3.131937354436113430e-01 -2.529744522359808623e-01 -9.342057157461428410e-03 -1.171168892436866282e-01 -2.383299564221803835e-01 -8.292021616383092597e-02 5.906978533014768384e-01 9.478754020647633949e-02 -5.074300543491818694e-01 2.722994255320861368e-01 -1.316233721529405376e-01 -1.015547052928958555e-01 1.102393826693634227e-01 2.129402934615720056e-01 2.172407819447158828e-01 1.969113055632361331e-01 -4.252789687522958162e-01 -7.979982084779044249e-02
3.029036988759670757e-01 -4.391676342096964003e-01 -3.322905600423389783e-01 -5.514207684394848430e-01 2.776641217963591313e-01 1.815822702293960061e-02 3.209558801031526243e-01 5.713317869358208734e-01 1.362355927963994073e-01 4.092949135050863441e-01 2.184076464565313513e-01 4.824775351930667838e-02 -3.071143036945594429e-01 -1.397401835107180634e+00 -1.856762227874772631e+00 5.189921452970958082e-01 1.005307771817594720e+01 8.747098686166941972e-01 -1.819997519713383527e+00 -1.450454883254955085e+00 -6.204265404904378556e-02 7.595364399583375281e-01 1.990280693724147398e-01 2.455983781390499443e-01 -2.647698745539850407e-01 -1.060231758383246708e-01 8.740556157757327360e-02 5.729161730181763640e-02 2.546043358584558769e-01 -5.290259735741777991e-01 -2.489290800648157331e-01 5.974107593473351185e-01 -8.136756490492521587e-01 -3.272961491267028511e-01 -4.630084798473367291e-01 5.715150469028711377e-01 -3.752170975651744067e-01 1.130312572818041317e-01 6.352909021314699922e-01 4.721701786430737569e-01
6.082924950760887350e-02 -7.601424240179288638e-02 2.241715743416223816e-01 -2.941182572211135104e-01 -3.184772716226060008e-02 5.703666598101939100e-02 3.661768463043392763e-01 1.575884599570633038e-01 6.794297288671118373e-01 -6.162983199249747468e-01 2.651383917024767792e-02 3.794814126469734927e-01 2.772117174598773826e-01 -5.047956284113769981e-02 -1.473366178755798339e+00 -1.623154841554000694e+00 8.747098686166941972e-01 8.947239003675383273e+00 6.956810091994423129e-01 -2.187647556493846235e+00 -4.708133005509977931e-01 -7.757408908283697224e-01 4.967147338711835336e-01 2.153335843274818973e-01 -3.915622182521394379e-01 -5.804606617769505483e-01 1.577685329616555221e-01 6.801466077983818748e-01 -1.366080829744958924e-01 -1.967050186375081666e-01 -4.842227962094350358e-01 -1.693044536692425439e-01 -3.722049948512656282e-03 2.051048732537970321e-01 -6.632842341831055588e-01 -6.313209099883569930e-01 -3.057695220995784724e-01 -1.980953795911703785e-01 1.493856851226268712e-01 2.764342319870345954e-01
7.140373480970939601e-01 1.906759087304943368e-02 -3.569490828080744693e-01 -6.567016992604589598e-01 -3.626401635258998113e-02 6.202358041488490459e-01 -2.450127442852102419e-02 -3.713549265155444146e-01 -2.858270227867205637e-01 5.973977456825340093e-01 -8.145212245394431450e-02 -6.184214934628080584e-01 2.000577678598529086e-01 1.151679238240309600e+00 -1.842614854354760467e-01 -2.896725174833777450e-01 -1.819997519713383527e+00 6.956810091994423129e-01 9.015052018595115513e+00 5.728723155152628532e-01 -2.203745499929680829e+00 -1.606773056983208381e+00 -1.072997902579107876e+00 7.539313561230768235e-01 9.542402160140764922e-01 -2.675431790133925847e-01 -4.457072006882363269e-01 -7.550329569038449762e-01 2.440216005361773299e-01 4.685124384107980933e-01 3.273576580185873497e-01 -5.869902826656075989e-01 -3.196519153841703709e-01 8.315077574994493570e-02 2.570000096654280752e-01 -7.707491191802742780e-02 4.850886977180077220e-02 -5.419730420938818627e-01 -2.367346003007558819e-02 2.912858890480746199e-01
4.971108463175815673e-01 2.785629621105230047e-01 2.061225234772581516e-01 1.794331387199410155e-01 -2.977827002264176182e-01 3.415476961073550810e-01 -2.035395716953261325e-01 -5.023772764680117797e-01 -4.797855060251321468e-02 6.929721281892537998e-01 -1.372356099158842102e-01 -2.630780210028825783e-01 -8.100232017880720781e-02 -4.309338828559334256e-01 1.287064718745311032e+00 1.691779719691508671e-02 -1.450454883254955085e+00 -2.187647556493846235e+00 5.728723155152628532e-01 9.348761281145439028e+00 2.875034618826221022e-01 -2.022320940519448662e+00 -1.137330332701908864e+00 -3.725385922311318376e-01 1.482874554655449817e+00 6.408001931972281406e-01 -4.942271422918714796e-01 -4.643753488986046007e-01 -7.712101296364360925e-01 6.820252317692441224e-01 8.514787913622637872e-01 1.804305943876225171e-01 4.296154237961428285e-02 -3.351656968848445994e-02 5.820036900458953610e-01 5.446646376863755190e-01 4.889583600518580819e-02 -4.890057944257908407e-01 -7.534051066752370795e-01 -7.394467341540934824e-02
2.388512544312191566e-01 2.988185797894895579e-01 -1.417232715676736143e-01 -2.221598020132945495e-01 -2.137544544522022860e-02 2.158217316535676333e-01 -2.038611782560248720e-01 3.039903914461494217e-01 5.223001780231734115e-01 -7.846978749948113618e-02 -3.042770446109792637e-01 -2.305371664706618029e-01 -3.340207947632459207e-01 -1.426768104030693651e+00 1.410228355668155242e-01 5.013794622093806774e-01 -6.204265404904378556e-02 -4.708133005509977931e-01 -2.203745499929680829e+00 2.875034618826221022e-01 1.032495922222867968e+01 3.931177041010844864e-01 -2.562835049755775696e+00 -1.087515921923412954e+00 -2.788666644638990166e-01 1.103969097464341020e+00 1.281009804206968139e-01 2.798962317619109741e-01 -2.984940762850195051e-01 -1.232306152005284844e-01 -2.952343525102540389e-01 -1.589261219066336051e-01 -6.028160775613125022e-01 9.025329090070498550e-01 6.577747587717972522e-01 4.604620816604773070e-01 4.276582829800704144e-01 -5.932064621786305170e-02 -2.045878684481349519e-01 8.973834358723480065e-02
-3.369472470999121949e-01 -6.063732110430700706e-01 1.699680716680378179e-01 5.478191100974232342e-01 1.023554490872479461e-01 3.488950929047772431e-02 -2.492420576341221328e-01 6.354534382590903974e-02 1.243226604994901313e-01 6.664516367205662872e-01 3.818204939863207303e-01 8.710788778842731839e-01 -2.804072538480021151e-02 2.480407043280710155e-01 -4.420168682731753229e-01 -2.760200194221748005e-01 7.595364399583375281e-01 -7.757408908283697224e-01 -1.606773056983208381e+00 -2.022320940519448662e+00 3.931177041010844864e-01 1.027603816120284108e+01 1.452708758786678933e+00 -1.603502724246469002e+00 -1.204927544653088045e+00 -3.842883818749572300e-01 9.954955999049106552e-01 2.472748697272761365e-01 -4.644473691056968945e-01 -2.944241742040828447e-01 1.724578813403652711e-01 3.593459122779588122e-01 -6.694750541377263442e-01 -1.270360418607601627e+00 9.804546550863116328e-02 1.053285588531923112e-01 6.383528655005430430e-01 3.232163592539900598e-01 -3.035823972430800044e-01 -3.640154833988245575e-01
-6.267403315492277027e-01 -8.180534969502437082e-02 -1.998309890530478861e-01 2.370312383662308842e-01 2.969228066304800961e-01 -1.729745679397461933e-01 3.544127299971032152e-01 1.364619591009376132e-01 1.101395967179657209e-01 -1.083145629661431547e-01 8.121918846173227513e-02 7.241973370853472813e-01 3.275491399412794324e-01 6.274862151633895380e-01 -5.134556666425353910e-01 -3.131937354436113430e-01 1.990280693724147398e-01 4.967147338711835336e-01 -1.072997902579107876e+00 -1.137330332701908864e+00 -2.562835049755775696e+00 1.452708758786678933e+00 1.063825098269791880e+01 5.335346947167821652e-01 -2.556702918784708789e+00 -1.333315207660595192e+00 -1.832360605215414828e-01 1.280238653990248610e+00 2.460620714197397640e-01 -3.979284359348045919e-01 -2.495542425217812388e-01 4.219095453606464680e-02 3.837651601323745498e-01 3.281086445944920160e-01 -7.441164863481768421e-01 -6.454579169965748431e-01 1.050392209734664004e-02 6.535899272434102514e-01 5.389177058950346266e-01 1.266585090096974120e-01
-1.152136312953933039e+00 -3.387892348957777799e-01 3.249659459313776477e-02 6.261964476562520421e-02 4.327032424473156724e-01 7.956486510747422247e-02 3.433329771715643575e-01 -2.136347700722988907e-02 2.467472657075085729e-01 2.393642591567043121e-01 -6.026043086399731630e-01 -1.645207867829170389e-01 -2.033176826827087433e-02 1.345305449416435151e+00 1.953268873191487676e-01 -2.529744522359808623e-01 2.455983781390499443e-01 2.153335843274818973e-01 7.539313561230768235e-01 -3.725385922311318376e-01 -1.087515921923412954e+00 -1.603502724246469002e+00 5.335346947167821652e-01 9.443000359921802200e+00 9.524117547343214918e-01 -2.227726461006654279e+00 -7.300044348456234955e-01 -1.031871480096694105e-01 7.915421182798572097e-01 -5.358918272070782862e-01 -5.559655149713297329e-01 -8.290938443303577654e-02 -1.742773329948348882e-01 4.638311795008871474e-01 5.336149183688368436e-02 -3.456977033356985474e-01 8.045505744397726811e-02 3.228468866114610480e-01 4.077097970129360816e-01 7.292059834591658844e-03
6.478119395196189068e-01 -2.030024729172964781e-01 -1.024413440637768513e+00 -7.140182012470101813e-02 -2.995215665758666490e-01 1.400491525554790617e-01 -4.486203728501753085e-02 1.047853649365340228e-01 -1.092488700858491146e+00 3.172529432988312470e-01 3.470725779512245923e-01 -2.214652353741899116e-01 -1.647290622944320646e-02 -5.394205802649182369e-01 8.573512218168842791e-01 -9.342057157461428410e-03 -2.647698745539850407e-01 -3.915622182521394379e-01 9.542402160140764922e-01 1.482874554655449817e+00 -2.788666644638990166e-01 -1.204927544653088045e+00 -2.556702918784708789e+00 9.524117547343214918e-01 1.077567904466173587e+01 5.052259779749949109e-01 -2.204348739604424789e+00 -9.443762916078612957e-01 -6.171362342071501361e-01 9.503003236056838388e-01 6.095125369448737285e-01 7.334438425356251678e-02 -4.656893393411378756e-01 -8.406196396702632009e-03 6.231540764320578907e-01 -5.589748532707405904e-01 -5.278143895816021086e-02 2.262756388378425187e-01 -7.838216442320503075e-02 1.590348328704115355e-01
1.977891178879912226e-01 3.551990283208061178e-02 1.940267365337233763e-01 1.515379457189710947e-02 -1.395387964159791050e-01 1.033530076401474734e-01 -3.707392870759734782e-01 1.213654561648500191e-01 -2.118343445335758024e-01 -6.092245383144041515e-01 -3.702543311730627784e-01 5.737868467604877454e-01 8.723450080554867592e-02 -1.089801775002076756e+00 2.299036884387804236e-01 -1.171168892436866282e-01 -1.060231758383246708e-01 -5.804606617769505483e-01 -2.675431790133925847e-01 6.408001931972281406e-01 1.103969097464341020e+00 -3.842883818749572300e-01 -1.333315207660595192e+00 -2.227726461006654279e+00 5.052259779749949109e-01 9.546959360164500197e+00 1.068991704216357030e+00 -2.058885481608817347e+00 -1.621129409102515462e+00 -3.010896966661353313e-01 6.781439182300835755e-01 4.026111861634638633e-01 -6.148534662663087680e-01 -6.902927120939643391e-02 1.800616752354928241e-01 4.402397893543987806e-01 -3.843324873678270470e-01 -1.456252476196291668e-01 1.135124568809271345e-01 -2.905941321210011585e-01
-9.420589044069535567e-02 -4.315566513499599077e-01 9.281124353821786910e-01 5.347048507866930533e-02 2.737639246581947128e-01 -5.303954269633640584e-01 -1.004632898148010746e-02 1.322419128091707578e-02 6.186320723364614471e-01 -5.308294272309831419e-01 3.072208628353160220e-01 3.385149976044088960e-01 1.461649072703879136e-03 2.327370335303501347e-01 -3.075986703277596712e-01 -2.383299564221803835e-01 8.740556157757327360e-02 1.577685329616555221e-01 -4.457072006882363269e-01 -4.942271422918714796e-01 1.281009804206968139e-01 9.954955999049106552e-01 -1.832360605215414828e-01 -7.300044348456234955e-01 -2.204348739604424789e+00 1.068991704216357030e+00 9.493139420496971681e+00 4.686706954169320150e-01 -2.357482813848586378e+00 -1.630883966354597758e+00 -7.212953315334001692e-02 1.075687300543104019e+00 -1.420124351212564140e-01 -4.550214141898421549e-01 -6.170804372800776649e-01 2.046986874342197060e-01 6.332909406647697637e-01 -4.611659317282574833e-01 -5.258195802335424718e-01 2.092780882717375779e-01
1.797244501934749383e-01 3.638591129555125980e-01 -1.595847237352043535e-01 6.147994159767048578e-02 -1.997498858532212040e-01 -1.805457718010954060e-01 -9.361092011331610674e-02 5.000569580289234706e-01 -1.466361483864779269e-01 -3.378930440303426486e-01 4.855308822622057818e-02 -4.933521722235719581e-02 -1.477354628043497410e-02 -4.465496879098043159e-01 -4.512076527669245385e-01 -8.292021616383092597e-02 5.729161730181763640e-02 6.801466077983818748e-01 -7.550329569038449762e-01 -4.643753488986046007e-01 2.798962317619109741e-01 2.472748697272761365e-01 1.280238653990248610e+00 -1.031871480096694105e-01 -9.443762916078612957e-01 -2.058885481608817347e+00 4.686706954169320150e-01 1.024263729782598809e+01 8.434464825883715156e-01 -2.138846587472138960e+00 -9.564782919266603400e-01 -5.109046878444203355e-01 1.800775911629974635e+00 2.942125061643858230e-01 -8.159289770527808905e-01 -7.604061837363423892e-01 -8.234615121981293806e-02 5.812061640079678737e-01 3.185488896055136965e-01 -5.213209384870085561e-01
8.069123696003653590e-02 2.915104905290373805e-01 -3.013606334430206646e-01 -1.063013174798016769e-01 2.460954267011536134e-01 -3.780109799937059201e-02 -4.188811189441873917e-01 3.685906091773801796e-01 2.601522039278503229e-01 4.859125733175438389e-01 -4.392874380587294403e-01 -9.459331772311795339e-01 1.413692396780300564e-01 6.297080365505773880e-01 -6.521187054651265136e-01 5.906978533014768384e-01 2.546043358584558769e-01 -1.366080829744958924e-01 2.440216005361773299e-01 -7.712101296364360925e-01 -2.984940762850195051e-01 -4.644473691056968945e-01 2.460620714197397640e-01 7.915421182798572097e-01 -6.171362342071501361e-01 -1.621129409102515462e+00 -2.357482813848586378e+00 8.434464825883715156e-01 1.226638449399013275e+01 6.833515246300263524e-01 -2.310214532197278903e+00 -1.591454168862479035e+00 3.323245443941141852e-01 7.936507309893280349e-01 -1.631162276469512173e-01 -1.011415319028975857e+00 -2.843982614188987901e-01 4.238638882934488428e-01 1.196808427779997297e+00 6.229925221029418703e-01
7.729199459352780188e-01 7.253958001104954256e-01 -6.521297590502524999e-01 -4.586047389952406794e-01 7.196009699781537317e-02 5.140743651536555658e-01 -5.498364728022440973e-02 1.634818435376075019e-01 -1.139559082346864871e-01 5.056767924818410531e-01 7.937032260201590250e-02 -5.998112317568682350e-01 3.142630815022594559e-01 6.304330501764713324e-01 4.674497379555265231e-01 9.478754020647633949e-02 -5.290259735741777991e-01 -1.967050186375081666e-01 4.685124384107980933e-01 6.820252317692441224e-01 -1.232306152005284844e-01 -2.944241742040828447e-01 -3.979284359348045919e-01 -5.358918272070782862e-01 9.503003236056838388e-01 -3.010896966661353313e-01 -1.630883966354597758e+00 -2.138846587472138960e+00 6.833515246300263524e-01 1.168335036739490818e+01 8.599100572584867930e-01 -1.489402349056921704e+00 -2.431742324954865975e+00 3.229548594966097363e-01 1.580369371753684637e+00 3.279659579593564855e-02 -5.853858418524144902e-01 3.253553649533096337e-01 -3.202151169114910711e-01 4.038617659212759281e-01
-2.870053030948117034e-01 2.378519310117526986e-01 -8.865363007721391297e-02 6.672569484398935269e-02 -3.806035228238079382e-01 -6.926275218823292334e-01 1.711080205649966046e-01 -1.001744870734161269e-01 -3.671362072939964860e-01 6.326684551241080756e-01 8.275743858116008100e-01 4.106786581834659389e-01 2.707674444178888584e-01 -2.693473900613841399e-01 2.478769438347334098e-01 -5.074300543491818694e-01 -2.489290800648157331e-01 -4.842227962094350358e-01 3.273576580185873497e-01 8.514787913622637872e-01 -2.952343525102540389e-01 1.724578813403652711e-01 -2.495542425217812388e-01 -5.559655149713297329e-01 6.095125369448737285e-01 6.781439182300835755e-01 -7.212953315334001692e-02 -9.564782919266603400e-01 -2.310214532197278903e+00 8.599100572584867930e-01 9.927876822174063420e+00 8.275539563228514472e-01 -2.195389778519789115e+00 -6.306003267614509467e-01 -2.588001919502097570e-01 9.489866581220610664e-01 -4.448845718690795370e-01 -7.942212438526428941e-02 5.699105336298625202e-02 -3.512161737898631397e-01
-5.950271147662344884e-01 3.254799566200104466e-01 2.358168344192023147e-01 6.231016285660078147e-01 -1.249736171850187316e-01 -2.801271404946794052e-01 -3.741195231094749940e-01 -1.877024871459148370e-01 -7.327509554752303922e-02 -6.236617358952154522e-01 1.395229237051657523e-01 4.785575228732519282e-01 -1.737339688550908756e-01 -5.883322120324951943e-01 4.641389073177596414e-01 2.722994255320861368e-01 5.974107593473351185e-01 -1.693044536692425439e-01 -5.869902826656075989e-01 1.804305943876225171e-01 -1.589261219066336051e-01 3.593459122779588122e-01 4.219095453606464680e-02 -8.290938443303577654e-02 7.334438425356251678e-02 4.026111861634638633e-01 1.075687300543104019e+00 -5.109046878444203355e-01 -1.591454168862479035e+00 -1.489402349056921704e+00 8.275539563228514472e-01 1.064206543679864403e+01 4.006602105244903567e-01 -2.065287588590255297e+00 -8.234552995946675669e-01 -1.620555000329369222e-01 9.086874397166813111e-01 2.016406553498265586e-01 -3.663728450767009259e-01 -6.441207163414565742e-03
-6.563810566281342851e-01 3.564421229540996050e-01 6.027660093869985358e-01 1.911661358289549473e-01 -2.794443646555016536e-01 -1.082092440425554081e+00 -1.249265987585770760e-01 5.432643444217321038e-01 -1.010681036225828500e+00 -1.798663536767257931e-01 -1.507940339840327382e-01 2.984472502203916466e-01 3.172081678660200743e-01 -2.791516438777346121e-01 -5.103271297352423019e-01 -1.316233721529405376e-01 -8.136756490492521587e-01 -3.722049948512656282e-03 -3.196519153841703709e-01 4.296154237961428285e-02 -6.028160775613125022e-01 -6.694750541377263442e-01 3.837651601323745498e-01 -1.742773329948348882e-01 -4.656893393411378756e-01 -6.148534662663087680e-01 -1.420124351212564140e-01 1.800775911629974635e+00 3.323245443941141852e-01 -2.431742324954865975e+00 -2.195389778519789115e+00 4.006602105244903567e-01 1.127599232062413925e+01 5.761411231823142520e-01 -2.510553269329259152e+00 -1.388722581357136887e+00 4.277409514369258092e-01 4.233766773915986215e-01 -2.925072422215539425e-01 2.301656327104449964e-02
-7.922252675682893430e-02 -2.937240386007028969e-01 -6.795514536695628216e-01 -4.125521854695327617e-01 2.509365536382516249e-01 1.453119864520240112e+00 -5.743369786621702056e-02 -3.689477912951217298e-01 2.417242962747990012e-02 3.361731198428130063e-01 2.111698582491668141e-02 -8.199197945231906370e-02 3.169372154611283521e-01 9.910595655343071297e-02 3.814557183397417756e-02 -1.015547052928958555e-01 -3.272961491267028511e-01 2.051048732537970321e-01 8.315077574994493570e-02 -3.351656968848445994e-02 9.025329090070498550e-01 -1.270360418607601627e+00 3.281086445944920160e-01 4.638311795008871474e-01 -8.406196396702632009e-03 -6.902927120939643391e-02 -4.550214141898421549e-01 2.942125061643858230e-01 7.936507309893280349e-01 3.229548594966097363e-01 -6.306003267614509467e-01 -2.065287588590255297e+00 5.761411231823142520e-01 9.960040249509189536e+00 5.918867773051463832e-01 -1.946213254640317691e+00 -8.547885049623946685e-01 -4.033998352708182411e-01 8.845329760429009314e-01 6.896823839877200824e-01
7.955202482863479307e-01 6.974949776714001182e-02 -1.072701731828972216e+00 -1.699430832842949435e-01 -2.909310234124235992e-02 1.772101752091621296e-01 4.075347880453356608e-01 2.106789955911556912e-03 -2.901660420984490951e-01 -2.852599067313010273e-01 -6.821479677767606775e-01 3.257469375501206854e-01 6.899187841078775751e-02 2.986239059960649547e-02 5.439721754652957486e-01 1.102393826693634227e-01 -4.630084798473367291e-01 -6.632842341831055588e-01 2.570000096654280752e-01 5.820036900458953610e-01 6.577747587717972522e-01 9.804546550863116328e-02 -7.441164863481768421e-01 5.336149183688368436e-02 6.231540764320578907e-01 1.800616752354928241e-01 -6.170804372800776649e-01 -8.159289770527808905e-01 -1.631162276469512173e-01 1.580369371753684637e+00 -2.588001919502097570e-01 -8.234552995946675669e-01 -2.510553269329259152e+00 5.918867773051463832e-01 1.098861316183958436e+01 1.292898025729114941e+00 -2.170753653393495242e+00 -1.081408576681414546e+00 -5.983414578342252099e-01 5.733525544033040156e-01
1.408342842662613781e-01 3.406284810443934163e-01 -1.121583217865685517e-02 -2.139482619376358863e-01 -1.403965395951700945e-01 -3.991224049781250671e-01 -3.783647701643108596e-01 -2.108038205807748200e-01 2.430506376004042679e-01 5.687640544620833349e-01 -4.520420617552687870e-01 -8.539453150753264499e-01 1.439616274383102579e-01 -1.740318162548283865e-01 4.916280034869227600e-01 2.129402934615720056e-01 5.715150469028711377e-01 -6.313209099883569930e-01 -7.707491191802742780e-02 5.446646376863755190e-01 4.604620816604773070e-01 1.053285588531923112e-01 -6.454579169965748431e-01 -3.456977033356985474e-01 -5.589748532707405904e-01 4.402397893543987806e-01 2.046986874342197060e-01 -7.604061837363423892e-01 -1.011415319028975857e+00 3.279659579593564855e-02 9.489866581220610664e-01 -1.620555000329369222e-01 -1.388722581357136887e+00 -1.946213254640317691e+00 1.292898025729114941e+00 1.065478107591360768e+01 5.493809699223425325e-01 -1.804117877036047979e+00 -1.295913594501699295e+00 -2.184557559628102219e-01
-3.750195543473784920e-01 -4.118087309519052192e-02 4.993586077662870437e-01 1.828122107389026224e-02 -1.913187823222509132e-02 -1.018664714169518759e-01 -4.805872125342407486e-01 -7.750334702829155820e-01 2.108062063992309776e-01 5.050138601629917678e-01 5.568432049481497614e-02 -6.117864339134422291e-01 -2.741697517289278796e-01 1.320553534447634070e-01 3.761278084602830973e-01 2.172407819447158828e-01 -3.752170975651744067e-01 -3.057695220995784724e-01 4.850886977180077220e-02 4.889583600518580819e-02 4.276582829800704144e-01 6.383528655005430430e-01 1.050392209734664004e-02 8.045505744397726811e-02 -5.278143895816021086e-02 -3.843324873678270470e-01 6.332909406647697637e-01 -8.234615121981293806e-02 -2.843982614188987901e-01 -5.853858418524144902e-01 -4.448845718690795370e-01 9.086874397166813111e-01 4.277409514369258092e-01 -8.547885049623946685e-01 -2.170753653393495242e+00 5.493809699223425325e-01 9.477458431193666044e+00 8.566797939794331684e-01 -2.102132649976827583e+00 5.341805798891297724e-02
-1.052946004138430425e+00 -5.061798039682898764e-01 2.972998770199056784e-01 -1.890126707144534624e-01 2.155559697419816012e-01 -2.744201132213279770e-01 -6.525780743505411874e-02 6.114354284782860111e-02 -4.221591240809133283e-01 6.992262309999738301e-01 4.807924646694274884e-01 4.053394248589429205e-01 -3.215890550585080443e-01 2.087772207788569367e-01 -3.999444563705185640e-01 1.969113055632361331e-01 1.130312572818041317e-01 -1.980953795911703785e-01 -5.419730420938818627e-01 -4.890057944257908407e-01 -5.932064621786305170e-02 3.232163592539900598e-01 6.535899272434102514e-01 3.228468866114610480e-01 2.262756388378425187e-01 -1.456252476196291668e-01 -4.611659317282574833e-01 5.812061640079678737e-01 4.238638882934488428e-01 3.253553649533096337e-01 -7.942212438526428941e-02 2.016406553498265586e-01 4.233766773915986215e-01 -4.033998352708182411e-01 -1.081408576681414546e+00 -1.804117877036047979e+00 8.566797939794331684e-01 9.157728063218661063e+00 3.486933180074535676e-01 -1.856627905595737316e+00
-1.577626278217700184e+00 -1.420481841984173599e+00 -5.682084982322078703e-01 1.626789789825159982e+00 8.049901762573079544e-01 2.400059418538606770e-02 8.513734503066566761e-02 -3.077682137496892678e-01 -5.889025541708717837e-01 2.818715389878206357e-01 1.686633888152640481e-01 -4.367896456702808836e-03 7.717867999737444695e-02 5.511741647818544365e-01 -1.553954863440134837e-01 -4.252789687522958162e-01 6.352909021314699922e-01 1.493856851226268712e-01 -2.367346003007558819e-02 -7.534051066752370795e-01 -2.045878684481349519e-01 -3.035823972430800044e-01 5.389177058950346266e-01 4.077097970129360816e-01 -7.838216442320503075e-02 1.135124568809271345e-01 -5.258195802335424718e-01 3.185488896055136965e-01 1.196808427779997297e+00 -3.202151169114910711e-01 5.699105336298625202e-02 -3.663728450767009259e-01 -2.925072422215539425e-01 8.845329760429009314e-01 -5.983414578342252099e-01 -1.295913594501699295e+00 -2.102132649976827583e+00 3.486933180074535676e-01 9.292678298799355474e+00 1.958322510623600743e-01
