1.126143774032617095e+01 1.126676873503584253e-01 -3.056487771281514831e+00 -1.373415108096063264e+00 -9.044628732136883453e-01 1.167883583482678400e+00 -1.279087684605002273e-01 9.358263769242276542e-01 -7.185894576060115613e-01 -9.079396842096164599e-01 -7.107365301184714879e-01 1.886928316603511124e-01 -6.681600466831563723e-02 1.984055572076657836e-01 -5.755029564076378223e-01 -5.973166385185143534e-01 -7.425056714878204289e-01 9.949075399421520860e-01 -2.079233166687388945e-01 5.901976012465134369e-01 7.234908813600034183e-02 1.751270310953183806e-01 -1.666781541231147357e-01 3.476499664647029197e-01 2.777563273724320547e-01 1.095552978801759725e+00 -1.289866313045067991e-01 6.480402324669191916e-02 -9.671663977866152839e-01 -8.543736589384081093e-01 4.989131074569211344e-01 7.163395254070319407e-01 -6.601955699235274588e-01 -1.129562983232053480e-01 -4.928136734878717506e-01 2.117952174037740498e+00 -9.965335514926071392e-02 -1.278094933087853491e+00 -2.974334637098668743e+00 8.989825436462109964e-01
1.126676873503584253e-01 1.006333990232028874e+01 4.178917182388505180e-01 -2.636253023050306510e+00 -1.116888723930764993e+00 -6.048185626974843521e-01 5.812822662528193129e-01 4.425840960939180779e-01 3.029804940586749984e-01 -1.376698441959475494e-01 2.878644739480379910e-01 -3.493398556758033902e-01 -7.810639965651742234e-01 -1.172256052776879498e+00 3.018578823949329970e-01 1.003866567650300023e+00 -7.100676088190206459e-01 4.439472590853593692e-01 2.286037404648849081e-01 5.455184274277579126e-01 3.781279235427465468e-01 -5.847423803772335837e-01 3.167275696634302973e-01 7.361252297916804910e-01 1.517928193141887261e-01 2.416577822365692796e-01 3.589944053264078339e-02 6.112146759826886377e-01 4.845782247258392794e-02 -7.228247044378748321e-01 -5.314318311425429986e-01 3.453288081564373502e-01 1.594975781425752803e+00 -7.143897446555728115e-01 -7.037805885139323259e-01 1.619769560911306361e-01 1.458148444562761714e+00 -6.254828091999560247e-01 -1.634016564064112220e+00 -2.938684788885532750e+00
-3.056487771281514831e+00 4.178917182388505180e-01 1.087288007244862875e+01 2.739666458211398870e-01 -2.389661008867986602e+00 -1.858940488141838321e+00 -6.347198804855045395e-01 8.478803170446491677e-02 4.494120381611396708e-01 1.071899173509565373e-01 1.297313525146412926e-02 7.749939650974360106e-01 8.851630855316225399e-02 -6.085730648716850544e-01 -5.059455240576263835e-01 -9.564957333540601292e-01 1.057377715537429985e+00 -3.697892562928988269e-01 -6.812138823993035830e-02 7.270451194520989313e-01 6.215538373209344297e-02 5.061757815362553092e-01 -1.091304089364136365e+00 -1.008025812376497576e+00 1.011883610677774437e+00 6.710922871372647647e-01 -3.390372445587086503e-01 -1.182587804867520909e+00 3.628341436719256241e-01 3.822800266706029571e-01 4.978118212512872565e-01 -1.667281222459099377e-01 1.546271665330770928e-01 -1.085063801792759852e+00 -9.487045556721659390e-01 5.247456671422922464e-02 1.069670711298927435e+00 1.206401015054372250e+00 -8.126190227227964025e-01 -1.712917052402530560e+00
-1.373415108096063264e+00 -2.636253023050306510e+00 2.739666458211398870e-01 1.160659901961333951e+01 7.895547500078189951e-02 -2.223899211164919620e+00 -2.659601694206413125e+00 -1.450674650219610395e+00 1.349027494702809804e+00 3.620248386560487308e-01 4.035863624074358946e-01 -4.249087216287498747e-01 1.068304615714073119e-01 3.856974872649004404e-01 1.832487548717579851e-01 -6.432420741904185668e-01 1.258372083283531562e-01 -4.043897404461883061e-01 -2.067868554193241226e-01 -6.294545572046723603e-01 3.139692174456499840e-01 2.779532594917041299e-01 1.028845109043528661e+00 -1.807843707336475481e+00 4.087449210749344863e-01 7.672221023931119488e-01 2.743111535777818452e-02 -3.933633699756519664e-01 -2.706611738891163688e-01 -9.525023993020690360e-01 9.469127314552254759e-01 6.925181771243769102e-01 9.590982615325476246e-01 -1.347914198301118915e-01 -1.315564422322076155e+00 -1.549143569278276900e+00 -2.582131610692223189e-01 9.465802586321632184e-01 1.102841693157328162e+00 -9.272769966523016771e-01
-9.044628732136883453e-01 -1.116888723930764993e+00 -2.389661008867986602e+00 7.895547500078189951e-02 1.036510487728000740e+01 6.147111686248993845e-01 -2.325950945667036862e+00 -1.653610106102254562e+00 -5.853123951841499029e-01 7.465250807157177704e-01 1.031945718591188665e+00 5.404210017872473903e-01 -4.218036872823174854e-01 -8.741875272707032574e-01 6.257073267759702961e-01 9.527192094696208535e-01 -1.154151424372752421e+00 -5.366619420374174609e-01 8.385345825389002583e-02 -4.243295063501348330e-01 6.611423367991028227e-03 6.954558331091063861e-02 4.323970377715661839e-01 -5.664448577036577254e-02 1.283371961058580035e-01 -6.651823768586976326e-01 -2.667069512438157153e-01 6.032195174004428666e-03 5.705518116799837558e-02 2.536074006500297351e-01 9.832633329857895510e-02 -3.156862382266102662e-02 4.425557795766933700e-02 3.602996856244688462e-01 4.589187499789242342e-01 -9.427279598645421643e-01 -6.894814638797839290e-01 2.264796120823409642e-01 1.564443702468684361e+00 8.942736866679235064e-01
1.167883583482678400e+00 -6.048185626974843521e-01 -1.858940488141838321e+00 -2.223899211164919620e+00 6.147111686248993845e-01 1.105431953647721777e+01 3.622235447319260837e-01 -2.949840112848898244e+00 -1.452014183879790421e+00 -4.345457257371382886e-01 6.309436787886241182e-01 6.788348712374547844e-01 -4.812157477951013729e-02 -8.775236620605690874e-01 2.500652772968685045e-01 1.177621643413218511e+00 9.637733537894396241e-01 -3.682314911984037320e-02 -9.420783756896119465e-01 -1.054158638200496517e-01 5.825154826031997413e-01 -1.248268298779809660e-01 -3.853900739495539907e-01 7.808285570320632196e-01 -4.213267223463880717e-01 -6.179795745043776822e-01 -1.652687536711335836e-01 4.326205698661092502e-01 -1.048219097032532687e+00 -5.009969087618413308e-01 -8.822407897184524339e-01 2.958173254136765573e-01 3.750224192949225266e-01 1.033095818755264350e+00 4.589439438871022459e-01 3.720925803751964911e-01 -1.920551314290434575e-01 -2.381455160989746356e-01 4.088747177128342347e-01 1.139359250997409090e+00
-1.279087684605002273e-01 5.812822662528193129e-01 -6.347198804855045395e-01 -2.659601694206413125e+00 -2.325950945667036862e+00 3.622235447319260837e-01 1.193215952923186229e+01 3.821974783621277516e-01 -2.079435134922871686e+00 -1.689775279073317371e+00 -9.083344668287417489e-01 6.574288487118872260e-01 1.046402236608985126e+00 6.781761741440278657e-01 -9.615758138965472268e-01 1.485876064694293119e-01 -6.730173880962293798e-02 1.910302276152174572e-01 5.178661883041077441e-02 8.094136418464661364e-01 2.071010287873341349e-01 2.194007244474926732e-01 -5.635823504339231016e-02 -3.589564423437315299e-01 -8.713426735601480233e-02 1.744216634450094783e-01 2.971508673250395915e-01 2.308670571639903635e-02 -3.073220791454933654e-01 -7.468627350516849894e-01 6.254144886326429287e-01 -3.744289203906631669e-01 -1.069896112016517131e+00 4.453137983650830578e-01 6.235865898896206794e-01 4.656766480836503908e-01 -1.323647269929502546e+00 -5.013389263334891988e-01 -3.142844299316457368e-01 1.839552513234739006e-01
9.358263769242276542e-01 4.425840960939180779e-01 8.478803170446491677e-02 -1.450674650219610395e+00 -1.653610106102254562e+00 -2.949840112848898244e+00 3.821974783621277516e-01 1.130569534162561318e+01 7.729899556588892828e-01 -2.030808094933583163e+00 -2.183301311832181124e+00 -5.570610851583077672e-01 1.402369961580268276e+00 8.044465276399262454e-02 -8.421772782094807952e-02 -8.967237565302029756e-01 2.855836291158031851e-02 -3.613860659241370787e-01 1.094068071218812360e-01 2.026119826925522893e-01 -1.556490769459277779e-01 8.392336031556933973e-01 1.815056488938366352e-01 9.359065115621668929e-02 -7.507821045970486384e-01 2.476872947360253818e-01 4.094837657660403418e-01 5.652133194083138745e-01 1.481565408492682701e-01 -4.963182416278501541e-01 1.699387137360916789e-01 -1.713984576321723463e-01 -6.884289890920203270e-01 -3.506733357571998888e-01 -7.602955687386314665e-01 8.036263344672782694e-01 5.976741799726171811e-01 -6.186633042312335018e-01 -8.976284477099999437e-01 -1.251277933973701517e-01
-7.185894576060115613e-01 3.029804940586749984e-01 4.494120381611396708e-01 1.349027494702809804e+00 -5.853123951841499029e-01 -1.452014183879790421e+00 -2.079435134922871686e+00 7.729899556588892828e-01 1.001395298887989149e+01 2.686502276154636992e-01 -2.961057405362589101e+00 -2.535132083758497412e+00 -7.621955559191332386e-01 8.282613445457795986e-01 1.170584878599426198e-01 4.771790272080691508e-01 -1.035622196671789341e+00 -1.239076733172000067e+00 4.683192326701675068e-01 5.375431486863269104e-01 1.543352349942457291e-01 2.833745929145588260e-02 1.298804234504229438e-01 -1.080531433114151341e-01 1.138742406969516646e-02 -9.021767190185266960e-01 5.031158455811298412e-03 4.428210487496702097e-01 4.678599299807024159e-01 -4.320179051607774268e-01 3.202420935758463344e-02 3.702629746956331847e-01 -1.399888278458758240e-01 -6.071887461730891139e-02 -7.844709278272611330e-01 -4.842731583234953230e-01 1.216817824422206790e-02 2.880060298642208583e-01 2.872104436357793000e-01 -1.839892816011153009e-01
-9.079396842096164599e-01 -1.376698441959475494e-01 1.071899173509565373e-01 3.620248386560487308e-01 7.465250807157177704e-01 -4.345457257371382886e-01 -1.689775279073317371e+00 -2.030808094933583163e+00 2.686502276154636992e-01 9.226325869324117690e+00 6.682907342341667389e-01 -2.269756302878235044e+00 -7.697735665379495940e-01 -1.106583703282806308e+00 2.673814294301798955e-01 6.524643799245422038e-01 7.774481939141516529e-01 -3.714510150317421600e-01 -1.075549246366227646e-01 -8.720723780334184161e-01 -7.002155601473313284e-01 -3.862821680506894340e-01 9.242276951654544437e-01 3.887274240292224459e-01 4.782173040533443387e-01 -6.082028735276716613e-01 -2.410167883284774493e-01 -2.138128169314457983e-01 -2.187020688117159994e-01 1.034888483232194067e+00 -8.108204000237878573e-01 -1.934402869390716984e-01 6.791927752941326890e-01 8.468330116072052272e-02 5.944591897051114682e-01 -2.198749134048804399e-01 -1.111915073257350312e-01 -4.498771416484160790e-01 -2.552104402068141042e-01 4.306453768386686032e-01
-7.107365301184714879e-01 2.878644739480379910e-01 1.297313525146412926e-02 4.035863624074358946e-01 1.031945718591188665e+00 6.309436787886241182e-01 -9.083344668287417489e-01 -2.183301311832181124e+00 -2.961057405362589101e+00 6.682907342341667389e-01 1.128855363024782221e+01 9.704907145614640740e-01 -2.741567877499532013e+00 -2.874125718738260282e+00 -1.459422062665234887e-01 1.018356187031882021e+00 1.286710075174493095e+00 -2.556595331265889004e-01 -4.003447979631471476e-01 -4.216554863504051731e-01 3.976388904140511493e-01 -7.169463390276934467e-01 -4.291086508940575861e-01 -1.033709736701982768e-01 6.423514134360666095e-01 -8.157443716151121516e-01 -3.327997525903762521e-01 -1.077879096686928717e+00 8.908124389070442017e-01 9.723742370277049796e-01 -3.307823090639141483e-01 7.147149156198026043e-01 1.533367516083546933e-01 1.024586747477467030e+00 6.564270360280953787e-01 5.244944321572177215e-02 -8.664406882848566527e-01 -9.277453385071417202e-02 4.919393534522688571e-01 2.131356000827759889e-01
1.886928316603511124e-01 -3.493398556758033902e-01 7.749939650974360106e-01 -4.249087216287498747e-01 5.404210017872473903e-01 6.788348712374547844e-01 6.574288487118872260e-01 -5.570610851583077672e-01 -2.535132083758497412e+00 -2.269756302878235044e+00 9.704907145614640740e-01 1.196714733443201872e+01 4.935966427614129071e-01 -2.963105479745951509e+00 -2.910398730700097580e+00 -2.162308529178881056e+00 9.036060955424314312e-01 1.197482535598767495e+00 -5.545777875285536895e-01 -4.412950475106304782e-01 -1.340470745669574415e-01 5.302264845323823722e-02 -2.724280152277742117e-01 -1.415426219700854638e-01 -4.498030186775389128e-01 1.034667833244000468e+00 1.114500517287538850e+00 -7.587786651065183685e-01 -2.938894143703433826e-01 -1.668199170265104891e+00 4.637720761894673638e-01 -3.550192837874254770e-01 -8.333829099489566961e-01 2.086046353103975237e-01 7.795095678471574141e-01 8.902809701834866196e-01 5.644430634856541229e-02 -2.743361280005430780e-01 3.110841412991011135e-01 -3.571930668259187813e-01
-6.681600466831563723e-02 -7.810639965651742234e-01 8.851630855316225399e-02 1.068304615714073119e-01 -4.218036872823174854e-01 -4.812157477951013729e-02 1.046402236608985126e+00 1.402369961580268276e+00 -7.621955559191332386e-01 -7.697735665379495940e-01 -2.741567877499532013e+00 4.935966427614129071e-01 1.219558632332194570e+01 5.076882928734874900e-01 -3.258944621327772406e+00 -1.376961022890375919e+00 -9.120593836638031526e-02 1.046108278067569008e+00 -2.732070842627948859e-01 -4.787180300205530203e-01 -7.020080168705185031e-01 -3.274128506269183281e-01 -1.648908248047730452e-01 2.670742888374421087e-01 -1.017557476682098505e+00 1.532894362515995479e-01 3.558439286974832694e-01 7.270197780189635584e-01 -1.534654102872937409e-01 9.154479769434071823e-01 7.587366767481517060e-01 1.382566415507331019e-03 -1.205571554590594285e+00 -7.192168523392842294e-01 5.119224484539248721e-01 3.426884633402763058e-01 1.103968702083008846e-01 2.107907864273957654e-01 2.041856662045780924e-02 2.150019470144491351e-01
1.984055572076657836e-01 -1.172256052776879498e+00 -6.085730648716850544e-01 3.856974872649004404e-01 -8.741875272707032574e-01 -8.775236620605690874e-01 6.781761741440278657e-01 8.044465276399262454e-02 8.282613445457795986e-01 -1.106583703282806308e+00 -2.874125718738260282e+00 -2.963105479745951509e+00 5.076882928734874900e-01 1.406136749193257529e+01 3.147967535903426484e-01 -2.751019509755319614e+00 -2.040690103056138849e+00 -6.980444557474426714e-01 2.047220508609806977e+00 9.104624744442375572e-01 2.813135238275731309e-01 4.841730210104520649e-01 -5.473839454129315607e-01 -5.036139449203776985e-01 -1.242759436278145085e-01 -3.077717027033156222e-02 5.576931635827562239e-01 9.932721020758861208e-01 -1.579754010928924035e-01 -4.152187054354664619e-01 -4.695810677151222579e-01 -6.045601615389736283e-01 -7.692896586910619172e-02 -2.709634617538939638e-01 -4.422555298264503332e-01 -9.244477778473200180e-01 -7.267793188827424977e-01 8.824115085638285505e-01 -4.651279994793175443e-01 -3.978577595050292182e-01
-5.755029564076378223e-01 3.018578823949329970e-01 -5.059455240576263835e-01 1.832487548717579851e-01 6.257073267759702961e-01 2.500652772968685045e-01 -9.615758138965472268e-01 -8.421772782094807952e-02 1.170584878599426198e-01 2.673814294301798955e-01 -1.459422062665234887e-01 -2.910398730700097580e+00 -3.258944621327772406e+00 3.147967535903426484e-01 1.396540683363382485e+01 5.211152640097734823e-01 -4.164188715088091186e+00 -2.513272498809365096e+00 -8.547341484449081372e-01 6.311615477981534772e-01 4.518648627579955335e-01 -8.482145924377430812e-02 1.018677593424309302e+00 1.251774791504186357e+00 1.753515299530166160e-01 -1.537181819660763393e+00 -1.452016199329406509e+00 7.117884398178280225e-01 2.089760379265132251e+00 -8.828299058172388580e-01 -2.203828130974822219e+00 5.795425659307425897e-02 1.084957184689410825e+00 5.276468181015196990e-01 -1.046855619750446831e+00 -4.867878531220543037e-01 6.608809092639619243e-01 1.765726318405844042e+00 -2.171363256775030448e-01 -3.398444129088676879e-01
-5.973166385185143534e-01 1.003866567650300023e+00 -9.564957333540601292e-01 -6.432420741904185668e-01 9.527192094696208535e-01 1.177621643413218511e+00 1.485876064694293119e-01 -8.967237565302029756e-01 4.771790272080691508e-01 6.524643799245422038e-01 1.018356187031882021e+00 -2.162308529178881056e+00 -1.376961022890375919e+00 -2.751019509755319614e+00 5.211152640097734823e-01 1.422455798243877645e+01 4.875299645584836861e-01 -2.912443111142098306e+00 -9.121634726294356454e-01 -1.011215822570741052e+00 -7.769919059013448426e-02 -1.412814928398138138e-02 8.249603688708944116e-01 -6.277942586589275731e-01 -4.335384096042926849e-01 -6.965988894598370562e-01 -1.095765445603474442e+00 -5.230836865714096895e-01 8.709432719545290302e-02 2.414193153431636318e+00 2.044517170213319690e-01 2.060552116352140917e-01 3.958681275608195715e-01 -5.297306343115759653e-01 -3.781809618666849282e-01 -1.183862645979598394e-01 -1.177028103846019969e+00 -5.702097648130676211e-01 1.507657626765956493e+00 6.806655044514953179e-01
-7.425056714878204289e-01 -7.100676088190206459e-01 1.057377715537429985e+00 1.258372083283531562e-01 -1.154151424372752421e+00 9.637733537894396241e-01 -6.730173880962293798e-02 2.855836291158031851e-02 -1.035622196671789341e+00 7.774481939141516529e-01 1.286710075174493095e+00 9.036060955424314312e-01 -9.120593836638031526e-02 -2.040690103056138849e+00 -4.164188715088091186e+00 4.875299645584836861e-01 1.324630699552864677e+01 6.601913051628608420e-01 -2.913951221858764651e+00 -1.742260187330006982e+00 -8.516178823621304295e-01 1.009619787549013159e+00 -1.246460196358287892e-01 -4.843695651675203329e-02 6.742760802775520368e-01 2.948385749055254523e-01 2.464196364994930555e-01 -6.542505826163441673e-01 -1.574677939548908778e+00 1.620507011029835409e+00 8.208472937117727852e-01 -1.597204069309931737e-02 -1.315099118546703416e-01 3.040183308835744391e-01 5.675998408042836063e-01 2.615948922734321891e-01 -4.684873037672452889e-01 -1.011161828191810275e-01 5.671328514243318963e-01 -3.896735562452404156e-01
9.949075399421520860e-01 4.439472590853593692e-01 -3.697892562928988269e-01 -4.043897404461883061e-01 -5.366619420374174609e-01 -3.682314911984037320e-02 1.910302276152174572e-01 -3.613860659241370787e-01 -1.239076733172000067e+00 -3.714510150317421600e-01 -2.556595331265889004e-01 1.197482535598767495e+00 1.046108278067569008e+00 -6.980444557474426714e-01 -2.513272498809365096e+00 -2.912443111142098306e+00 6.601913051628608420e-01 1.165198183477619409e+01 8.892126669396758221e-01 -2.262653619299912489e+00 -1.925454302153246422e+00 -1.443797392668507928e+00 3.816309662655857915e-01 8.806724560436994809e-01 1.981741778723428438e-01 7.861248549847055234e-01 -1.945139667194984712e-01 7.986281743944076417e-02 -6.410751559916594289e-01 -1.649869359135338331e-01 1.314631858434161249e-01 4.868322461151119995e-01 -9.570365996936203157e-02 3.976934149816271358e-01 -2.800770501740763585e-01 -5.044417879082249145e-01 5.627841866327920606e-01 -9.098199344666103991e-04 2.088146643636953625e-01 8.074385929881946478e-01
-2.079233166687388945e-01 2.286037404648849081e-01 -6.812138823993035830e-02 -2.067868554193241226e-01 8.385345825389002583e-02 -9.420783756896119465e-01 5.178661883041077441e-02 1.094068071218812360e-01 4.683192326701675068e-01 -1.075549246366227646e-01 -4.003447979631471476e-01 -5.545777875285536895e-01 -2.732070842627948859e-01 2.047220508609806977e+00 -8.547341484449081372e-01 -9.121634726294356454e-01 -2.913951221858764651e+00 8.892126669396758221e-01 1.099719853702692696e+01 6.125780243879163089e-01 -3.228971113187376840e+00 -1.469854541154304695e+00 -4.254058664213770102e-01 -4.852333715430257044e-01 9.670315814811245025e-02 4.909615622317048400e-01 1.004238716085459115e+00 -7.560261563171982724e-01 -9.889608100095086396e-01 -8.763315852070425738e-01 -6.410835865949670032e-01 -5.361698719112552025e-01 5.868705171014475530e-01 4.034994886072267861e-01 4.543603451095802326e-01 -5.707158913248803200e-01 -8.948064075236801529e-02 1.543981023188765456e-01 3.063862949902909638e-01 2.179601218474571667e-01
5.901976012465134369e-01 5.455184274277579126e-01 7.270451194520989313e-01 -6.294545572046723603e-01 -4.243295063501348330e-01 -1.054158638200496517e-01 8.094136418464661364e-01 2.026119826925522893e-01 5.375431486863269104e-01 -8.720723780334184161e-01 -4.216554863504051731e-01 -4.412950475106304782e-01 -4.787180300205530203e-01 9.104624744442375572e-01 6.311615477981534772e-01 -1.011215822570741052e+00 -1.742260187330006982e+00 -2.262653619299912489e+00 6.125780243879163089e-01 1.126803878861561437e+01 7.430452423515745419e-01 -3.267060293765271961e+00 -2.206745552020159984e+00 -9.634246002990078939e-01 5.939631803389522346e-01 8.048362243453526244e-01 -1.252555992017372610e-01 2.061984394450805946e-01 1.002256377839482945e-02 -3.664391540348905241e-01 -6.377570762401595372e-01 -2.949024655165526365e-01 1.500403732663653511e-01 1.098474320507765833e+00 2.974484110566331108e-01 -2.268119816339246031e-01 9.386551136910659121e-01 -1.419905200476155427e+00 -5.166252098802704973e-01 9.669285953295552183e-01
7.234908813600034183e-02 3.781279235427465468e-01 6.215538373209344297e-02 3.139692174456499840e-01 6.611423367991028227e-03 5.825154826031997413e-01 2.071010287873341349e-01 -1.556490769459277779e-01 1.543352349942457291e-01 -7.002155601473313284e-01 3.976388904140511493e-01 -1.340470745669574415e-01 -7.020080168705185031e-01 2.813135238275731309e-01 4.518648627579955335e-01 -7.769919059013448426e-02 -8.516178823621304295e-01 -1.925454302153246422e+00 -3.228971113187376840e+00 7.430452423515745419e-01 1.183425681535647911e+01 1.859352625171884821e+00 -3.704657179542322432e+00 -1.462009017620876428e+00 -7.666943537772649142e-01 -2.691243553300086411e-02 9.185963923177578039e-01 -3.451569685966973111e-01 5.054816961219655846e-01 -1.561766170799886999e-01 -8.540701015955632913e-01 -4.861038189731928770e-03 -2.780512662208296515e-01 -2.407299287091365925e-01 9.594759800978652775e-01 3.239800744150403422e-01 -2.286143092570400714e-01 -5.445821299612718658e-01 -7.316569197721838336e-01 -1.609239037453994159e-01
1.751270310953183806e-01 -5.847423803772335837e-01 5.061757815362553092e-01 2.779532594917041299e-01 6.954558331091063861e-02 -1.248268298779809660e-01 2.194007244474926732e-01 8.392336031556933973e-01 2.833745929145588260e-02 -3.862821680506894340e-01 -7.169463390276934467e-01 5.302264845323823722e-02 -3.274128506269183281e-01 4.841730210104520649e-01 -8.482145924377430812e-02 -1.412814928398138138e-02 1.009619787549013159e+00 -1.443797392668507928e+00 -1.469854541154304695e+00 -3.267060293765271961e+00 1.859352625171884821e+00 1.255152157323662543e+01 5.673496962062672955e-01 -2.149433213320274039e+00 -1.128060446286677454e+00 -4.451084430587914365e-01 2.086579614010607431e-01 -1.317463076537508382e-01 1.060298085393415329e-01 1.434933203273764724e+00 1.160442058727721770e+00 -9.390553026083802157e-01 -1.674372133411128782e+00 -2.132670380138832478e+00 2.577197602847543512e-01 1.628421826097610658e+00 4.476272911885061379e-01 3.140653488450005359e-01 -1.313757470758862012e-01 -1.429622802628838674e+00
-1.666781541231147357e-01 3.167275696634302973e-01 -1.091304089364136365e+00 1.028845109043528661e+00 4.323970377715661839e-01 -3.853900739495539907e-01 -5.635823504339231016e-02 1.815056488938366352e-01 1.298804234504229438e-01 9.242276951654544437e-01 -4.291086508940575861e-01 -2.724280152277742117e-01 -1.648908248047730452e-01 -5.473839454129315607e-01 1.018677593424309302e+00 8.249603688708944116e-01 -1.246460196358287892e-01 3.816309662655857915e-01 -4.254058664213770102e-01 -2.206745552020159984e+00 -3.704657179542322432e+00 5.673496962062672955e-01 1.261817002878692406e+01 1.234205347551486254e+00 -3.639130641638421260e+00 -2.412651534133336106e+00 -5.076590310784210303e-01 1.561715995508575761e+00 1.065061067361755098e+00 -7.321190750555165438e-01 2.679171010959587318e-01 -1.281437815034450756e+00 4.016384137693148615e-01 1.951383629644985185e-01 -5.179687643575587863e-01 -4.622786803409449918e-01 -1.292424391584793830e-01 9.106502433914781536e-01 -3.169357219274419046e-01 -1.051467052174814842e+00
3.476499664647029197e-01 7.361252297916804910e-01 -1.008025812376497576e+00 -1.807843707336475481e+00 -5.664448577036577254e-02 7.808285570320632196e-01 -3.589564423437315299e-01 9.359065115621668929e-02 -1.080531433114151341e-01 3.887274240292224459e-01 -1.033709736701982768e-01 -1.415426219700854638e-01 2.670742888374421087e-01 -5.036139449203776985e-01 1.251774791504186357e+00 -6.277942586589275731e-01 -4.843695651675203329e-02 8.806724560436994809e-01 -4.852333715430257044e-01 -9.634246002990078939e-01 -1.462009017620876428e+00 -2.149433213320274039e+00 1.234205347551486254e+00 1.261013570291594732e+01 6.559122928450932255e-01 -2.388436492100986186e+00 -2.491068173496675531e+00 -8.317308856682372742e-01 3.466094446553907860e-01 8.411129389802382006e-01 3.800641510802899026e-01 5.695929242176661633e-01 -1.194243575781809064e+00 8.364155476840226533e-02 3.719136894228036727e-02 -3.250144952598369441e-01 9.733378095081169912e-01 2.181301708223254421e-01 -5.694800712084213679e-01 -3.903598264324400491e-01
2.777563273724320547e-01 1.517928193141887261e-01 1.011883610677774437e+00 4.087449210749344863e-01 1.283371961058580035e-01 -4.213267223463880717e-01 -8.713426735601480233e-02 -7.507821045970486384e-01 1.138742406969516646e-02 4.782173040533443387e-01 6.423514134360666095e-01 -4.498030186775389128e-01 -1.017557476682098505e+00 -1.242759436278145085e-01 1.753515299530166160e-01 -4.335384096042926849e-01 6.742760802775520368e-01 1.981741778723428438e-01 9.670315814811245025e-02 5.939631803389522346e-01 -7.666943537772649142e-01 -1.128060446286677454e+00 -3.639130641638421260e+00 6.559122928450932255e-01 1.165611349076314518e+01 8.258534599615916516e-01 -2.988062565881773658e+00 -2.108284467866011980e+00 -9.219534954359953627e-01 2.964960563423936213e-01 6.957274584551685903e-01 1.452482839917182744e+00 5.285406345472212220e-01 -5.370585855520303431e-01 -1.391412012693804989e+00 -5.011408346952869186e-01 4.559078489243445498e-01 -1.078823057197137725e-01 1.911443525928100892e-02 4.111595952889273153e-01
1.095552978801759725e+00 2.416577822365692796e-01 6.710922871372647647e-01 7.672221023931119488e-01 -6.651823768586976326e-01 -6.179795745043776822e-01 1.744216634450094783e-01 2.476872947360253818e-01 -9.021767190185266960e-01 -6.082028735276716613e-01 -8.157443716151121516e-01 1.034667833244000468e+00 1.532894362515995479e-01 -3.077717027033156222e-02 -1.537181819660763393e+00 -6.965988894598370562e-01 2.948385749055254523e-01 7.861248549847055234e-01 4.909615622317048400e-01 8.048362243453526244e-01 -2.691243553300086411e-02 -4.451084430587914365e-01 -2.412651534133336106e+00 -2.388436492100986186e+00 8.258534599615916516e-01 1.117171570639803413e+01 3.642067797858767331e-01 -2.436280299597468169e+00 -1.535633305024869610e+00 -1.303961552376295741e+00 1.008269650974127796e+00 7.790256278415153002e-01 8.434206735590327186e-01 -1.875187990852330011e-01 -4.365664227864461955e-01 -3.153032208451779228e-01 5.801409738723579679e-01 -8.165900439917195275e-01 -4.970925422038302011e-01 -1.992636276230529413e-01
-1.289866313045067991e-01 3.589944053264078339e-02 -3.390372445587086503e-01 2.743111535777818452e-02 -2.667069512438157153e-01 -1.652687536711335836e-01 2.971508673250395915e-01 4.094837657660403418e-01 5.031158455811298412e-03 -2.410167883284774493e-01 -3.327997525903762521e-01 1.114500517287538850e+00 3.558439286974832694e-01 5.576931635827562239e-01 -1.452016199329406509e+00 -1.095765445603474442e+00 2.464196364994930555e-01 -1.945139667194984712e-01 1.004238716085459115e+00 -1.252555992017372610e-01 9.185963923177578039e-01 2.086579614010607431e-01 -5.076590310784210303e-01 -2.491068173496675531e+00 -2.988062565881773658e+00 3.642067797858767331e-01 1.106008762424443148e+01 1.134205440335185777e+00 -3.699480161195096706e+00 -2.301160385799774222e+00 -8.980368187816843983e-01 3.261700682380788696e-01 9.506173411871384760e-01 -5.869770217646584909e-01 6.661120542415051027e-01 1.828899242876078357e-01 4.490801634134138909e-01 6.271498021435744086e-01 1.202927572587600746e+00 -6.807222019301227833e-01
6.480402324669191916e-02 6.112146759826886377e-01 -1.182587804867520909e+00 -3.933633699756519664e-01 6.032195174004428666e-03 4.326205698661092502e-01 2.308670571639903635e-02 5.652133194083138745e-01 4.428210487496702097e-01 -2.138128169314457983e-01 -1.077879096686928717e+00 -7.587786651065183685e-01 7.270197780189635584e-01 9.932721020758861208e-01 7.117884398178280225e-01 -5.230836865714096895e-01 -6.542505826163441673e-01 7.986281743944076417e-02 -7.560261563171982724e-01 2.061984394450805946e-01 -3.451569685966973111e-01 -1.317463076537508382e-01 1.561715995508575761e+00 -8.317308856682372742e-01 -2.108284467866011980e+00 -2.436280299597468169e+00 1.134205440335185777e+00 1.054557201750450268e+01 8.651474003089678622e-01 -2.056721935720720484e+00 -1.151038264794597366e+00 -7.140561841146348954e-01 4.143053497971465049e-01 3.602992682931180357e-01 -1.639545754531354094e-01 -3.219835404417648594e-01 4.346473597346495743e-01 1.014564782946460603e-01 3.036324907760634684e-01 9.053708745651832812e-01
-9.671663977866152839e-01 4.845782247258392794e-02 3.628341436719256241e-01 -2.706611738891163688e-01 5.705518116799837558e-02 -1.048219097032532687e+00 -3.073220791454933654e-01 1.481565408492682701e-01 4.678599299807024159e-01 -2.187020688117159994e-01 8.908124389070442017e-01 -2.938894143703433826e-01 -1.534654102872937409e-01 -1.579754010928924035e-01 2.089760379265132251e+00 8.709432719545290302e-02 -1.574677939548908778e+00 -6.410751559916594289e-01 -9.889608100095086396e-01 1.002256377839482945e-02 5.054816961219655846e-01 1.060298085393415329e-01 1.065061067361755098e+00 3.466094446553907860e-01 -9.219534954359953627e-01 -1.535633305024869610e+00 -3.699480161195096706e+00 8.651474003089678622e-01 1.245819681978418103e+01 6.960996986877814319e-01 -3.445552802632815492e+00 -1.918575338580554179e+00 -7.326858149260909725e-01 6.649803452647315982e-01 -1.601393200827344876e-01 -1.659343777110376672e-01 -1.216223489696139845e-02 5.402490913345335821e-01 -6.668654279789437700e-01 2.859660788295766420e-01
-8.543736589384081093e-01 -7.228247044378748321e-01 3.822800266706029571e-01 -9.525023993020690360e-01 2.536074006500297351e-01 -5.009969087618413308e-01 -7.468627350516849894e-01 -4.963182416278501541e-01 -4.320179051607774268e-01 1.034888483232194067e+00 9.723742370277049796e-01 -1.668199170265104891e+00 9.154479769434071823e-01 -4.152187054354664619e-01 -8.828299058172388580e-01 2.414193153431636318e+00 1.620507011029835409e+00 -1.649869359135338331e-01 -8.763315852070425738e-01 -3.664391540348905241e-01 -1.561766170799886999e-01 1.434933203273764724e+00 -7.321190750555165438e-01 8.411129389802382006e-01 2.964960563423936213e-01 -1.303961552376295741e+00 -2.301160385799774222e+00 -2.056721935720720484e+00 6.960996986877814319e-01 1.263734039127350073e+01 3.793340271133162078e-01 -2.702260834681791124e+00 -2.565525048799298879e+00 -1.453932197441104801e+00 5.528599396839051217e-01 3.383834336350545202e-01 -1.167136701070051963e+00 5.856501811733688667e-02 -5.464160613518643378e-02 -4.724153147377886941e-01
4.989131074569211344e-01 -5.314318311425429986e-01 4.978118212512872565e-01 9.469127314552254759e-01 9.832633329857895510e-02 -8.822407897184524339e-01 6.254144886326429287e-01 1.699387137360916789e-01 3.202420935758463344e-02 -8.108204000237878573e-01 -3.307823090639141483e-01 4.637720761894673638e-01 7.587366767481517060e-01 -4.695810677151222579e-01 -2.203828130974822219e+00 2.044517170213319690e-01 8.208472937117727852e-01 1.314631858434161249e-01 -6.410835865949670032e-01 -6.377570762401595372e-01 -8.540701015955632913e-01 1.160442058727721770e+00 2.679171010959587318e-01 3.800641510802899026e-01 6.957274584551685903e-01 1.008269650974127796e+00 -8.980368187816843983e-01 -1.151038264794597366e+00 -3.445552802632815492e+00 3.793340271133162078e-01 1.276730091472423823e+01 5.817914827201881023e-01 -3.515104464403720375e+00 -1.268073702709249906e+00 -1.505175280623602729e+00 -8.523622562153144733e-01 5.409779044934772685e-01 -2.993070956297788077e-01 -5.746489840261519433e-01 3.092106575668270851e-01
7.163395254070319407e-01 3.453288081564373502e-01 -1.667281222459099377e-01 6.925181771243769102e-01 -3.156862382266102662e-02 2.958173254136765573e-01 -3.744289203906631669e-01 -1.713984576321723463e-01 3.702629746956331847e-01 -1.934402869390716984e-01 7.147149156198026043e-01 -3.550192837874254770e-01 1.382566415507331019e-03 -6.045601615389736283e-01 5.795425659307425897e-02 2.060552116352140917e-01 -1.597204069309931737e-02 4.868322461151119995e-01 -5.361698719112552025e-01 -2.949024655165526365e-01 -4.861038189731928770e-03 -9.390553026083802157e-01 -1.281437815034450756e+00 5.695929242176661633e-01 1.452482839917182744e+00 7.790256278415153002e-01 3.261700682380788696e-01 -7.140561841146348954e-01 -1.918575338580554179e+00 -2.702260834681791124e+00 5.817914827201881023e-01 1.261093234458844137e+01 1.427604415764063495e+00 -2.777529388849741210e+00 -1.612633271168207427e+00 -3.817435578119959816e-01 -3.090599988764735073e-01 6.698962513851739464e-01 1.018661121906872857e+00 -2.374725306415707005e-01
-6.601955699235274588e-01 1.594975781425752803e+00 1.546271665330770928e-01 9.590982615325476246e-01 4.425557795766933700e-02 3.750224192949225266e-01 -1.069896112016517131e+00 -6.884289890920203270e-01 -1.399888278458758240e-01 6.791927752941326890e-01 1.533367516083546933e-01 -8.333829099489566961e-01 -1.205571554590594285e+00 -7.692896586910619172e-02 1.084957184689410825e+00 3.958681275608195715e-01 -1.315099118546703416e-01 -9.570365996936203157e-02 5.868705171014475530e-01 1.500403732663653511e-01 -2.780512662208296515e-01 -1.674372133411128782e+00 4.016384137693148615e-01 -1.194243575781809064e+00 5.285406345472212220e-01 8.434206735590327186e-01 9.506173411871384760e-01 4.143053497971465049e-01 -7.326858149260909725e-01 -2.565525048799298879e+00 -3.515104464403720375e+00 1.427604415764063495e+00 1.443163060896327465e+01 9.007494567122401596e-01 -2.019246880900864571e+00 -2.044695067093394769e+00 -3.870788797187428298e-01 4.461483228221692077e-01 7.066775031786991512e-01 -7.411052559897169933e-01
-1.129562983232053480e-01 -7.143897446555728115e-01 -1.085063801792759852e+00 -1.347914198301118915e-01 3.602996856244688462e-01 1.033095818755264350e+00 4.453137983650830578e-01 -3.506733357571998888e-01 -6.071887461730891139e-02 8.468330116072052272e-02 1.024586747477467030e+00 2.086046353103975237e-01 -7.192168523392842294e-01 -2.709634617538939638e-01 5.276468181015196990e-01 -5.297306343115759653e-01 3.040183308835744391e-01 3.976934149816271358e-01 4.034994886072267861e-01 1.098474320507765833e+00 -2.407299287091365925e-01 -2.132670380138832478e+00 1.951383629644985185e-01 8.364155476840226533e-02 -5.370585855520303431e-01 -1.875187990852330011e-01 -5.869770217646584909e-01 3.602992682931180357e-01 6.649803452647315982e-01 -1.453932197441104801e+00 -1.268073702709249906e+00 -2.777529388849741210e+00 9.007494567122401596e-01 1.218510705539909722e+01 1.201632406543608589e+00 -3.305320956859036041e+00 -1.550142864240118934e+00 -1.437758731978895366e+00 3.447149454755900067e-01 6.752922613054432865e-01
-4.928136734878717506e-01 -7.037805885139323259e-01 -9.487045556721659390e-01 -1.315564422322076155e+00 4.589187499789242342e-01 4.589439438871022459e-01 6.235865898896206794e-01 -7.602955687386314665e-01 -7.844709278272611330e-01 5.944591897051114682e-01 6.564270360280953787e-01 7.795095678471574141e-01 5.119224484539248721e-01 -4.422555298264503332e-01 -1.046855619750446831e+00 -3.781809618666849282e-01 5.675998408042836063e-01 -2.800770501740763585e-01 4.543603451095802326e-01 2.974484110566331108e-01 9.594759800978652775e-01 2.577197602847543512e-01 -5.179687643575587863e-01 3.719136894228036727e-02 -1.391412012693804989e+00 -4.365664227864461955e-01 6.661120542415051027e-01 -1.639545754531354094e-01 -1.601393200827344876e-01 5.528599396839051217e-01 -1.505175280623602729e+00 -1.612633271168207427e+00 -2.019246880900864571e+00 1.201632406543608589e+00 1.149712516268192886e+01 8.393788418405524476e-01 -3.161828126576122333e+00 -2.129065640767486833e+00 5.982247108142859648e-01 1.671513795981530048e+00
2.117952174037740498e+00 1.619769560911306361e-01 5.247456671422922464e-02 -1.549143569278276900e+00 -9.427279598645421643e-01 3.720925803751964911e-01 4.656766480836503908e-01 8.036263344672782694e-01 -4.842731583234953230e-01 -2.198749134048804399e-01 5.244944321572177215e-02 8.902809701834866196e-01 3.426884633402763058e-01 -9.244477778473200180e-01 -4.867878531220543037e-01 -1.183862645979598394e-01 2.615948922734321891e-01 -5.044417879082249145e-01 -5.707158913248803200e-01 -2.268119816339246031e-01 3.239800744150403422e-01 1.628421826097610658e+00 -4.622786803409449918e-01 -3.250144952598369441e-01 -5.011408346952869186e-01 -3.153032208451779228e-01 1.828899242876078357e-01 -3.219835404417648594e-01 -1.659343777110376672e-01 3.383834336350545202e-01 -8.523622562153144733e-01 -3.817435578119959816e-01 -2.044695067093394769e+00 -3.305320956859036041e+00 8.393788418405524476e-01 1.264240190447128853e+01 8.549852348272818370e-01 -2.308169108969422734e+00 -2.343767224847242758e+00 -3.043869161107582433e-01
-9.965335514926071392e-02 1.458148444562761714e+00 1.069670711298927435e+00 -2.582131610692223189e-01 -6.894814638797839290e-01 -1.920551314290434575e-01 -1.323647269929502546e+00 5.976741799726171811e-01 1.216817824422206790e-02 -1.111915073257350312e-01 -8.664406882848566527e-01 5.644430634856541229e-02 1.103968702083008846e-01 -7.267793188827424977e-01 6.608809092639619243e-01 -1.177028103846019969e+00 -4.684873037672452889e-01 5.627841866327920606e-01 -8.948064075236801529e-02 9.386551136910659121e-01 -2.286143092570400714e-01 4.476272911885061379e-01 -1.292424391584793830e-01 9.733378095081169912e-01 4.559078489243445498e-01 5.801409738723579679e-01 4.490801634134138909e-01 4.346473597346495743e-01 -1.216223489696139845e-02 -1.167136701070051963e+00 5.409779044934772685e-01 -3.090599988764735073e-01 -3.870788797187428298e-01 -1.550142864240118934e+00 -3.161828126576122333e+00 8.549852348272818370e-01 1.223888151576102246e+01 4.135153749274589896e-01 -2.524654529509422485e+00 -2.099901130019028894e+00
-1.278094933087853491e+00 -6.254828091999560247e-01 1.206401015054372250e+00 9.465802586321632184e-01 2.264796120823409642e-01 -2.381455160989746356e-01 -5.013389263334891988e-01 -6.186633042312335018e-01 2.880060298642208583e-01 -4.498771416484160790e-01 -9.277453385071417202e-02 -2.743361280005430780e-01 2.107907864273957654e-01 8.824115085638285505e-01 1.765726318405844042e+00 -5.702097648130676211e-01 -1.011161828191810275e-01 -9.098199344666103991e-04 1.543981023188765456e-01 -1.419905200476155427e+00 -5.445821299612718658e-01 3.140653488450005359e-01 9.106502433914781536e-01 2.181301708223254421e-01 -1.078823057197137725e-01 -8.165900439917195275e-01 6.271498021435744086e-01 1.014564782946460603e-01 5.402490913345335821e-01 5.856501811733688667e-02 -2.993070956297788077e-01 6.698962513851739464e-01 4.461483228221692077e-01 -1.437758731978895366e+00 -2.129065640767486833e+00 -2.308169108969422734e+00 4.135153749274589896e-01 1.144933621526948642e+01 -1.270583026116043832e-02 -2.693330834853120859e+00
-2.974334637098668743e+00 -1.634016564064112220e+00 -8.126190227227964025e-01 1.102841693157328162e+00 1.564443702468684361e+00 4.088747177128342347e-01 -3.142844299316457368e-01 -8.976284477099999437e-01 2.872104436357793000e-01 -2.552104402068141042e-01 4.919393534522688571e-01 3.110841412991011135e-01 2.041856662045780924e-02 -4.651279994793175443e-01 -2.171363256775030448e-01 1.507657626765956493e+00 5.671328514243318963e-01 2.088146643636953625e-01 3.063862949902909638e-01 -5.166252098802704973e-01 -7.316569197721838336e-01 -1.313757470758862012e-01 -3.169357219274419046e-01 -5.694800712084213679e-01 1.911443525928100892e-02 -4.970925422038302011e-01 1.202927572587600746e+00 3.036324907760634684e-01 -6.668654279789437700e-01 -5.464160613518643378e-02 -5.746489840261519433e-01 1.018661121906872857e+00 7.066775031786991512e-01 3.447149454755900067e-01 5.982247108142859648e-01 -2.343767224847242758e+00 -2.524654529509422485e+00 -1.270583026116043832e-02 1.003075562407143018e+01 6.809857009744675338e-01
