5.556911279000912529e+00 2.647308283295882192e-01 -9.515239650141729122e-01 -2.206662208148933157e-01 -1.401480290021086539e-01 4.535624421759992114e-02 -3.415179139856164975e-02 2.753941485143683865e-01 2.867454604226215564e-01 1.122191949418169798e-01 -7.648089305227201429e-02 7.983325320617802590e-02 1.635163483809923546e-01 6.446492780867053851e-02 2.091096635032139994e-01 1.365127735077290849e-01 -2.212451251055085888e-01 -1.020326448570824940e-01 1.427848488964014728e-02 -3.138132616093664701e-02 -1.379649960232214589e-01 3.915433109106841031e-03 1.939767442382824003e-01 2.500594462402990770e-01 -6.947717845715797869e-02 -1.457809584886844423e-01 1.134998996704636616e-02 1.504641210770665538e-01 -1.356528358215879915e-01 -5.095135045501889698e-02 -4.485831653034184907e-02 -1.544240885446651057e-01 6.258969240092232544e-02 -1.874593599251597742e-02 -9.477832435658169533e-03 1.516607423237973373e-01 4.424735551185593474e-02 -1.226622938970045318e-01 -1.021020456304840396e+00 4.618446130188060689e-02
2.647308283295882192e-01 5.300593691676146690e+00 5.821228506153767190e-01 -9.218746839882585586e-01 -3.254044157594581099e-01 1.601570414252895258e-02 -5.254590338747482277e-03 -1.313773868761560215e-01 7.915559951705616881e-02 7.456920092176454185e-02 -1.156003026848798354e-01 9.719841985707050602e-03 9.157671214358671652e-02 1.576124102043573172e-01 -1.129047005512380242e-01 -1.061909689362827286e-01 1.287151292344364609e-02 -4.063897413504136136e-02 -2.289466969331377388e-01 -4.191632178322925867e-02 1.807409321203187411e-02 2.872089358046603369e-01 1.809004645990780480e-01 -1.047345456848677303e-01 1.274886558224258282e-01 6.679473372636496320e-02 1.679660572720997544e-02 1.169361138687775720e-01 6.447580885585703359e-02 -7.156765379181791176e-02 -3.166200225821032554e-01 -6.179825284801536422e-02 2.622935155978883826e-01 5.571790023484452653e-02 2.143005880710237634e-02 1.068587746579798131e-01 -1.559933840964763396e-01 2.950968650805929280e-02 -6.082593907777290587e-01 -1.533683803703997039e+00
-9.515239650141729122e-01 5.821228506153767190e-01 4.795310692031399036e+00 3.467524395786185376e-02 -1.616271778217267086e+00 3.438513855055389534e-01 7.104631464286381703e-02 -3.154657332721478857e-01 5.642052182414319939e-02 1.919795346715760243e-01 -8.187691362738193368e-02 -2.324519672184884589e-01 1.164241710944858149e-01 6.130327051806290506e-02 -1.647114183847634694e-01 3.162104041713835467e-02 2.667583706399687671e-01 -8.650299997764343551e-02 -1.935485754367672062e-01 1.456423441563159671e-01 -1.895823115176677176e-01 -1.072068022578568369e-01 -1.059774041982480264e-01 -9.533051445872117724e-02 2.633602872978476617e-01 2.150107798219185185e-01 1.355788371046348084e-01 2.172257006105833832e-01 -8.678882119209817281e-02 -4.297592262063003321e-02 -9.450794158305338144e-02 2.846049537924517647e-01 9.025837081412420304e-02 -4.611747275685992853e-02 -6.460026490552714384e-02 -1.059837896531045098e-01 -1.648813184837727985e-01 3.345441619462108940e-01 1.069704197300245518e-01 1.937075852137575549e-01
-2.206662208148933157e-01 -9.218746839882585586e-01 3.467524395786185376e-02 4.790313677598316389e+00 -1.744332582633052464e-01 -1.000548443903734874e+00 1.020039838930331538e-01 4.393776120871347585e-02 -1.211878341480358140e-02 -2.144880494310006866e-02 1.198422063442301927e-01 4.473728112408707769e-02 1.498801955247094086e-01 -6.110367557407835742e-02 -9.099439644286756723e-02 2.421868790668640359e-01 3.289249812988118138e-02 8.486815968313900227e-02 1.994309588373857633e-01 2.263645212163100662e-01 3.244897042352232197e-02 -1.707963627374557702e-01 -3.748672687381768981e-02 1.783791322386132916e-01 3.370424679131908685e-02 -3.076351452612186704e-02 -1.391925024405898659e-01 -2.469037452783599540e-01 6.134944925829504542e-02 2.160162710862327251e-01 1.623925421292140778e-02 -7.484775345444888428e-02 -2.456715403871048420e-01 8.306932218269359736e-02 1.031839437256864417e-01 1.173822890514925610e-01 -3.834926490729081983e-02 6.964868573908798710e-02 4.069422908700764396e-01 1.643008916935704278e-01
-1.401480290021086539e-01 -3.254044157594581099e-01 -1.616271778217267086e+00 -1.744332582633052464e-01 5.934898184487483519e+00 3.356897684309063101e-01 -6.318509337655375813e-01 -1.974952338285936859e-01 1.501192681976418891e-02 2.444714830816484552e-01 1.153349698758112385e-01 -4.101997628538600962e-03 -1.716890899875850047e-03 1.826704434641866215e-01 3.000583835351091078e-01 -2.927803901716602430e-01 4.083592394109607226e-02 -5.688218790917677799e-03 1.458966054518362754e-01 5.575232662052662796e-02 -1.540568005258612962e-03 -4.821366764785005310e-02 -3.433770801251417176e-02 2.751229868409113544e-02 -6.081483521985068252e-01 -1.013875144923381127e-01 -4.659420734222648186e-02 -3.687404346285335505e-02 -1.199231206337904865e-01 -1.932478269922442426e-01 7.031408069008272810e-02 -1.954793784982891136e-01 -2.503763603505539809e-02 2.458798477772873858e-01 5.942610302288852536e-02 -1.958792135826851466e-01 -2.359247986974246508e-02 -1.965210467505182912e-01 -8.267527708579468226e-02 -3.888356361398225824e-01
4.535624421759992114e-02 1.601570414252895258e-02 3.438513855055389534e-01 -1.000548443903734874e+00 3.356897684309063101e-01 4.895166256965789664e+00 5.268564521369707432e-01 -1.295290978775243129e+00 -4.566642825378000592e-01 -1.192519882256684550e-03 1.499500903990161338e-01 -7.113335957133637422e-02 -4.857629215988717997e-01 -1.148555719535392372e-01 1.647022185569824437e-01 -2.426285656109024857e-01 -1.906963985524310345e-01 1.555913881710920821e-01 -9.447373563349308057e-02 -3.519375657266670676e-01 1.146940442622287337e-01 -7.673454219951060529e-02 1.454197620249879919e-01 -1.658493338084209845e-01 1.732899003645465286e-01 5.260298261494710491e-03 -2.341691519557531631e-02 -7.805956926143527153e-02 -2.386940204669987797e-01 1.999195883397839879e-01 1.346109476078643230e-01 -1.264205051027479099e-01 -3.696813706640580868e-03 3.515708474077572365e-01 -1.232091231661889968e-01 -2.359157452553947987e-01 1.079771459341932055e-01 -7.036232891167727710e-02 -6.957617446857310151e-02 8.223782808220184148e-02
-3.415179139856164975e-02 -5.254590338747482277e-03 7.104631464286381703e-02 1.020039838930331538e-01 -6.318509337655375813e-01 5.268564521369707432e-01 5.537548865344890991e+00 4.991329202472310489e-01 -1.770064299240161176e+00 3.365854746149776200e-01 -4.944745314746464698e-02 -9.700836221582637142e-02 2.488075208314203396e-02 -7.638430117543429376e-02 -1.165910121172723975e-02 1.087679975224230544e-01 -1.191976055598698292e-01 -4.770076576824283654e-02 6.263295329001385137e-02 8.899726039021238488e-02 -9.736399650716816290e-02 -8.864353132600964746e-02 3.354188932845489912e-01 -4.833907681297796438e-02 1.503768751798603975e-01 -7.026998079948067188e-02 1.889616080907968454e-01 -1.006474267371542351e-02 6.030525694646744761e-02 2.976161493434503411e-02 5.326047909469593111e-02 -1.872521062420604010e-01 7.814186617418848735e-02 4.526272770182206140e-02 -6.137387732165471704e-02 2.348523333128471335e-01 2.378168307011336857e-01 1.567719178150547565e-01 3.277917471028523599e-01 3.019188536501275499e-01
2.753941485143683865e-01 -1.313773868761560215e-01 -3.154657332721478857e-01 4.393776120871347585e-02 -1.974952338285936859e-01 -1.295290978775243129e+00 4.991329202472310489e-01 6.133236873941401157e+00 5.272915461384288793e-01 -1.162822508825112067e+00 -4.013403447577456595e-01 1.643761324048009509e-01 2.072136437155769340e-01 -2.090372510490527951e-03 8.269685680389320115e-02 1.621320990867265721e-01 -2.333697399240759404e-02 -1.551545579795818586e-01 1.184800410965920620e-01 3.779505004937559476e-01 5.747678800684728577e-03 -1.629548283802931818e-01 7.109376061900089805e-02 1.511378171533277470e-01 5.778166789202059117e-02 -7.352741831748393908e-02 -1.088076563783762496e-01 -1.408044155351620974e-01 2.228163362129156055e-01 2.035344702825698647e-04 -4.241098807428510531e-01 2.419018742093996532e-02 -1.346891900528166680e-02 -1.951021098848531032e-01 -1.329395849912410055e-01 2.199414315401168607e-01 -1.100333658575374379e-01 4.028903258609726340e-02 1.686378332435847227e-01 6.899070403499030224e-02
2.867454604226215564e-01 7.915559951705616881e-02 5.642052182414319939e-02 -1.211878341480358140e-02 1.501192681976418891e-02 -4.566642825378000592e-01 -1.770064299240161176e+00 5.272915461384288793e-01 6.243025636029122971e+00 4.850133525733897333e-01 -1.780035344104312856e+00 -7.582637080200517465e-02 4.124531184898131975e-01 -1.898083830760611823e-01 -1.646579146217208300e-01 -6.040060602376260551e-02 -1.575769994846018818e-01 1.610293011694994003e-01 8.934393596583505015e-02 1.675228060099366867e-01 6.951491206260530797e-02 -1.780542998254623990e-02 -2.849343200809282828e-01 -1.877005031767268461e-01 -1.521171441464837515e-01 4.215839282208178052e-02 1.223439288612843956e-01 -2.207382498036982721e-01 8.272178166152996392e-02 2.577017525187431587e-02 4.203750681221606056e-02 1.027371847254498691e-02 -2.719375106348792884e-02 -7.181320307861181751e-02 1.950746770541618158e-01 6.644192332696721714e-02 -2.314594854155400117e-01 2.147574235110197988e-02 -2.537228535007771679e-01 -5.887377770391118842e-02
1.122191949418169798e-01 7.456920092176454185e-02 1.919795346715760243e-01 -2.144880494310006866e-02 2.444714830816484552e-01 -1.192519882256684550e-03 3.365854746149776200e-01 -1.162822508825112067e+00 4.850133525733897333e-01 5.756296658676331113e+00 -4.647929493898186881e-01 -1.305720350057544055e+00 3.699298909749971775e-01 1.549502543656985365e-01 -1.428533625570860000e-01 3.039907134114417861e-02 1.666641290706933620e-01 -1.328783178822952049e-01 -2.066811931390612478e-01 1.208888257613498357e-01 7.747169921141239257e-02 1.030352504510494427e-01 3.759077194312290121e-02 -6.546709505609900337e-02 -4.538969932723397466e-02 2.713743595141707848e-02 4.980635418149883392e-02 1.680508839056445713e-01 8.509350361088659220e-02 -4.055431307873619273e-02 -8.891477206935645763e-03 1.492256894820672419e-01 -5.275561097160222368e-02 3.047768160325707854e-01 1.598269871215990956e-01 2.241008839295603738e-01 -9.586989526508165813e-03 9.620162962851012967e-02 2.703035835618986318e-02 -7.310681765222265538e-02
-7.648089305227201429e-02 -1.156003026848798354e-01 -8.187691362738193368e-02 1.198422063442301927e-01 1.153349698758112385e-01 1.499500903990161338e-01 -4.944745314746464698e-02 -4.013403447577456595e-01 -1.780035344104312856e+00 -4.647929493898186881e-01 6.637377711625035204e+00 3.894489626602520294e-01 -1.187307067325423127e+00 -1.464282449601657377e-01 -1.354847760704439852e-01 3.031801564699325158e-01 -9.494637623048894637e-02 -2.452097977792140338e-01 2.285519232526245503e-01 1.753811572500882376e-01 -7.534899138439059285e-02 -8.824646719722473165e-02 1.533901405387295414e-01 1.893062355184472806e-03 -4.501585427371614101e-02 1.547899818689631168e-01 4.074058747527786045e-02 1.061268829575649358e-01 -1.326919498264702291e-01 3.402499125819313797e-02 -8.035344061217024325e-03 3.776370233493900330e-02 1.962145872483321909e-02 -1.184436942288621120e-01 1.440539032360939886e-01 -2.858944597557703249e-01 -6.495716874678703068e-02 1.547725867180899662e-01 6.597298312515853524e-02 -3.793366162970905273e-03
7.983325320617802590e-02 9.719841985707050602e-03 -2.324519672184884589e-01 4.473728112408707769e-02 -4.101997628538600962e-03 -7.113335957133637422e-02 -9.700836221582637142e-02 1.643761324048009509e-01 -7.582637080200517465e-02 -1.305720350057544055e+00 3.894489626602520294e-01 4.829587668804003364e+00 4.264581056052912933e-01 -1.211170661489370914e+00 -4.731974591044606215e-02 2.269192736582167913e-01 -2.748042914163074668e-01 -2.348919271022002209e-01 6.978694339795386836e-02 2.103338194730643429e-01 -2.734521282275642062e-01 -1.670015007170884414e-01 -1.060045724256975658e-01 1.452001824319799628e-01 -1.091880694776293792e-01 -2.875777681957629797e-02 -3.733800609853150931e-02 -1.993182373193197465e-01 -7.245201673796096767e-03 9.604582792276668279e-02 -3.232149472669388346e-01 -1.104088207274909750e-01 1.470987348160489594e-01 -5.855692487973785526e-02 3.299409773107251503e-02 9.965629447201579394e-02 2.349915893012128609e-01 -1.045438624518769538e-01 -1.929604355721820097e-01 4.763881914591137391e-03
1.635163483809923546e-01 9.157671214358671652e-02 1.164241710944858149e-01 1.498801955247094086e-01 -1.716890899875850047e-03 -4.857629215988717997e-01 2.488075208314203396e-02 2.072136437155769340e-01 4.124531184898131975e-01 3.699298909749971775e-01 -1.187307067325423127e+00 4.264581056052912933e-01 5.770263618968436425e+00 4.019047139108181121e-01 -1.225606985947460981e+00 1.065652683160323300e-01 3.823340640556608383e-01 -1.651083734416553539e-01 -3.009765668838920716e-01 3.325595165643218110e-01 1.579603438160518680e-01 -6.622268619268982526e-02 -1.309573573969657623e-01 -1.251515700102799056e-01 8.698315273534897030e-02 7.077130722221695869e-02 1.041086331283334193e-01 -2.751129508562948772e-02 3.941772751858988594e-02 -1.475561076127581972e-01 -6.907163458106205245e-02 4.217621894773834063e-02 7.535607612479053308e-02 -2.760482302056276316e-01 6.508630169000773069e-02 1.824346236655835785e-01 -1.766191966524363888e-01 -2.864383155997596297e-01 2.843728438828323490e-01 1.079911311667841184e-01
6.446492780867053851e-02 1.576124102043573172e-01 6.130327051806290506e-02 -6.110367557407835742e-02 1.826704434641866215e-01 -1.148555719535392372e-01 -7.638430117543429376e-02 -2.090372510490527951e-03 -1.898083830760611823e-01 1.549502543656985365e-01 -1.464282449601657377e-01 -1.211170661489370914e+00 4.019047139108181121e-01 5.185668994782528962e+00 2.107757767808624561e-01 -1.052802680974413541e+00 1.642088704874223870e-01 3.024156726776965759e-02 -4.085705569708837637e-02 -1.012737773639139638e-01 7.817323181097669826e-02 -6.413079025946215317e-02 2.476853219575866349e-01 7.025485704658919472e-02 -1.051453512439669974e-01 3.067039673921271355e-03 2.171111011531995927e-01 -6.069395265653369093e-03 5.127876795512160968e-02 1.055354914020902035e-01 1.553840382847682978e-02 -1.166745247497599502e-01 -1.778288706721000345e-03 5.508658136032179575e-02 7.444703029043429898e-02 5.670259278569476230e-02 -3.472628707061149039e-02 -4.906286724145667022e-02 2.784458600362260672e-01 1.132057423505360705e-01
2.091096635032139994e-01 -1.129047005512380242e-01 -1.647114183847634694e-01 -9.099439644286756723e-02 3.000583835351091078e-01 1.647022185569824437e-01 -1.165910121172723975e-02 8.269685680389320115e-02 -1.646579146217208300e-01 -1.428533625570860000e-01 -1.354847760704439852e-01 -4.731974591044606215e-02 -1.225606985947460981e+00 2.107757767808624561e-01 5.097279686061211734e+00 3.025635223373029925e-01 -1.464879661520150478e+00 -1.617348588692056610e-01 3.027881923818559473e-01 -1.465327281732664022e-01 -1.041396477832488288e-01 -1.694072538347824244e-02 7.336798461744474531e-02 8.751587274360847967e-04 -1.556056246542448784e-01 1.867701198537452794e-03 -2.827849570425021719e-01 1.376744751738093742e-01 2.335984526409820017e-01 6.894232111958747966e-02 -3.015373969380774621e-01 -3.604124058262361818e-02 1.211895999803797030e-01 5.196964390492148783e-02 -1.788405380597996308e-01 9.275312135845429490e-03 2.572811886115742436e-02 1.884329947523100679e-01 1.336986181229712911e-01 1.153415353494248591e-01
1.365127735077290849e-01 -1.061909689362827286e-01 3.162104041713835467e-02 2.421868790668640359e-01 -2.927803901716602430e-01 -2.426285656109024857e-01 1.087679975224230544e-01 1.621320990867265721e-01 -6.040060602376260551e-02 3.039907134114417861e-02 3.031801564699325158e-01 2.269192736582167913e-01 1.065652683160323300e-01 -1.052802680974413541e+00 3.025635223373029925e-01 5.649639983439900703e+00 2.292623388105037019e-01 -1.245982421275951602e+00 5.812963068068218719e-01 1.660797436967851315e-01 -1.603405573161185149e-01 1.380951500467491287e-02 1.000907522501690294e-01 1.034739094528384223e-01 -1.103422037359562125e-01 -2.579990943053051544e-01 -2.308435505521790054e-02 2.068511069692636761e-01 -1.467302601029126484e-02 3.496232703708617578e-02 -1.622438951698497445e-01 2.116131154973186768e-01 9.521975826442859170e-02 -2.058406654542862813e-01 -4.149687690725381572e-01 -3.938399715651417360e-02 1.742749635986141910e-01 8.268250283244150955e-02 -1.670807901646004789e-01 1.180434435493121215e-01
-2.212451251055085888e-01 1.287151292344364609e-02 2.667583706399687671e-01 3.289249812988118138e-02 4.083592394109607226e-02 -1.906963985524310345e-01 -1.191976055598698292e-01 -2.333697399240759404e-02 -1.575769994846018818e-01 1.666641290706933620e-01 -9.494637623048894637e-02 -2.748042914163074668e-01 3.823340640556608383e-01 1.642088704874223870e-01 -1.464879661520150478e+00 2.292623388105037019e-01 4.678869950066832928e+00 3.600730284888762345e-01 -7.357830336066117916e-01 -2.363866233023959734e-02 -9.561922217816150316e-02 -3.421905566164461926e-02 1.010402956367679600e-01 -5.497458742177520168e-03 -8.333084157536464753e-02 -7.737704565339265095e-02 3.452689109272740614e-02 -1.255613925954791703e-02 -4.362764444955471999e-02 9.450468681633353296e-02 1.474419679906262548e-01 -1.675779271975683105e-02 -1.090119627802476343e-01 -1.557047230070912613e-01 9.317511357359040125e-02 2.798564802516965710e-01 1.443585470685098023e-02 -1.533147135127263007e-02 -1.409528190878616971e-01 -4.378126096743631401e-02
-1.020326448570824940e-01 -4.063897413504136136e-02 -8.650299997764343551e-02 8.486815968313900227e-02 -5.688218790917677799e-03 1.555913881710920821e-01 -4.770076576824283654e-02 -1.551545579795818586e-01 1.610293011694994003e-01 -1.328783178822952049e-01 -2.452097977792140338e-01 -2.348919271022002209e-01 -1.651083734416553539e-01 3.024156726776965759e-02 -1.617348588692056610e-01 -1.245982421275951602e+00 3.600730284888762345e-01 4.739009143586016215e+00 2.978901827072569231e-01 -1.381612438667885412e+00 -3.590802068368385835e-02 1.081737857763841321e-01 -1.321459859165324997e-02 -7.158541994704707527e-03 8.363357110460253874e-02 -1.671144889066782102e-02 -1.151117679027557766e-01 -1.584434027652004418e-01 2.051208692633081643e-02 -4.028501325066753680e-02 2.439995510139321422e-01 -5.632497561784838291e-02 1.703804976617578071e-01 1.888159334473291373e-01 1.746935947679389700e-01 -1.455808909998651257e-01 -2.118297976828518170e-01 -2.578033542362394015e-01 1.272709107360119885e-01 4.486514877462667236e-03
1.427848488964014728e-02 -2.289466969331377388e-01 -1.935485754367672062e-01 1.994309588373857633e-01 1.458966054518362754e-01 -9.447373563349308057e-02 6.263295329001385137e-02 1.184800410965920620e-01 8.934393596583505015e-02 -2.066811931390612478e-01 2.285519232526245503e-01 6.978694339795386836e-02 -3.009765668838920716e-01 -4.085705569708837637e-02 3.027881923818559473e-01 5.812963068068218719e-01 -7.357830336066117916e-01 2.978901827072569231e-01 4.658626909956082862e+00 1.491154047326507803e-01 -1.265077282041329187e+00 1.738842533841191973e-01 1.267843953753576558e-01 3.378231812587990240e-02 -2.311482091087376511e-01 -2.188451232806462310e-01 8.298641982345952850e-02 2.381433034854887887e-01 1.372457910740045306e-01 -1.493895737875367002e-01 -2.756953069383105137e-01 -3.620588436068634432e-03 1.823502427290862871e-01 -4.173449450980024067e-02 -1.840600961502098509e-01 1.395241682411373640e-01 2.993432768355264173e-01 -2.053768950222034095e-01 -2.695877828521194355e-02 -2.788716459218205587e-02
-3.138132616093664701e-02 -4.191632178322925867e-02 1.456423441563159671e-01 2.263645212163100662e-01 5.575232662052662796e-02 -3.519375657266670676e-01 8.899726039021238488e-02 3.779505004937559476e-01 1.675228060099366867e-01 1.208888257613498357e-01 1.753811572500882376e-01 2.103338194730643429e-01 3.325595165643218110e-01 -1.012737773639139638e-01 -1.465327281732664022e-01 1.660797436967851315e-01 -2.363866233023959734e-02 -1.381612438667885412e+00 1.491154047326507803e-01 5.639831854375042752e+00 1.497766746597312404e-01 -8.048892720172696746e-01 4.795065827429789707e-01 -3.311405417166334852e-01 -1.181883601977499476e-01 1.499704901258260004e-01 9.369633801671781170e-02 5.013697179795881254e-02 -1.790745353080759050e-01 -3.103796847086692443e-02 -3.918962980238147042e-02 -1.108885420652589715e-01 -2.073396220647827082e-01 -1.193806338971560993e-01 -5.608728553742900469e-02 2.390926422705487442e-01 1.175944147146587015e-01 -1.519164296336919240e-01 2.675783635633640148e-02 -1.512357145804912352e-02
-1.379649960232214589e-01 1.807409321203187411e-02 -1.895823115176677176e-01 3.244897042352232197e-02 -1.540568005258612962e-03 1.146940442622287337e-01 -9.736399650716816290e-02 5.747678800684728577e-03 6.951491206260530797e-02 7.747169921141239257e-02 -7.534899138439059285e-02 -2.734521282275642062e-01 1.579603438160518680e-01 7.817323181097669826e-02 -1.041396477832488288e-01 -1.603405573161185149e-01 -9.561922217816150316e-02 -3.590802068368385835e-02 -1.265077282041329187e+00 1.497766746597312404e-01 5.214595092773230967e+00 1.838742213077545207e-01 -9.756866206166556754e-01 1.555660015065293833e-02 1.716955340442430089e-01 -2.085792023829605712e-01 -2.073204799331359802e-02 -2.059839903563206662e-02 -2.264238952057731902e-01 -1.569165977546503263e-02 1.953175445670852772e-01 1.631418128802424872e-01 -2.583583193274140988e-01 -1.105590442484267154e-02 3.079084085325584086e-01 -1.084192362321535208e-01 7.295366810398871971e-02 1.665612874339427452e-01 1.696231093941995283e-01 -1.132041193988959776e-01
3.915433109106841031e-03 2.872089358046603369e-01 -1.072068022578568369e-01 -1.707963627374557702e-01 -4.821366764785005310e-02 -7.673454219951060529e-02 -8.864353132600964746e-02 -1.629548283802931818e-01 -1.780542998254623990e-02 1.030352504510494427e-01 -8.824646719722473165e-02 -1.670015007170884414e-01 -6.622268619268982526e-02 -6.413079025946215317e-02 -1.694072538347824244e-02 1.380951500467491287e-02 -3.421905566164461926e-02 1.081737857763841321e-01 1.738842533841191973e-01 -8.048892720172696746e-01 1.838742213077545207e-01 5.074151850877374414e+00 9.411554878604479202e-02 -7.026042519629441818e-01 4.678473712144380348e-01 -9.611717924903723231e-02 -1.619627824997111817e-02 -1.155115390148979543e-01 -6.634211102430162543e-02 -1.793994761176283259e-01 5.864662888419455711e-02 1.500148169735915360e-01 -2.871121545876769571e-02 -4.455012725899732545e-02 -9.434957773366607625e-02 2.250839085411517754e-02 -1.404527451742662580e-02 -1.111349226415735691e-01 -6.989914058625847082e-02 -2.171359415962026973e-01
1.939767442382824003e-01 1.809004645990780480e-01 -1.059774041982480264e-01 -3.748672687381768981e-02 -3.433770801251417176e-02 1.454197620249879919e-01 3.354188932845489912e-01 7.109376061900089805e-02 -2.849343200809282828e-01 3.759077194312290121e-02 1.533901405387295414e-01 -1.060045724256975658e-01 -1.309573573969657623e-01 2.476853219575866349e-01 7.336798461744474531e-02 1.000907522501690294e-01 1.010402956367679600e-01 -1.321459859165324997e-02 1.267843953753576558e-01 4.795065827429789707e-01 -9.756866206166556754e-01 9.411554878604479202e-02 4.951666958237125549e+00 -6.202040436724363080e-03 -1.127761675154302479e+00 2.227477745736763937e-01 -1.475774313806770821e-01 -6.132375593401779429e-02 2.210610404988831990e-01 2.937681635071043990e-02 -9.547857318553158723e-02 -8.407499442433480352e-02 3.091324422293857954e-01 1.068445673387914685e-02 -8.649982095489870682e-02 8.790568179184077291e-02 -7.338841328144126049e-03 -2.548567098878305043e-02 -8.550872556336400199e-02 1.095295029320247776e-01
2.500594462402990770e-01 -1.047345456848677303e-01 -9.533051445872117724e-02 1.783791322386132916e-01 2.751229868409113544e-02 -1.658493338084209845e-01 -4.833907681297796438e-02 1.511378171533277470e-01 -1.877005031767268461e-01 -6.546709505609900337e-02 1.893062355184472806e-03 1.452001824319799628e-01 -1.251515700102799056e-01 7.025485704658919472e-02 8.751587274360847967e-04 1.034739094528384223e-01 -5.497458742177520168e-03 -7.158541994704707527e-03 3.378231812587990240e-02 -3.311405417166334852e-01 1.555660015065293833e-02 -7.026042519629441818e-01 -6.202040436724363080e-03 4.765167474276613468e+00 3.818656156405573765e-01 -1.005142815421311786e+00 -3.005932689192337692e-01 8.309787519667792555e-02 2.330820376739758393e-01 -8.971884955363082503e-02 -2.134183667988872046e-01 1.045551298502324714e-02 7.334582163625470025e-03 -1.402366962450029841e-01 4.522709943749475547e-02 3.033882840772614622e-02 3.845515010657202248e-02 1.150584134684765336e-01 1.712909879807775204e-02 -1.890770271043729356e-01
-6.947717845715797869e-02 1.274886558224258282e-01 2.633602872978476617e-01 3.370424679131908685e-02 -6.081483521985068252e-01 1.732899003645465286e-01 1.503768751798603975e-01 5.778166789202059117e-02 -1.521171441464837515e-01 -4.538969932723397466e-02 -4.501585427371614101e-02 -1.091880694776293792e-01 8.698315273534897030e-02 -1.051453512439669974e-01 -1.556056246542448784e-01 -1.103422037359562125e-01 -8.333084157536464753e-02 8.363357110460253874e-02 -2.311482091087376511e-01 -1.181883601977499476e-01 1.716955340442430089e-01 4.678473712144380348e-01 -1.127761675154302479e+00 3.818656156405573765e-01 5.702896200270823890e+00 4.129266874134813747e-01 -6.917950984425097483e-01 1.910623669480097930e-01 -9.254609628046751857e-02 1.435600756081198692e-01 2.158520208217219738e-01 7.155737444778231815e-02 -3.126233288735029148e-01 -3.652694342087871218e-03 -4.506235695949493691e-01 -8.292377096683947388e-03 1.847131079828446543e-01 8.884609652903290022e-02 1.000498957304640224e-01 -5.441644870464073386e-02
-1.457809584886844423e-01 6.679473372636496320e-02 2.150107798219185185e-01 -3.076351452612186704e-02 -1.013875144923381127e-01 5.260298261494710491e-03 -7.026998079948067188e-02 -7.352741831748393908e-02 4.215839282208178052e-02 2.713743595141707848e-02 1.547899818689631168e-01 -2.875777681957629797e-02 7.077130722221695869e-02 3.067039673921271355e-03 1.867701198537452794e-03 -2.579990943053051544e-01 -7.737704565339265095e-02 -1.671144889066782102e-02 -2.188451232806462310e-01 1.499704901258260004e-01 -2.085792023829605712e-01 -9.611717924903723231e-02 2.227477745736763937e-01 -1.005142815421311786e+00 4.129266874134813747e-01 5.431977977897101795e+00 6.495901685600580233e-01 -1.013592626936542951e+00 -3.059637975080816141e-01 1.031167043981523063e-01 1.990088023615113055e-01 -1.216887832733172248e-01 -6.517232701210502743e-02 -1.037686665584894585e-01 1.028333510641945697e-01 3.395687340000812238e-02 -1.700868877453037276e-01 -2.134450918330279418e-02 1.691234603675019488e-02 -5.006792302376238124e-03
1.134998996704636616e-02 1.679660572720997544e-02 1.355788371046348084e-01 -1.391925024405898659e-01 -4.659420734222648186e-02 -2.341691519557531631e-02 1.889616080907968454e-01 -1.088076563783762496e-01 1.223439288612843956e-01 4.980635418149883392e-02 4.074058747527786045e-02 -3.733800609853150931e-02 1.041086331283334193e-01 2.171111011531995927e-01 -2.827849570425021719e-01 -2.308435505521790054e-02 3.452689109272740614e-02 -1.151117679027557766e-01 8.298641982345952850e-02 9.369633801671781170e-02 -2.073204799331359802e-02 -1.619627824997111817e-02 -1.475774313806770821e-01 -3.005932689192337692e-01 -6.917950984425097483e-01 6.495901685600580233e-01 5.414106268630138885e+00 5.279174815890725903e-01 -1.263439255494198665e+00 1.776506075133816032e-01 2.734225321866240455e-01 2.936519145943954356e-01 -6.455894089563009308e-02 1.770093928184258147e-01 1.947429783551692106e-01 -1.177409767056402379e-01 -3.561347417815918792e-02 -1.731921723898797727e-01 -1.984895983073660941e-01 2.412458224915595972e-01
1.504641210770665538e-01 1.169361138687775720e-01 2.172257006105833832e-01 -2.469037452783599540e-01 -3.687404346285335505e-02 -7.805956926143527153e-02 -1.006474267371542351e-02 -1.408044155351620974e-01 -2.207382498036982721e-01 1.680508839056445713e-01 1.061268829575649358e-01 -1.993182373193197465e-01 -2.751129508562948772e-02 -6.069395265653369093e-03 1.376744751738093742e-01 2.068511069692636761e-01 -1.255613925954791703e-02 -1.584434027652004418e-01 2.381433034854887887e-01 5.013697179795881254e-02 -2.059839903563206662e-02 -1.155115390148979543e-01 -6.132375593401779429e-02 8.309787519667792555e-02 1.910623669480097930e-01 -1.013592626936542951e+00 5.279174815890725903e-01 5.312223315185660155e+00 -1.331124846374319992e-01 -1.250777994406116589e+00 2.865985206696616827e-01 2.663946584567183917e-01 -4.038877900255678777e-02 9.099160244788076501e-02 -3.202321282715665518e-01 -3.114353812324400783e-01 6.515571416201300370e-02 5.154738992580733953e-02 -2.613809867033856094e-01 -8.244584656455122840e-02
-1.356528358215879915e-01 6.447580885585703359e-02 -8.678882119209817281e-02 6.134944925829504542e-02 -1.199231206337904865e-01 -2.386940204669987797e-01 6.030525694646744761e-02 2.228163362129156055e-01 8.272178166152996392e-02 8.509350361088659220e-02 -1.326919498264702291e-01 -7.245201673796096767e-03 3.941772751858988594e-02 5.127876795512160968e-02 2.335984526409820017e-01 -1.467302601029126484e-02 -4.362764444955471999e-02 2.051208692633081643e-02 1.372457910740045306e-01 -1.790745353080759050e-01 -2.264238952057731902e-01 -6.634211102430162543e-02 2.210610404988831990e-01 2.330820376739758393e-01 -9.254609628046751857e-02 -3.059637975080816141e-01 -1.263439255494198665e+00 -1.331124846374319992e-01 5.609246869176690353e+00 2.074671512521841787e-01 -1.363300845899461100e+00 1.804284770081223191e-02 -1.640153565709217068e-02 -3.827536226597696295e-02 3.832215458421915633e-02 4.395859551133866616e-01 1.663245520777563912e-03 2.952607846183300314e-02 8.952250985320377510e-03 1.068648204057000145e-01
-5.095135045501889698e-02 -7.156765379181791176e-02 -4.297592262063003321e-02 2.160162710862327251e-01 -1.932478269922442426e-01 1.999195883397839879e-01 2.976161493434503411e-02 2.035344702825698647e-04 2.577017525187431587e-02 -4.055431307873619273e-02 3.402499125819313797e-02 9.604582792276668279e-02 -1.475561076127581972e-01 1.055354914020902035e-01 6.894232111958747966e-02 3.496232703708617578e-02 9.450468681633353296e-02 -4.028501325066753680e-02 -1.493895737875367002e-01 -3.103796847086692443e-02 -1.569165977546503263e-02 -1.793994761176283259e-01 2.937681635071043990e-02 -8.971884955363082503e-02 1.435600756081198692e-01 1.031167043981523063e-01 1.776506075133816032e-01 -1.250777994406116589e+00 2.074671512521841787e-01 5.397151341844792505e+00 7.536958986523458748e-01 -9.174833316851154219e-01 -7.345118514843250734e-01 -1.768346050257279048e-02 3.301368341895595804e-01 1.571598573695233425e-01 1.029741660227011385e-01 1.907999766117675008e-02 -1.816766130998603498e-02 -6.345925179315888010e-02
-4.485831653034184907e-02 -3.166200225821032554e-01 -9.450794158305338144e-02 1.623925421292140778e-02 7.031408069008272810e-02 1.346109476078643230e-01 5.326047909469593111e-02 -4.241098807428510531e-01 4.203750681221606056e-02 -8.891477206935645763e-03 -8.035344061217024325e-03 -3.232149472669388346e-01 -6.907163458106205245e-02 1.553840382847682978e-02 -3.015373969380774621e-01 -1.622438951698497445e-01 1.474419679906262548e-01 2.439995510139321422e-01 -2.756953069383105137e-01 -3.918962980238147042e-02 1.953175445670852772e-01 5.864662888419455711e-02 -9.547857318553158723e-02 -2.134183667988872046e-01 2.158520208217219738e-01 1.990088023615113055e-01 2.734225321866240455e-01 2.865985206696616827e-01 -1.363300845899461100e+00 7.536958986523458748e-01 5.381595180278224255e+00 2.989942360408578415e-01 -1.736773048052301593e+00 -3.196769785237544605e-03 1.451502048317818983e-01 -1.746091555792631811e-01 -2.997496933882059511e-01 2.791949193387432276e-02 1.452421043474058648e-01 -4.726269841189943005e-02
-1.544240885446651057e-01 -6.179825284801536422e-02 2.846049537924517647e-01 -7.484775345444888428e-02 -1.954793784982891136e-01 -1.264205051027479099e-01 -1.872521062420604010e-01 2.419018742093996532e-02 1.027371847254498691e-02 1.492256894820672419e-01 3.776370233493900330e-02 -1.104088207274909750e-01 4.217621894773834063e-02 -1.166745247497599502e-01 -3.604124058262361818e-02 2.116131154973186768e-01 -1.675779271975683105e-02 -5.632497561784838291e-02 -3.620588436068634432e-03 -1.108885420652589715e-01 1.631418128802424872e-01 1.500148169735915360e-01 -8.407499442433480352e-02 1.045551298502324714e-02 7.155737444778231815e-02 -1.216887832733172248e-01 2.936519145943954356e-01 2.663946584567183917e-01 1.804284770081223191e-02 -9.174833316851154219e-01 2.989942360408578415e-01 5.787530003989695082e+00 2.888079032507971933e-01 -1.151411765434959378e+00 -7.432364878134208042e-02 -1.435452973917163144e-01 -1.711076732351560492e-01 -7.165632124319255836e-02 -1.494192423783410884e-01 2.737077305206612188e-01
6.258969240092232544e-02 2.622935155978883826e-01 9.025837081412420304e-02 -2.456715403871048420e-01 -2.503763603505539809e-02 -3.696813706640580868e-03 7.814186617418848735e-02 -1.346891900528166680e-02 -2.719375106348792884e-02 -5.275561097160222368e-02 1.962145872483321909e-02 1.470987348160489594e-01 7.535607612479053308e-02 -1.778288706721000345e-03 1.211895999803797030e-01 9.521975826442859170e-02 -1.090119627802476343e-01 1.703804976617578071e-01 1.823502427290862871e-01 -2.073396220647827082e-01 -2.583583193274140988e-01 -2.871121545876769571e-02 3.091324422293857954e-01 7.334582163625470025e-03 -3.126233288735029148e-01 -6.517232701210502743e-02 -6.455894089563009308e-02 -4.038877900255678777e-02 -1.640153565709217068e-02 -7.345118514843250734e-01 -1.736773048052301593e+00 2.888079032507971933e-01 5.980048896108948853e+00 8.062741049181396669e-01 -1.583332373339830346e+00 -4.862794187015154757e-01 3.905999933668958257e-01 5.372059146963011761e-02 -3.575762294848455203e-01 -9.058710165852679186e-02
-1.874593599251597742e-02 5.571790023484452653e-02 -4.611747275685992853e-02 8.306932218269359736e-02 2.458798477772873858e-01 3.515708474077572365e-01 4.526272770182206140e-02 -1.951021098848531032e-01 -7.181320307861181751e-02 3.047768160325707854e-01 -1.184436942288621120e-01 -5.855692487973785526e-02 -2.760482302056276316e-01 5.508658136032179575e-02 5.196964390492148783e-02 -2.058406654542862813e-01 -1.557047230070912613e-01 1.888159334473291373e-01 -4.173449450980024067e-02 -1.193806338971560993e-01 -1.105590442484267154e-02 -4.455012725899732545e-02 1.068445673387914685e-02 -1.402366962450029841e-01 -3.652694342087871218e-03 -1.037686665584894585e-01 1.770093928184258147e-01 9.099160244788076501e-02 -3.827536226597696295e-02 -1.768346050257279048e-02 -3.196769785237544605e-03 -1.151411765434959378e+00 8.062741049181396669e-01 5.711109154729463455e+00 -8.601961326240065153e-02 -1.950263637524091820e+00 7.460658580346161139e-01 1.855128218625008985e-01 -3.778082816869260951e-01 -5.439117969124265817e-02
-9.477832435658169533e-03 2.143005880710237634e-02 -6.460026490552714384e-02 1.031839437256864417e-01 5.942610302288852536e-02 -1.232091231661889968e-01 -6.137387732165471704e-02 -1.329395849912410055e-01 1.950746770541618158e-01 1.598269871215990956e-01 1.440539032360939886e-01 3.299409773107251503e-02 6.508630169000773069e-02 7.444703029043429898e-02 -1.788405380597996308e-01 -4.149687690725381572e-01 9.317511357359040125e-02 1.746935947679389700e-01 -1.840600961502098509e-01 -5.608728553742900469e-02 3.079084085325584086e-01 -9.434957773366607625e-02 -8.649982095489870682e-02 4.522709943749475547e-02 -4.506235695949493691e-01 1.028333510641945697e-01 1.947429783551692106e-01 -3.202321282715665518e-01 3.832215458421915633e-02 3.301368341895595804e-01 1.451502048317818983e-01 -7.432364878134208042e-02 -1.583332373339830346e+00 -8.601961326240065153e-02 5.815706317091676070e+00 3.484618978844659098e-01 -1.059397475867465799e+00 -3.389150908817627900e-02 -1.642411928137177679e-01 6.219885845818619308e-02
1.516607423237973373e-01 1.068587746579798131e-01 -1.059837896531045098e-01 1.173822890514925610e-01 -1.958792135826851466e-01 -2.359157452553947987e-01 2.348523333128471335e-01 2.199414315401168607e-01 6.644192332696721714e-02 2.241008839295603738e-01 -2.858944597557703249e-01 9.965629447201579394e-02 1.824346236655835785e-01 5.670259278569476230e-02 9.275312135845429490e-03 -3.938399715651417360e-02 2.798564802516965710e-01 -1.455808909998651257e-01 1.395241682411373640e-01 2.390926422705487442e-01 -1.084192362321535208e-01 2.250839085411517754e-02 8.790568179184077291e-02 3.033882840772614622e-02 -8.292377096683947388e-03 3.395687340000812238e-02 -1.177409767056402379e-01 -3.114353812324400783e-01 4.395859551133866616e-01 1.571598573695233425e-01 -1.746091555792631811e-01 -1.435452973917163144e-01 -4.862794187015154757e-01 -1.950263637524091820e+00 3.484618978844659098e-01 5.380956046350681810e+00 2.111797714751763033e-01 -5.049003460438686863e-01 3.217165928278839515e-02 -1.783841938236455926e-01
4.424735551185593474e-02 -1.559933840964763396e-01 -1.648813184837727985e-01 -3.834926490729081983e-02 -2.359247986974246508e-02 1.079771459341932055e-01 2.378168307011336857e-01 -1.100333658575374379e-01 -2.314594854155400117e-01 -9.586989526508165813e-03 -6.495716874678703068e-02 2.349915893012128609e-01 -1.766191966524363888e-01 -3.472628707061149039e-02 2.572811886115742436e-02 1.742749635986141910e-01 1.443585470685098023e-02 -2.118297976828518170e-01 2.993432768355264173e-01 1.175944147146587015e-01 7.295366810398871971e-02 -1.404527451742662580e-02 -7.338841328144126049e-03 3.845515010657202248e-02 1.847131079828446543e-01 -1.700868877453037276e-01 -3.561347417815918792e-02 6.515571416201300370e-02 1.663245520777563912e-03 1.029741660227011385e-01 -2.997496933882059511e-01 -1.711076732351560492e-01 3.905999933668958257e-01 7.460658580346161139e-01 -1.059397475867465799e+00 2.111797714751763033e-01 5.446294113005627935e+00 6.171653474090004199e-01 -1.371685256833864441e+00 3.070407624504940536e-01
-1.226622938970045318e-01 2.950968650805929280e-02 3.345441619462108940e-01 6.964868573908798710e-02 -1.965210467505182912e-01 -7.036232891167727710e-02 1.567719178150547565e-01 4.028903258609726340e-02 2.147574235110197988e-02 9.620162962851012967e-02 1.547725867180899662e-01 -1.045438624518769538e-01 -2.864383155997596297e-01 -4.906286724145667022e-02 1.884329947523100679e-01 8.268250283244150955e-02 -1.533147135127263007e-02 -2.578033542362394015e-01 -2.053768950222034095e-01 -1.519164296336919240e-01 1.665612874339427452e-01 -1.111349226415735691e-01 -2.548567098878305043e-02 1.150584134684765336e-01 8.884609652903290022e-02 -2.134450918330279418e-02 -1.731921723898797727e-01 5.154738992580733953e-02 2.952607846183300314e-02 1.907999766117675008e-02 2.791949193387432276e-02 -7.165632124319255836e-02 5.372059146963011761e-02 1.855128218625008985e-01 -3.389150908817627900e-02 -5.049003460438686863e-01 6.171653474090004199e-01 5.352966879081942686e+00 -2.092351955348150105e-01 -9.298326026753267470e-01
-1.021020456304840396e+00 -6.082593907777290587e-01 1.069704197300245518e-01 4.069422908700764396e-01 -8.267527708579468226e-02 -6.957617446857310151e-02 3.277917471028523599e-01 1.686378332435847227e-01 -2.537228535007771679e-01 2.703035835618986318e-02 6.597298312515853524e-02 -1.929604355721820097e-01 2.843728438828323490e-01 2.784458600362260672e-01 1.336986181229712911e-01 -1.670807901646004789e-01 -1.409528190878616971e-01 1.272709107360119885e-01 -2.695877828521194355e-02 2.675783635633640148e-02 1.696231093941995283e-01 -6.989914058625847082e-02 -8.550872556336400199e-02 1.712909879807775204e-02 1.000498957304640224e-01 1.691234603675019488e-02 -1.984895983073660941e-01 -2.613809867033856094e-01 8.952250985320377510e-03 -1.816766130998603498e-02 1.452421043474058648e-01 -1.494192423783410884e-01 -3.575762294848455203e-01 -3.778082816869260951e-01 -1.642411928137177679e-01 3.217165928278839515e-02 -1.371685256833864441e+00 -2.092351955348150105e-01 5.898515189148662685e+00 6.100010571050580310e-01
