9.271078358480274062e+00 9.962601925269708447e-01 -1.931891136520626384e+00 -1.031611627488766336e+00 -3.771940120808943697e-01 5.985185725374400079e-01 5.066021479752312873e-01 3.681392249430536778e-01 2.451152496447229004e-02 -2.059018807455509636e-01 -2.747296558640462127e-02 -4.344122518925377929e-02 7.326863417738889439e-02 -1.738629536365956518e-01 -4.308421977243687140e-01 -5.591926245817112617e-01 -4.248623635981499946e-01 -1.553188424896287390e-01 4.169960872187979395e-01 5.937191754091590834e-01 -1.668861345717566058e-01 -4.240142692756384002e-01 2.453782646145888716e-02 -3.598026360769773779e-01 -2.093893548359466450e-01 -2.656107270243359686e-01 -2.368771022305128648e-01 6.073106836473712855e-01 7.527337866623913520e-02 -1.227606473605326876e-01 -3.855145762167054846e-01 -2.921433418640471263e-02 -3.889504307121688376e-01 -3.069159579874435884e-01 5.912665591356475181e-01 9.603951471938741713e-02 -5.119111426621163474e-01 -1.020091413872720398e+00 -2.320597349832434819e+00 7.640816856078204156e-01
9.962601925269708447e-01 8.596092129738055476e+00 9.277058050500236464e-01 -2.061059011446069622e+00 -1.386614949363716098e+00 5.493283527942117300e-02 4.409169351711642593e-01 -1.239050525865822289e-01 -4.031223343319026431e-01 -4.345538421417663999e-01 -6.447004505863260237e-02 3.770633224468875611e-01 6.967888456567756794e-01 -1.743235406151287178e-02 -5.212646938988302336e-01 1.262816490761127231e-01 -9.876048817081646558e-02 -1.686752047966043888e-01 3.434580024458005511e-03 8.173464147895093124e-01 6.951985640528878241e-01 -3.690510235028226192e-03 -2.687220997355401209e-01 -5.968710287603131576e-02 -1.416684615707354267e-01 1.316243848966090202e-01 -1.354206950729727743e-01 -1.161132521619854738e-02 -3.555187085286289350e-01 -3.075986889891419232e-02 4.804987445148489744e-01 2.673089163711896976e-01 2.755469450531565223e-01 -3.327468834525413865e-01 2.582241998379628534e-01 4.990137591486245583e-01 -5.310787905336248338e-01 -3.789902009549374062e-01 -1.079419589319133177e+00 -2.104721077699762244e+00
-1.931891136520626384e+00 9.277058050500236464e-01 8.329783590405330784e+00 -1.857290564335874750e-01 -2.599162635345066086e+00 9.268475222823485335e-03 4.120571484165349019e-01 5.476241075832787297e-01 -3.196582223470963435e-01 -2.324612788305446542e-01 -3.000765385429859933e-01 5.401365530272306259e-01 -3.060051660936193296e-01 -1.976378630449196205e-01 4.533582250169687078e-01 1.972650164955631891e-01 3.271739786669165210e-03 -1.894734202597570250e-01 -3.318465837998372248e-01 1.395623622268763742e-01 5.097668947757575397e-01 3.413980934846163051e-01 -5.510684626047643864e-01 3.848325917882112202e-01 -6.182259527998960891e-02 1.375337025969889659e-01 3.982347616585094618e-01 -6.054084215863292373e-01 -4.497336478692529060e-01 2.311874681395414965e-01 7.841166715327355652e-01 -5.282027141437022066e-02 -1.247594719239561167e-01 -1.484137136744837215e-01 -5.568572267779938745e-01 8.482233362247923458e-02 2.693942530999192120e-01 5.657004719499331147e-01 2.528254073087533600e-03 -5.974133327622305201e-01
-1.031611627488766336e+00 -2.061059011446069622e+00 -1.857290564335874750e-01 8.321377466208629059e+00 2.790893340250375498e-01 -2.020959601002724870e+00 -6.865595102877088962e-01 4.398609113719265662e-01 -2.070207602531737023e-01 -5.537477645100050694e-01 -2.947982009194528574e-01 2.422038834495674475e-01 1.549244878482878285e-01 -4.747650381999831137e-01 1.380460034475793074e-01 2.699822229866440937e-01 -1.983279910102698218e-01 4.618138562654948154e-01 -4.344669797422073265e-01 3.622168482010091339e-01 -6.305181055151770630e-01 -3.221744056535880141e-02 2.020488440385403983e-01 -3.213266771390972387e-01 -4.340261122786176484e-01 1.072079562134061609e-01 1.051239587089482647e-01 2.996434514578579789e-01 4.954179259620504483e-02 -4.869816719140314110e-01 -1.317074913432699640e-02 6.378792599775344740e-01 7.057838727907923479e-03 5.891495036039286898e-02 -2.384218781768731310e-01 -3.648944971675380788e-01 3.643328211272298667e-01 3.877051135331314735e-01 8.850486633209593279e-01 -1.274567811645940449e-02
-3.771940120808943697e-01 -1.386614949363716098e+00 -2.599162635345066086e+00 2.790893340250375498e-01 9.443312700741438803e+00 4.529958182867150351e-01 -1.264325548200113447e+00 -9.973365753344963780e-01 9.959961322880192883e-03 5.462629325936289026e-01 -1.397771556459660725e-01 -6.517625198112000362e-01 -1.070961137830624826e-01 4.711889391463671140e-01 1.901607585298723258e-01 4.869099012593638975e-01 -4.028011184214248530e-01 -2.262999035561375771e-01 2.977608333060184354e-01 -2.055202850137260728e-01 -4.327233935300642265e-01 -7.470608550928608399e-03 -2.232384328977712537e-02 3.163594987763078403e-02 -2.979540087967932349e-01 -9.730595534825924042e-02 -2.140887187986202367e-01 3.541599110615766266e-01 2.600304392962451971e-01 3.699083203829563460e-01 8.688206316414932850e-02 -1.861120948200022107e-01 1.022350736248624076e-01 2.111844926885560469e-01 3.701764103923455007e-01 -7.356185226561744173e-02 -2.444018686744472701e-01 6.577110655119133842e-02 3.101984625843188237e-01 7.388495590003081315e-01
5.985185725374400079e-01 5.493283527942117300e-02 9.268475222823485335e-03 -2.020959601002724870e+00 4.529958182867150351e-01 8.257795870106182434e+00 1.184244392677666902e+00 -1.994298949946091914e+00 -7.623850857045899598e-01 -2.554593967431675883e-01 5.872875622396663831e-01 -1.001045321739725408e-01 -6.138603633734779352e-01 3.831517655481945367e-02 7.076588930877732164e-02 -3.761404740319452267e-01 -5.758460073917225364e-01 -5.848438939750695287e-01 3.799934371472787897e-01 -4.237604942122731588e-02 3.729965436270098467e-01 3.456279638746733163e-01 -7.677629651832822144e-02 2.945545899981069984e-02 -1.406183696765538615e-01 1.653236917979177822e-01 -1.021311099845104986e-01 2.596436892811622710e-01 -7.389361974137483025e-02 -1.876119800905745594e-01 -3.824968806133655641e-01 -7.386692071063454268e-01 -5.936828010611202439e-02 5.767247402593539407e-01 5.283226885319458610e-01 -6.219791253459396041e-02 -3.212837799347587758e-02 -3.866608737592077127e-01 -4.821317297165830240e-01 6.298106515908620251e-01
5.066021479752312873e-01 4.409169351711642593e-01 4.120571484165349019e-01 -6.865595102877088962e-01 -1.264325548200113447e+00 1.184244392677666902e+00 8.780272889287990878e+00 6.222646391285612255e-01 -2.245697220099581504e+00 5.174262590875095685e-02 2.003702982703108315e-01 -7.864405623297639203e-02 1.057818535259825166e-01 2.052493969741245594e-01 -3.201035271165141305e-01 -5.245838414192895982e-01 3.639878754531080673e-01 1.578586243950414261e-02 -6.688115290226516463e-02 -1.696785545609189039e-01 -1.954783171993009772e-01 3.659444347845816625e-01 4.566231084532489382e-01 -2.190564077438202639e-01 -3.062894112921244472e-01 -3.990683123924619879e-01 4.022351120288517046e-01 -1.944216919294048107e-01 -2.869842277232511063e-01 7.105315422611796494e-02 -2.725158710246513016e-01 -3.004328729672237630e-01 1.353929413996365350e-01 -9.121405583876323123e-03 -6.842944448827167903e-02 1.207020028768324149e-02 -2.279418513196229679e-01 -3.455717602285971468e-01 -7.722080903992684098e-02 2.271445819614816286e-01
3.681392249430536778e-01 -1.239050525865822289e-01 5.476241075832787297e-01 4.398609113719265662e-01 -9.973365753344963780e-01 -1.994298949946091914e+00 6.222646391285612255e-01 1.013845687124462813e+01 7.398403096839226700e-01 -1.598498358662645780e+00 -1.166256548451359620e+00 -1.919193927499991126e-01 7.283540645690708137e-01 -1.914867469836580016e-01 -1.147499149101994798e-01 -2.151067437918070535e-01 2.348584357761435495e-02 -4.594399571667878712e-01 -1.879828346405174044e-01 -9.705529562947252942e-02 1.432646514178496644e-01 -4.500426099753848663e-02 -8.052128054663748591e-02 -3.145088551159782031e-01 2.816684119943177120e-02 -2.032898098262787487e-02 -1.258741989269562822e-01 -4.023668018394249701e-02 -1.932810147927747635e-01 2.685622989213211076e-01 -3.041069131002093195e-01 2.833071213320607074e-01 -2.362057267976457320e-01 -3.090605591435047761e-01 -6.885455832646676655e-02 -2.340645834780196929e-02 -1.863381200449984176e-01 2.340628026655176830e-01 -5.226127876715482845e-01 -5.699772409524950234e-01
2.451152496447229004e-02 -4.031223343319026431e-01 -3.196582223470963435e-01 -2.070207602531737023e-01 9.959961322880192883e-03 -7.623850857045899598e-01 -2.245697220099581504e+00 7.398403096839226700e-01 1.077043082712674682e+01 1.102976767119959067e+00 -1.908201920658864292e+00 -6.683604080327858465e-01 -3.756894070241330597e-01 1.218514344527708571e-01 3.539075264777166163e-01 -6.487581435184278655e-01 5.520578509152974656e-01 -2.675448538208733407e-01 1.846113951371338990e-01 -1.590525175634600885e-01 -3.708772580067597191e-02 -3.411268366014336140e-01 -2.836608585930526782e-01 1.702224680758238073e-01 -4.059528975285607577e-02 -9.539130289011597819e-02 2.428476527476399194e-01 -4.152423800017943645e-01 -1.000384066449002962e-01 1.378893852008949150e-01 4.598253724656614638e-01 1.498031215018598983e-01 -5.752345240048422070e-01 -1.064395171294144071e-01 6.350139356407406843e-02 2.477844477797070677e-01 3.147181494903624199e-01 -5.853091114183545107e-01 -3.917907134621200771e-01 -3.215009112760361387e-01
-2.059018807455509636e-01 -4.345538421417663999e-01 -2.324612788305446542e-01 -5.537477645100050694e-01 5.462629325936289026e-01 -2.554593967431675883e-01 5.174262590875095685e-02 -1.598498358662645780e+00 1.102976767119959067e+00 1.034953683629040277e+01 -2.217566341365296012e-01 -2.541034721052839007e+00 -4.803618807975305102e-05 -1.038799494062475764e-01 2.970703684753484564e-01 6.997653919404526190e-01 6.092515585187568972e-02 -5.533587941133726318e-01 1.266104117370747406e-01 -1.334005693309735230e-01 -4.937925794469024687e-01 9.060651873090469488e-02 6.180479286163479413e-01 -1.493809536970317764e-01 -2.069495894453243778e-01 -3.312713463389614366e-01 -3.691346686119804932e-02 2.019899875095906849e-01 7.058600298954471608e-01 3.280007919499223767e-01 -3.830238937272659183e-01 -8.163713195423770719e-01 -3.010669210420780506e-01 6.098845066384720459e-01 -5.497088510715267967e-02 2.996595761413392567e-01 3.276581340044727453e-01 2.374924890186249360e-01 4.338356426852955083e-01 -7.901679026672302208e-02
-2.747296558640462127e-02 -6.447004505863260237e-02 -3.000765385429859933e-01 -2.947982009194528574e-01 -1.397771556459660725e-01 5.872875622396663831e-01 2.003702982703108315e-01 -1.166256548451359620e+00 -1.908201920658864292e+00 -2.217566341365296012e-01 1.111389850885992914e+01 9.574691317041471583e-01 -2.199642451973253365e+00 -1.383784496557283417e+00 -6.245638489714827601e-01 1.162181651697254070e+00 2.905475595603534411e-01 1.313031697402237130e-01 -2.792418006662265584e-01 1.205314433947090313e-01 3.075433887551354273e-01 2.241410666396686235e-01 7.200074626419801505e-02 -6.353688307740509300e-01 4.422593719644820481e-02 -2.567688796824802444e-01 5.244069404018428804e-01 3.060630171800062249e-01 -9.626269426252649364e-01 2.992655252297842794e-01 1.195381327372685432e-01 -1.422142944384256480e-01 2.426819931607817060e-01 1.765304645264090949e-02 -1.405633177636099462e-02 -1.082287552135738351e-01 -2.506846741159683423e-01 1.297138987867145210e-01 4.753845715852093867e-02 3.256092651846356212e-01
-4.344122518925377929e-02 3.770633224468875611e-01 5.401365530272306259e-01 2.422038834495674475e-01 -6.517625198112000362e-01 -1.001045321739725408e-01 -7.864405623297639203e-02 -1.919193927499991126e-01 -6.683604080327858465e-01 -2.541034721052839007e+00 9.574691317041471583e-01 1.065376450308253098e+01 8.787408317936998836e-01 -2.186184854333378169e+00 -9.758959157046757094e-01 -2.629198457283223878e-01 2.159541867331480902e-01 4.320749249252898716e-01 -7.253027572986789906e-01 -3.197790699263326764e-02 7.520518376052368614e-01 3.433475582059268283e-01 -9.223055388917356101e-02 -1.354117371476078469e-01 2.314929797302256800e-02 2.940544066000729817e-01 2.907069321163861519e-01 -2.419343577675697465e-01 -6.812930648505131082e-01 -3.971417440522728715e-01 4.783306633032282651e-01 1.701612221326668020e-02 8.105138744317977872e-01 -1.160512497165421819e-01 -8.567577191230685285e-01 -5.836993853764994578e-01 2.019754055336998033e-01 4.673691696486481084e-01 -3.206061752313658642e-01 -1.848300922682921954e-01
7.326863417738889439e-02 6.967888456567756794e-01 -3.060051660936193296e-01 1.549244878482878285e-01 -1.070961137830624826e-01 -6.138603633734779352e-01 1.057818535259825166e-01 7.283540645690708137e-01 -3.756894070241330597e-01 -4.803618807975305102e-05 -2.199642451973253365e+00 8.787408317936998836e-01 1.094400919578845510e+01 1.151969454918289060e+00 -2.504360576348882539e+00 -3.977953564029508837e-01 -3.043636222069401875e-01 5.387824522429361940e-01 1.100474210582075979e-01 5.918381620805310828e-01 2.009290824727192892e-01 -9.741589212911518081e-02 5.156889466861529492e-01 -3.989546792279692888e-01 6.359400468278528229e-02 4.058631734454956064e-01 -5.690650696609598214e-01 -2.788360854398097555e-01 2.301116438813667897e-01 -3.354307774960980648e-01 3.599235512747239740e-02 -3.168589517698475744e-01 1.645024725409457295e-02 7.787765351258797430e-01 1.348200223209850834e-01 -1.023184987910599197e-01 -1.471891705817725549e-01 -3.843514570783113649e-01 -6.988707640390104392e-02 4.272503837110093183e-01
-1.738629536365956518e-01 -1.743235406151287178e-02 -1.976378630449196205e-01 -4.747650381999831137e-01 4.711889391463671140e-01 3.831517655481945367e-02 2.052493969741245594e-01 -1.914867469836580016e-01 1.218514344527708571e-01 -1.038799494062475764e-01 -1.383784496557283417e+00 -2.186184854333378169e+00 1.151969454918289060e+00 9.869717213556709723e+00 1.013660690953429588e+00 -2.063240264638575461e+00 -1.050467303501088523e+00 -2.698826074589298907e-01 5.283960933407786387e-01 -6.035810361351191533e-01 -1.235446839552131748e-01 -2.609605429999785620e-01 -2.398664346423652893e-01 2.716931123488654926e-02 2.434356460841288206e-01 1.503860298982796599e-02 1.396953105800624040e-01 -4.404612487079935246e-01 9.574456685999813144e-02 -3.537595083670516116e-01 -1.813584686433192261e-01 -1.802151924101722535e-01 -5.071804579018871495e-01 -3.608501150640165966e-01 4.440665414447516057e-01 2.854423628643740773e-01 -1.188236887304251616e-01 -3.255751470222785771e-01 1.776902501277759228e-01 -7.334276157024471887e-02
-4.308421977243687140e-01 -5.212646938988302336e-01 4.533582250169687078e-01 1.380460034475793074e-01 1.901607585298723258e-01 7.076588930877732164e-02 -3.201035271165141305e-01 -1.147499149101994798e-01 3.539075264777166163e-01 2.970703684753484564e-01 -6.245638489714827601e-01 -9.758959157046757094e-01 -2.504360576348882539e+00 1.013660690953429588e+00 9.730984856152174345e+00 5.580875830677159977e-01 -2.172452329532379434e+00 -1.149661345833809412e+00 1.497164001519268595e-01 6.640427775253745502e-01 -5.778477717139434144e-01 -2.385863668096493972e-02 3.570477669466977366e-02 -4.138983841329626490e-01 9.479408182161873642e-01 4.076158960157711952e-01 -5.473720837705254860e-01 -3.618798255387472573e-01 -5.191443094427646843e-01 -6.656838820088138708e-02 4.962907245822316682e-01 2.165126742203803689e-01 -6.078442575968163730e-01 -3.191253476419437241e-01 1.564197666879955095e-01 1.106567250864506913e-01 5.667810474718454339e-01 -3.677308152345680203e-01 -1.348625301185812919e-01 -3.764133230038534950e-01
-5.591926245817112617e-01 1.262816490761127231e-01 1.972650164955631891e-01 2.699822229866440937e-01 4.869099012593638975e-01 -3.761404740319452267e-01 -5.245838414192895982e-01 -2.151067437918070535e-01 -6.487581435184278655e-01 6.997653919404526190e-01 1.162181651697254070e+00 -2.629198457283223878e-01 -3.977953564029508837e-01 -2.063240264638575461e+00 5.580875830677159977e-01 9.856890113819417820e+00 2.596773231262882176e-01 -1.566233519732259660e+00 -1.390099518210250462e-01 1.724631069228924618e-01 3.986376978581776531e-01 -1.626888736814201819e-01 -2.628052525624418045e-01 -5.043103575853747494e-02 1.044875718578654744e-01 -9.171444734013473044e-02 -6.904224295661911537e-01 2.595280781745409882e-01 4.361979971671786638e-01 6.274738343521888417e-01 -2.700345876494239516e-01 3.809240032233446871e-01 4.671720029398012675e-01 -6.882528784307381797e-02 -3.028201088572744504e-01 -3.010189030949400046e-01 2.915624872068198759e-01 9.063395671609418836e-01 5.325692822036974527e-02 -7.172355691668430566e-01
-4.248623635981499946e-01 -9.876048817081646558e-02 3.271739786669165210e-03 -1.983279910102698218e-01 -4.028011184214248530e-01 -5.758460073917225364e-01 3.639878754531080673e-01 2.348584357761435495e-02 5.520578509152974656e-01 6.092515585187568972e-02 2.905475595603534411e-01 2.159541867331480902e-01 -3.043636222069401875e-01 -1.050467303501088523e+00 -2.172452329532379434e+00 2.596773231262882176e-01 9.126636020504001579e+00 1.094788496890332530e+00 -2.007972180042330468e+00 -8.039937075170958680e-01 1.362359422182648772e-01 5.567629784027396944e-01 1.628791737698555842e-01 4.891220023172945242e-01 -3.450394169420604729e-01 4.107172325895034476e-02 5.054491258459973269e-01 7.187138699062546598e-02 -5.577290110205719575e-02 5.038810751094366935e-01 -3.378969693797981635e-03 -5.046749209628520472e-02 1.268528975087840627e-01 2.586486852115731927e-01 -5.564210607717680057e-01 -1.702133062528267682e-01 4.713493391860049814e-02 6.395537591998404769e-01 7.168964545756673079e-01 2.966757482557612347e-02
-1.553188424896287390e-01 -1.686752047966043888e-01 -1.894734202597570250e-01 4.618138562654948154e-01 -2.262999035561375771e-01 -5.848438939750695287e-01 1.578586243950414261e-02 -4.594399571667878712e-01 -2.675448538208733407e-01 -5.533587941133726318e-01 1.313031697402237130e-01 4.320749249252898716e-01 5.387824522429361940e-01 -2.698826074589298907e-01 -1.149661345833809412e+00 -1.566233519732259660e+00 1.094788496890332530e+00 8.859791727760548241e+00 3.891926553312272108e-01 -1.894162097109772125e+00 -4.417959878481333980e-01 1.048922607946417701e-01 4.749795273877703838e-01 3.051468528721448803e-01 1.253317074748379889e-01 -3.550711734210371118e-01 1.812856000041061511e-01 2.554073590298425178e-01 -2.944734080593149894e-01 -1.449581845654254464e-01 3.341440533947356295e-01 -3.186682978425953716e-01 2.501791013063661868e-03 2.059684891018973563e-01 -1.146953352487318917e-01 -3.368686418514462155e-01 -3.308024839458423294e-02 2.653289494301690477e-01 7.070421911061626208e-01 2.595332062997289246e-01
4.169960872187979395e-01 3.434580024458005511e-03 -3.318465837998372248e-01 -4.344669797422073265e-01 2.977608333060184354e-01 3.799934371472787897e-01 -6.688115290226516463e-02 -1.879828346405174044e-01 1.846113951371338990e-01 1.266104117370747406e-01 -2.792418006662265584e-01 -7.253027572986789906e-01 1.100474210582075979e-01 5.283960933407786387e-01 1.497164001519268595e-01 -1.390099518210250462e-01 -2.007972180042330468e+00 3.891926553312272108e-01 8.141011074087471044e+00 4.283267934079783568e-01 -1.779540519250993658e+00 -1.134397028486702208e+00 -2.269936126744166727e-01 3.080155325812626854e-01 4.744623683365822853e-01 -2.743872851748166419e-01 -6.002375125277844559e-01 -3.506583571351853945e-02 -3.790962524732607863e-02 1.743277262006682760e-01 -3.159182610088709375e-01 -1.830147658700541358e-01 -4.650185924823526523e-02 -2.125728956899182454e-01 5.758350786685820788e-01 2.517229897216891610e-01 -4.748602275040029325e-02 -3.395995613714860584e-01 8.370884102125462911e-02 1.169669914039199066e+00
5.937191754091590834e-01 8.173464147895093124e-01 1.395623622268763742e-01 3.622168482010091339e-01 -2.055202850137260728e-01 -4.237604942122731588e-02 -1.696785545609189039e-01 -9.705529562947252942e-02 -1.590525175634600885e-01 -1.334005693309735230e-01 1.205314433947090313e-01 -3.197790699263326764e-02 5.918381620805310828e-01 -6.035810361351191533e-01 6.640427775253745502e-01 1.724631069228924618e-01 -8.039937075170958680e-01 -1.894162097109772125e+00 4.283267934079783568e-01 9.367432685660247671e+00 5.618992478890965092e-01 -1.505001822842066295e+00 -1.024330711343193423e+00 -1.366979184908056338e-02 4.192596805489967604e-01 5.105489477966571599e-01 -3.722433313745451278e-01 -2.171459855898283386e-01 -9.708813055030590666e-02 6.298254468072646273e-02 3.191973139467559895e-01 4.072197573317422603e-01 -1.597132020408701114e-01 8.079532677051715073e-02 2.343024888642095127e-01 1.291832025575611886e-01 -1.963565054982184532e-01 -9.292515562274060448e-02 -1.194680826503805998e-01 -1.194669811098664075e-01
-1.668861345717566058e-01 6.951985640528878241e-01 5.097668947757575397e-01 -6.305181055151770630e-01 -4.327233935300642265e-01 3.729965436270098467e-01 -1.954783171993009772e-01 1.432646514178496644e-01 -3.708772580067597191e-02 -4.937925794469024687e-01 3.075433887551354273e-01 7.520518376052368614e-01 2.009290824727192892e-01 -1.235446839552131748e-01 -5.778477717139434144e-01 3.986376978581776531e-01 1.362359422182648772e-01 -4.417959878481333980e-01 -1.779540519250993658e+00 5.618992478890965092e-01 9.038718840420184364e+00 6.592701449647728751e-01 -1.951310602630242697e+00 -2.664475443824221856e-01 -5.826503820729659333e-01 2.568080676604200807e-01 3.217877520662990737e-02 -1.676611440245685813e-01 -4.834506644943101783e-01 -6.459084522905324255e-02 4.407801161394413192e-02 -5.956109565235850195e-02 7.943038316128432641e-02 3.330240896429918496e-01 3.664707463960277245e-01 2.174951231440617749e-01 5.554811998858504712e-02 3.451070258649717726e-01 -8.933249387401714925e-02 -7.009783954155313079e-02
-4.240142692756384002e-01 -3.690510235028226192e-03 3.413980934846163051e-01 -3.221744056535880141e-02 -7.470608550928608399e-03 3.456279638746733163e-01 3.659444347845816625e-01 -4.500426099753848663e-02 -3.411268366014336140e-01 9.060651873090469488e-02 2.241410666396686235e-01 3.433475582059268283e-01 -9.741589212911518081e-02 -2.609605429999785620e-01 -2.385863668096493972e-02 -1.626888736814201819e-01 5.567629784027396944e-01 1.048922607946417701e-01 -1.134397028486702208e+00 -1.505001822842066295e+00 6.592701449647728751e-01 9.191216156778661883e+00 9.433630913630745018e-01 -1.836461999253835797e+00 -5.540125223705500979e-01 -5.541849577149982053e-01 6.533149567817420067e-02 4.033576511355868588e-01 2.479099982249267642e-01 -2.047754610625796348e-02 4.600059316184638147e-01 2.422036921764593453e-01 -4.883843052225816384e-01 -1.562660700154216431e-01 2.182751838368290342e-01 -6.026857592912415740e-02 4.594323032270038465e-01 -5.551595699245345100e-02 1.420736801759042711e-01 -8.442687595542700540e-01
2.453782646145888716e-02 -2.687220997355401209e-01 -5.510684626047643864e-01 2.020488440385403983e-01 -2.232384328977712537e-02 -7.677629651832822144e-02 4.566231084532489382e-01 -8.052128054663748591e-02 -2.836608585930526782e-01 6.180479286163479413e-01 7.200074626419801505e-02 -9.223055388917356101e-02 5.156889466861529492e-01 -2.398664346423652893e-01 3.570477669466977366e-02 -2.628052525624418045e-01 1.628791737698555842e-01 4.749795273877703838e-01 -2.269936126744166727e-01 -1.024330711343193423e+00 -1.951310602630242697e+00 9.433630913630745018e-01 9.448884843355667584e+00 2.426036774540186181e-01 -2.196987910597147931e+00 -8.976088562965215401e-01 -4.601230168376129193e-01 6.521005958855515816e-01 2.992276849774721525e-01 1.879087174428760165e-01 -2.310345365259512118e-01 9.757567956405387155e-02 8.462400959922172783e-02 8.072302213812522498e-02 -5.651879088257153461e-01 -3.411472870932703572e-01 1.656493921872484176e-01 -1.496136925098182358e-01 1.837259921311601985e-01 1.007009116037907159e-01
-3.598026360769773779e-01 -5.968710287603131576e-02 3.848325917882112202e-01 -3.213266771390972387e-01 3.163594987763078403e-02 2.945545899981069984e-02 -2.190564077438202639e-01 -3.145088551159782031e-01 1.702224680758238073e-01 -1.493809536970317764e-01 -6.353688307740509300e-01 -1.354117371476078469e-01 -3.989546792279692888e-01 2.716931123488654926e-02 -4.138983841329626490e-01 -5.043103575853747494e-02 4.891220023172945242e-01 3.051468528721448803e-01 3.080155325812626854e-01 -1.366979184908056338e-02 -2.664475443824221856e-01 -1.836461999253835797e+00 2.426036774540186181e-01 9.148474062015942820e+00 8.512996317457147688e-01 -2.023394378772254587e+00 -5.273217274757736606e-01 -5.183940902007028173e-01 4.466850685643457552e-01 6.357433312912488255e-01 -5.675879494363159639e-01 3.556428198474954061e-01 -2.773314443905297577e-01 -1.571465419001764896e-01 4.262982422094857560e-03 -3.610081806232870449e-01 -3.885830907057221534e-02 4.048379411288587082e-02 5.244072373368876550e-01 -1.599681467492970188e-01
-2.093893548359466450e-01 -1.416684615707354267e-01 -6.182259527998960891e-02 -4.340261122786176484e-01 -2.979540087967932349e-01 -1.406183696765538615e-01 -3.062894112921244472e-01 2.816684119943177120e-02 -4.059528975285607577e-02 -2.069495894453243778e-01 4.422593719644820481e-02 2.314929797302256800e-02 6.359400468278528229e-02 2.434356460841288206e-01 9.479408182161873642e-01 1.044875718578654744e-01 -3.450394169420604729e-01 1.253317074748379889e-01 4.744623683365822853e-01 4.192596805489967604e-01 -5.826503820729659333e-01 -5.540125223705500979e-01 -2.196987910597147931e+00 8.512996317457147688e-01 9.675198582740739184e+00 8.037353795254643662e-01 -2.043960144679736413e+00 -1.193352857674546019e+00 -8.080276097650567202e-01 6.304932724632236196e-01 7.304024891527668983e-02 1.988172066049798126e-01 1.564966483437099376e-01 -2.803422673200896553e-01 7.518234957284324060e-02 -3.389970026340272669e-01 -9.224555632463456167e-02 7.047136088902375417e-02 -2.150439048423847810e-01 2.389137413574204671e-01
-2.656107270243359686e-01 1.316243848966090202e-01 1.375337025969889659e-01 1.072079562134061609e-01 -9.730595534825924042e-02 1.653236917979177822e-01 -3.990683123924619879e-01 -2.032898098262787487e-02 -9.539130289011597819e-02 -3.312713463389614366e-01 -2.567688796824802444e-01 2.940544066000729817e-01 4.058631734454956064e-01 1.503860298982796599e-02 4.076158960157711952e-01 -9.171444734013473044e-02 4.107172325895034476e-02 -3.550711734210371118e-01 -2.743872851748166419e-01 5.105489477966571599e-01 2.568080676604200807e-01 -5.541849577149982053e-01 -8.976088562965215401e-01 -2.023394378772254587e+00 8.037353795254643662e-01 9.119827546028931309e+00 8.909003158377342135e-01 -1.557537633405299937e+00 -1.132988043761016694e+00 -3.090805440309959962e-01 3.580569464370752519e-01 7.068554840838216224e-02 -1.556810913157668230e-01 1.889601798265667099e-01 -1.870729592320700962e-01 3.495719350007849835e-01 1.960610317771368238e-01 4.462266678745524517e-01 -3.896002272261570587e-01 -3.062124186835364359e-01
-2.368771022305128648e-01 -1.354206950729727743e-01 3.982347616585094618e-01 1.051239587089482647e-01 -2.140887187986202367e-01 -1.021311099845104986e-01 4.022351120288517046e-01 -1.258741989269562822e-01 2.428476527476399194e-01 -3.691346686119804932e-02 5.244069404018428804e-01 2.907069321163861519e-01 -5.690650696609598214e-01 1.396953105800624040e-01 -5.473720837705254860e-01 -6.904224295661911537e-01 5.054491258459973269e-01 1.812856000041061511e-01 -6.002375125277844559e-01 -3.722433313745451278e-01 3.217877520662990737e-02 6.533149567817420067e-02 -4.601230168376129193e-01 -5.273217274757736606e-01 -2.043960144679736413e+00 8.909003158377342135e-01 9.690326405393577147e+00 9.424089268930135876e-01 -1.873126728847549938e+00 -6.479638757765745494e-01 -2.546869616336607800e-01 3.349653146886398258e-01 5.820508189082719275e-01 1.496202348014639104e-02 -4.277330321233083210e-01 -4.028589453544297871e-01 4.618077606240501010e-01 3.366770968705173339e-01 1.587296960803652804e-02 2.826411130998449095e-01
6.073106836473712855e-01 -1.161132521619854738e-02 -6.054084215863292373e-01 2.996434514578579789e-01 3.541599110615766266e-01 2.596436892811622710e-01 -1.944216919294048107e-01 -4.023668018394249701e-02 -4.152423800017943645e-01 2.019899875095906849e-01 3.060630171800062249e-01 -2.419343577675697465e-01 -2.788360854398097555e-01 -4.404612487079935246e-01 -3.618798255387472573e-01 2.595280781745409882e-01 7.187138699062546598e-02 2.554073590298425178e-01 -3.506583571351853945e-02 -2.171459855898283386e-01 -1.676611440245685813e-01 4.033576511355868588e-01 6.521005958855515816e-01 -5.183940902007028173e-01 -1.193352857674546019e+00 -1.557537633405299937e+00 9.424089268930135876e-01 8.863669718944104048e+00 7.064187824134692262e-01 -1.968169187654600805e+00 -3.432519310973103366e-01 3.015465250143866682e-01 3.911278729425989309e-01 -2.534871652204925829e-02 -5.019562136472327518e-01 -4.514203794072240705e-01 4.949616878283800148e-01 3.052908222294339891e-02 6.493275035481066437e-02 1.971248147735650547e-01
7.527337866623913520e-02 -3.555187085286289350e-01 -4.497336478692529060e-01 4.954179259620504483e-02 2.600304392962451971e-01 -7.389361974137483025e-02 -2.869842277232511063e-01 -1.932810147927747635e-01 -1.000384066449002962e-01 7.058600298954471608e-01 -9.626269426252649364e-01 -6.812930648505131082e-01 2.301116438813667897e-01 9.574456685999813144e-02 -5.191443094427646843e-01 4.361979971671786638e-01 -5.577290110205719575e-02 -2.944734080593149894e-01 -3.790962524732607863e-02 -9.708813055030590666e-02 -4.834506644943101783e-01 2.479099982249267642e-01 2.992276849774721525e-01 4.466850685643457552e-01 -8.080276097650567202e-01 -1.132988043761016694e+00 -1.873126728847549938e+00 7.064187824134692262e-01 9.629334102600136447e+00 5.824482736068063993e-01 -1.997397183731998371e+00 -7.903683378871120269e-01 -1.611612383933909987e-01 2.900665771409504101e-01 3.527166281700884753e-01 1.993494128925715758e-01 -2.232217287468597766e-01 -2.277848173139923604e-01 3.452111811293922528e-01 4.438004979199656752e-01
-1.227606473605326876e-01 -3.075986889891419232e-02 2.311874681395414965e-01 -4.869816719140314110e-01 3.699083203829563460e-01 -1.876119800905745594e-01 7.105315422611796494e-02 2.685622989213211076e-01 1.378893852008949150e-01 3.280007919499223767e-01 2.992655252297842794e-01 -3.971417440522728715e-01 -3.354307774960980648e-01 -3.537595083670516116e-01 -6.656838820088138708e-02 6.274738343521888417e-01 5.038810751094366935e-01 -1.449581845654254464e-01 1.743277262006682760e-01 6.298254468072646273e-02 -6.459084522905324255e-02 -2.047754610625796348e-02 1.879087174428760165e-01 6.357433312912488255e-01 6.304932724632236196e-01 -3.090805440309959962e-01 -6.479638757765745494e-01 -1.968169187654600805e+00 5.824482736068063993e-01 8.911345236070058462e+00 8.250588667702390966e-01 -1.771930610259677685e+00 -1.370044801443319527e+00 8.715091052865470145e-02 6.513326964090944138e-01 1.735686191332745099e-01 -2.288245592298483178e-01 -3.326796693000960703e-01 -4.760759513868650372e-01 2.926084504739357439e-01
-3.855145762167054846e-01 4.804987445148489744e-01 7.841166715327355652e-01 -1.317074913432699640e-02 8.688206316414932850e-02 -3.824968806133655641e-01 -2.725158710246513016e-01 -3.041069131002093195e-01 4.598253724656614638e-01 -3.830238937272659183e-01 1.195381327372685432e-01 4.783306633032282651e-01 3.599235512747239740e-02 -1.813584686433192261e-01 4.962907245822316682e-01 -2.700345876494239516e-01 -3.378969693797981635e-03 3.341440533947356295e-01 -3.159182610088709375e-01 3.191973139467559895e-01 4.407801161394413192e-02 4.600059316184638147e-01 -2.310345365259512118e-01 -5.675879494363159639e-01 7.304024891527668983e-02 3.580569464370752519e-01 -2.546869616336607800e-01 -3.432519310973103366e-01 -1.997397183731998371e+00 8.250588667702390966e-01 8.833026626672952020e+00 4.072136218211742653e-01 -1.947476957657241714e+00 -9.870024524681063338e-02 -2.730194227245012484e-01 -5.048726985238852216e-02 -4.855405999386737670e-01 -1.511836426574258430e-01 -5.239224276020262167e-02 -1.063945295322808349e+00
-2.921433418640471263e-02 2.673089163711896976e-01 -5.282027141437022066e-02 6.378792599775344740e-01 -1.861120948200022107e-01 -7.386692071063454268e-01 -3.004328729672237630e-01 2.833071213320607074e-01 1.498031215018598983e-01 -8.163713195423770719e-01 -1.422142944384256480e-01 1.701612221326668020e-02 -3.168589517698475744e-01 -1.802151924101722535e-01 2.165126742203803689e-01 3.809240032233446871e-01 -5.046749209628520472e-02 -3.186682978425953716e-01 -1.830147658700541358e-01 4.072197573317422603e-01 -5.956109565235850195e-02 2.422036921764593453e-01 9.757567956405387155e-02 3.556428198474954061e-01 1.988172066049798126e-01 7.068554840838216224e-02 3.349653146886398258e-01 3.015465250143866682e-01 -7.903683378871120269e-01 -1.771930610259677685e+00 4.072136218211742653e-01 9.600993983593049563e+00 4.570390822585554957e-01 -2.003841318201352806e+00 -1.186350844223568179e+00 -5.224451928731590478e-01 5.207577455658805032e-01 3.174110787160686620e-01 2.060649120915393762e-01 -6.119211904364035837e-01
-3.889504307121688376e-01 2.755469450531565223e-01 -1.247594719239561167e-01 7.057838727907923479e-03 1.022350736248624076e-01 -5.936828010611202439e-02 1.353929413996365350e-01 -2.362057267976457320e-01 -5.752345240048422070e-01 -3.010669210420780506e-01 2.426819931607817060e-01 8.105138744317977872e-01 1.645024725409457295e-02 -5.071804579018871495e-01 -6.078442575968163730e-01 4.671720029398012675e-01 1.268528975087840627e-01 2.501791013063661868e-03 -4.650185924823526523e-02 -1.597132020408701114e-01 7.943038316128432641e-02 -4.883843052225816384e-01 8.462400959922172783e-02 -2.773314443905297577e-01 1.564966483437099376e-01 -1.556810913157668230e-01 5.820508189082719275e-01 3.911278729425989309e-01 -1.611612383933909987e-01 -1.370044801443319527e+00 -1.947476957657241714e+00 4.570390822585554957e-01 9.903810273421409960e+00 1.336687427264830585e+00 -1.948224814811655436e+00 -1.283798537665681305e+00 5.748991303182898749e-02 4.468232525996544413e-01 3.316672277566145022e-01 -3.218591060015733585e-01
-3.069159579874435884e-01 -3.327468834525413865e-01 -1.484137136744837215e-01 5.891495036039286898e-02 2.111844926885560469e-01 5.767247402593539407e-01 -9.121405583876323123e-03 -3.090605591435047761e-01 -1.064395171294144071e-01 6.098845066384720459e-01 1.765304645264090949e-02 -1.160512497165421819e-01 7.787765351258797430e-01 -3.608501150640165966e-01 -3.191253476419437241e-01 -6.882528784307381797e-02 2.586486852115731927e-01 2.059684891018973563e-01 -2.125728956899182454e-01 8.079532677051715073e-02 3.330240896429918496e-01 -1.562660700154216431e-01 8.072302213812522498e-02 -1.571465419001764896e-01 -2.803422673200896553e-01 1.889601798265667099e-01 1.496202348014639104e-02 -2.534871652204925829e-02 2.900665771409504101e-01 8.715091052865470145e-02 -9.870024524681063338e-02 -2.003841318201352806e+00 1.336687427264830585e+00 9.270351358194481861e+00 3.657447721889779957e-01 -1.936589168858926069e+00 -3.635889748607296634e-01 -3.932685185632008723e-02 9.348392049979915852e-02 6.328866447781942295e-01
5.912665591356475181e-01 2.582241998379628534e-01 -5.568572267779938745e-01 -2.384218781768731310e-01 3.701764103923455007e-01 5.283226885319458610e-01 -6.842944448827167903e-02 -6.885455832646676655e-02 6.350139356407406843e-02 -5.497088510715267967e-02 -1.405633177636099462e-02 -8.567577191230685285e-01 1.348200223209850834e-01 4.440665414447516057e-01 1.564197666879955095e-01 -3.028201088572744504e-01 -5.564210607717680057e-01 -1.146953352487318917e-01 5.758350786685820788e-01 2.343024888642095127e-01 3.664707463960277245e-01 2.182751838368290342e-01 -5.651879088257153461e-01 4.262982422094857560e-03 7.518234957284324060e-02 -1.870729592320700962e-01 -4.277330321233083210e-01 -5.019562136472327518e-01 3.527166281700884753e-01 6.513326964090944138e-01 -2.730194227245012484e-01 -1.186350844223568179e+00 -1.948224814811655436e+00 3.657447721889779957e-01 9.403736887887587770e+00 1.066207456085429328e+00 -1.870028547160321741e+00 -1.057387541152789767e+00 -8.103714471490550686e-01 1.006204865944951621e+00
9.603951471938741713e-02 4.990137591486245583e-01 8.482233362247923458e-02 -3.648944971675380788e-01 -7.356185226561744173e-02 -6.219791253459396041e-02 1.207020028768324149e-02 -2.340645834780196929e-02 2.477844477797070677e-01 2.996595761413392567e-01 -1.082287552135738351e-01 -5.836993853764994578e-01 -1.023184987910599197e-01 2.854423628643740773e-01 1.106567250864506913e-01 -3.010189030949400046e-01 -1.702133062528267682e-01 -3.368686418514462155e-01 2.517229897216891610e-01 1.291832025575611886e-01 2.174951231440617749e-01 -6.026857592912415740e-02 -3.411472870932703572e-01 -3.610081806232870449e-01 -3.389970026340272669e-01 3.495719350007849835e-01 -4.028589453544297871e-01 -4.514203794072240705e-01 1.993494128925715758e-01 1.735686191332745099e-01 -5.048726985238852216e-02 -5.224451928731590478e-01 -1.283798537665681305e+00 -1.936589168858926069e+00 1.066207456085429328e+00 9.324799081851233851e+00 7.438268645478305352e-01 -1.935582545724431780e+00 -9.160483925117810511e-01 -1.671578251388667613e-01
-5.119111426621163474e-01 -5.310787905336248338e-01 2.693942530999192120e-01 3.643328211272298667e-01 -2.444018686744472701e-01 -3.212837799347587758e-02 -2.279418513196229679e-01 -1.863381200449984176e-01 3.147181494903624199e-01 3.276581340044727453e-01 -2.506846741159683423e-01 2.019754055336998033e-01 -1.471891705817725549e-01 -1.188236887304251616e-01 5.667810474718454339e-01 2.915624872068198759e-01 4.713493391860049814e-02 -3.308024839458423294e-02 -4.748602275040029325e-02 -1.963565054982184532e-01 5.554811998858504712e-02 4.594323032270038465e-01 1.656493921872484176e-01 -3.885830907057221534e-02 -9.224555632463456167e-02 1.960610317771368238e-01 4.618077606240501010e-01 4.949616878283800148e-01 -2.232217287468597766e-01 -2.288245592298483178e-01 -4.855405999386737670e-01 5.207577455658805032e-01 5.748991303182898749e-02 -3.635889748607296634e-01 -1.870028547160321741e+00 7.438268645478305352e-01 9.680596425747650002e+00 1.166935357349215829e+00 -2.457100455218494073e+00 2.608089461180591040e-01
-1.020091413872720398e+00 -3.789902009549374062e-01 5.657004719499331147e-01 3.877051135331314735e-01 6.577110655119133842e-02 -3.866608737592077127e-01 -3.455717602285971468e-01 2.340628026655176830e-01 -5.853091114183545107e-01 2.374924890186249360e-01 1.297138987867145210e-01 4.673691696486481084e-01 -3.843514570783113649e-01 -3.255751470222785771e-01 -3.677308152345680203e-01 9.063395671609418836e-01 6.395537591998404769e-01 2.653289494301690477e-01 -3.395995613714860584e-01 -9.292515562274060448e-02 3.451070258649717726e-01 -5.551595699245345100e-02 -1.496136925098182358e-01 4.048379411288587082e-02 7.047136088902375417e-02 4.462266678745524517e-01 3.366770968705173339e-01 3.052908222294339891e-02 -2.277848173139923604e-01 -3.326796693000960703e-01 -1.511836426574258430e-01 3.174110787160686620e-01 4.468232525996544413e-01 -3.932685185632008723e-02 -1.057387541152789767e+00 -1.935582545724431780e+00 1.166935357349215829e+00 9.682012417717784203e+00 7.866865692340810901e-01 -1.724160039887314921e+00
-2.320597349832434819e+00 -1.079419589319133177e+00 2.528254073087533600e-03 8.850486633209593279e-01 3.101984625843188237e-01 -4.821317297165830240e-01 -7.722080903992684098e-02 -5.226127876715482845e-01 -3.917907134621200771e-01 4.338356426852955083e-01 4.753845715852093867e-02 -3.206061752313658642e-01 -6.988707640390104392e-02 1.776902501277759228e-01 -1.348625301185812919e-01 5.325692822036974527e-02 7.168964545756673079e-01 7.070421911061626208e-01 8.370884102125462911e-02 -1.194680826503805998e-01 -8.933249387401714925e-02 1.420736801759042711e-01 1.837259921311601985e-01 5.244072373368876550e-01 -2.150439048423847810e-01 -3.896002272261570587e-01 1.587296960803652804e-02 6.493275035481066437e-02 3.452111811293922528e-01 -4.760759513868650372e-01 -5.239224276020262167e-02 2.060649120915393762e-01 3.316672277566145022e-01 9.348392049979915852e-02 -8.103714471490550686e-01 -9.160483925117810511e-01 -2.457100455218494073e+00 7.866865692340810901e-01 9.504673610026790342e+00 7.396290006365977554e-01
