6.957078387399873165e+00 2.157849208724537948e-01 -1.318567864396975819e+00 -3.835970063348483755e-02 -1.915447635822073447e-01 -1.111945540208814504e-01 -2.221054894246836386e-01 2.654282721297715475e-01 3.221487452029696275e-02 1.225401405600465427e-01 -2.289765422966270614e-01 3.837537470042021864e-02 9.544212575404018017e-02 2.161102118717447146e-02 1.171284729799615815e-01 1.171826579642729071e-01 -2.461583330870762143e-01 -3.080601558266901074e-01 -3.605094800281697515e-02 5.505305980111135228e-02 1.741726381002171309e-01 -9.768417684742906892e-02 -4.263441918677771808e-02 -1.270151323624330031e-01 2.601422947274890651e-01 -3.711190336129898543e-02 -6.718635767468800202e-02 -1.603204964158339574e-01 -1.158626882024406390e-01 4.472819364866394143e-02 -2.019789626953753456e-02 -3.307489008439004619e-02 -2.224139044252156638e-01 -9.851646953029155607e-02 -5.048920128735052970e-02 -3.247020636235545960e-02 4.675385066843683046e-01 -2.596022786018957751e-01 -7.272586173633555084e-01 6.716945705828819557e-01
2.157849208724537948e-01 6.240132003925253024e+00 7.320169668430794863e-01 -1.196854702848610508e+00 -4.756993196335988494e-01 2.340288477784077947e-01 -1.369519506461840119e-01 -3.255455733888323322e-01 -1.776478867267953718e-02 2.328504850469931553e-01 -3.234382786756417327e-01 -6.586347511046132530e-02 1.872509714619235710e-01 1.892721341626729392e-01 7.995149072701497606e-02 -1.820644308086611374e-01 -1.042481246832084180e-01 -5.688228617327814769e-03 -1.779876337350332349e-01 -2.080941676855485589e-02 2.128083311542902090e-01 3.108045462041195695e-01 -1.158190392017104803e-01 -3.238116566343329228e-01 -2.732562462122081412e-02 8.171082774688620542e-02 -1.353325890691095268e-01 -2.137236120190171285e-01 1.898588462007365085e-01 -1.293296963093682750e-01 -2.935518683939252194e-01 -5.532698218172290086e-03 1.142850832830503843e-01 -3.578678190735532505e-01 -9.558016972883931484e-02 1.570673865397179125e-01 -2.624413284324213919e-02 -1.929347504096004529e-01 -6.154278314169395747e-01 -1.503261681143293726e+00
-1.318567864396975819e+00 7.320169668430794863e-01 5.898721932915992561e+00 2.325058777144470012e-01 -1.577820602817185724e+00 3.469249030841478065e-01 -7.280915145960790980e-02 -3.758851912011539759e-02 1.203910083008441351e-01 2.598308507532754441e-01 -1.535918422421299612e-01 -3.507544663591330436e-02 -5.320818018997239274e-03 -2.544983337566313342e-01 -9.286744844783159647e-02 1.063957676272139358e-01 1.329672708311163132e-01 1.276139564359493779e-02 6.515919047213573900e-02 2.021171631718631234e-01 -2.469330193838756571e-01 2.144179196276780885e-01 1.574679372873939165e-01 4.347665122953483369e-02 1.036690548188269750e-01 9.164432758618518138e-02 -3.411510181847018236e-02 2.505288629331089978e-01 1.140857956047596766e-01 -1.449296014194623450e-01 2.307411825688498730e-01 5.717028469984204442e-01 -8.837304344267805922e-02 2.945785753370556981e-02 -4.578081165305990241e-02 -1.217557615354316197e-01 -2.731962312163415119e-01 3.064598103443800592e-04 -6.737055480679757236e-02 3.804662915071719831e-01
-3.835970063348483755e-02 -1.196854702848610508e+00 2.325058777144470012e-01 5.891657343805373870e+00 -1.716200910511893885e-01 -9.085828520794688723e-01 -2.223387353672860028e-02 -5.724797093963174960e-02 -1.027019853736471783e-01 1.906036948192720293e-01 -2.582671497331458926e-03 7.203313981091602480e-02 1.165638102448348090e-01 -2.973905647127569885e-01 -2.534510993845245919e-02 5.903256338594081026e-02 1.137706903774680228e-01 1.948643603674981850e-01 -4.937806092747037967e-02 4.058346436438779459e-01 5.660881004929223942e-02 -1.353320302073196812e-01 -8.534870878485482926e-02 1.324767441662576539e-01 4.092511399522826276e-01 1.150473927553439107e-01 -4.704911172574192668e-01 -1.440447067616786869e-01 1.420806728203440339e-01 2.736444543336821189e-01 2.127330488122282370e-01 1.366795495548384920e-01 -4.884541075873171101e-01 1.653495063596952253e-01 2.810243891198689892e-01 -4.006863810263085884e-02 -1.481203620833971835e-01 1.224360821895650736e-01 2.761556940996596210e-01 2.146825270228803345e-02
-1.915447635822073447e-01 -4.756993196335988494e-01 -1.577820602817185724e+00 -1.716200910511893885e-01 6.830386375514166275e+00 2.313109542856105483e-01 -6.314914809160928622e-01 -4.101414887791595132e-01 9.269997034400630220e-03 3.026379598909317292e-01 8.583843346535911800e-02 3.175731465546357407e-02 -1.022412529842084833e-01 -3.881380960502461841e-02 2.662559862179667558e-01 -2.539912798710187714e-01 -1.952091289555444587e-01 4.952505737762247229e-02 2.218697606824607538e-01 -8.004307427245743733e-02 5.637110651365353012e-03 -2.094255816878154430e-01 7.526733173310520830e-02 2.376508381094937505e-01 -2.170395444937192053e-01 4.118870578300194707e-02 3.127518594744957414e-02 -6.575958186745070599e-02 1.264967407810040911e-01 -1.612849706894592091e-03 -2.180032498267121810e-01 -1.733929035572139565e-01 1.650459583439595757e-01 7.307647103059494720e-02 2.882714264377123081e-01 -2.753880666351347581e-02 1.014269354010815666e-01 6.335525739372341314e-02 -1.590672029740660895e-02 -2.699324577266610792e-01
-1.111945540208814504e-01 2.340288477784077947e-01 3.469249030841478065e-01 -9.085828520794688723e-01 2.313109542856105483e-01 5.911368373118983222e+00 8.826878615415795215e-01 -1.289951079600114570e+00 -2.358102929616539833e-01 -8.519208877849411554e-02 1.654847770603420642e-01 -1.217422582797569736e-01 -3.129499645327411539e-01 7.795573203129130269e-02 -5.599545788005395180e-02 -1.896073099010205376e-01 5.821574270520341737e-02 2.747897751209850692e-01 9.556233611730777233e-02 -7.671611746318297842e-02 2.537780898912209704e-01 1.027051142631168479e-01 1.379408893176899131e-01 -1.526152441492207024e-01 1.501354356561502013e-01 9.564736615710470180e-02 1.644723135425811278e-01 -4.299857720494592618e-03 -2.765674881138951990e-01 -9.196176223152077028e-03 -1.010446048835582644e-01 -1.771667910442536673e-02 -2.539962060622477091e-01 3.186831343190644344e-02 2.353865118377525545e-01 -4.687865059268139095e-02 1.259596944505463056e-01 6.722269607889637399e-02 -9.751724424634328203e-02 1.315516486259099040e-02
-2.221054894246836386e-01 -1.369519506461840119e-01 -7.280915145960790980e-02 -2.223387353672860028e-02 -6.314914809160928622e-01 8.826878615415795215e-01 6.371852320331029773e+00 6.553843615586401050e-01 -1.865912263878797939e+00 5.038208445943083147e-01 1.389902472048223925e-01 -2.621892251074398605e-01 -5.406576282802973976e-01 -1.274903798073772632e-01 3.248010307722840051e-02 -8.638080715877333171e-02 -4.639087051049562566e-02 2.597366752020968672e-01 1.368324121978536645e-01 8.783881338571836173e-02 -3.095174419486702022e-01 -1.407845004381638176e-01 3.388920530704447875e-01 -6.663305451372729393e-02 -3.074728752009666180e-02 -1.925099773397635217e-01 2.399996691949431160e-01 3.532725923975227073e-03 1.800204748944819466e-01 1.244007057311866948e-01 -3.014353700498080893e-02 -4.181766818190062879e-02 -1.800289992802009964e-01 1.103213378614103790e-01 8.078272324194692156e-02 1.544483867351102990e-01 1.507076082239744153e-01 2.100285073679288017e-01 3.729541931930416832e-01 1.370667200842097533e-01
2.654282721297715475e-01 -3.255455733888323322e-01 -3.758851912011539759e-02 -5.724797093963174960e-02 -4.101414887791595132e-01 -1.289951079600114570e+00 6.553843615586401050e-01 7.978955164594595750e+00 8.134608479968012951e-01 -1.578596937152333179e+00 -2.283030106928267688e-01 2.005307330771503305e-01 3.079829954035052664e-01 -1.196972040841779578e-01 1.792036909426031055e-01 -1.609170262953793507e-01 -2.782839241656533402e-01 1.775567468477375760e-02 -7.425062562536351336e-03 8.025303593160332261e-02 -3.166463789517919014e-02 -1.070969260819410879e-01 -7.148786778063888347e-02 -1.088057431253880991e-01 2.008727780281817019e-02 -7.033886395446162232e-02 -2.224874325554178078e-01 -7.924506546874532376e-02 1.525935301191677085e-01 -2.738837985648631679e-01 -2.235022062887849492e-01 4.356270857411453229e-02 6.329813116558256902e-02 -1.264174959713650903e-01 -1.950866663355629513e-02 2.659282187162602673e-01 -3.071903175985928325e-01 3.875304302169451515e-02 2.498872551494737970e-02 5.949698439344867223e-02
3.221487452029696275e-02 -1.776478867267953718e-02 1.203910083008441351e-01 -1.027019853736471783e-01 9.269997034400630220e-03 -2.358102929616539833e-01 -1.865912263878797939e+00 8.134608479968012951e-01 7.679795887273023425e+00 7.999367733074511655e-01 -1.850675025226378612e+00 -6.400523044968255137e-02 2.170638631597427148e-01 9.509819338860966975e-02 3.669743739498744495e-02 7.306762841990420421e-02 -2.429839768626440577e-01 -1.203120026919944491e-01 3.054759989680269627e-01 2.742624569860869221e-01 -1.002898040347641323e-01 4.037763517078332004e-02 -9.440430772637629919e-02 -1.584193524423947175e-01 2.465451588513312975e-01 1.030833518454627035e-01 -3.545334135812292647e-02 -1.869316265301945723e-01 -3.909334149504847811e-02 -2.427820584122955261e-01 -1.689761711577053571e-01 4.736629578822306175e-01 -5.533510628998484365e-02 1.520044047829518033e-02 2.176208575011750468e-01 -1.993253269912796666e-01 -3.193940857911771181e-01 -1.011680335532181979e-01 -3.411797403808392581e-01 -2.570683551165487968e-01
1.225401405600465427e-01 2.328504850469931553e-01 2.598308507532754441e-01 1.906036948192720293e-01 3.026379598909317292e-01 -8.519208877849411554e-02 5.038208445943083147e-01 -1.578596937152333179e+00 7.999367733074511655e-01 7.158972529346970148e+00 -4.426261447932677839e-01 -1.908447932554177218e+00 6.924088411050610681e-02 3.489714812028045232e-01 1.325901076692310721e-01 2.340639904395866722e-01 -9.106465792076855192e-02 -1.048389407459761891e-01 2.793405150990013741e-02 2.359740691644616473e-01 -1.261893561110760675e-01 2.000813912046820464e-01 1.213318438171081676e-01 -2.013529121008646172e-01 -2.440829646989526452e-03 -2.419566682979843730e-01 -7.267068231530131317e-02 7.408594094083244264e-02 2.017601178547153429e-01 5.652964440160641868e-02 2.911266572181033796e-01 4.110428171952932863e-01 1.060236465273761697e-01 1.511448011094747579e-01 2.768329715560930993e-01 2.878718835315280389e-01 -2.282086573919933636e-02 1.026989510706969033e-01 -7.798181240370277711e-02 -1.072577803273483538e-01
-2.289765422966270614e-01 -3.234382786756417327e-01 -1.535918422421299612e-01 -2.582671497331458926e-03 8.583843346535911800e-02 1.654847770603420642e-01 1.389902472048223925e-01 -2.283030106928267688e-01 -1.850675025226378612e+00 -4.426261447932677839e-01 7.703796028623354886e+00 5.247627966989480974e-01 -1.426254622589832932e+00 -5.154618610298368209e-01 -1.023650986197107149e-01 3.145227732988567504e-01 -1.780239085213468631e-01 -1.875669375287089824e-01 5.745339151815687800e-02 -3.654637991820990084e-02 4.771437301170224771e-02 3.521050592271181973e-02 -4.199113996038427721e-01 -3.364212420656151892e-01 7.390963552786682274e-03 2.850121035095308786e-01 1.588636206179110388e-01 1.354189020601826998e-01 -2.010913720874630550e-01 1.592245688856958885e-01 -1.157866294832792797e-01 -2.239403437687935428e-03 1.277730757398368999e-01 -2.120315556254425554e-03 -1.403455102079200212e-01 -1.401407163281703228e-01 4.756493314960649754e-02 8.758824849030599768e-02 4.272576459184677239e-02 2.764964907029805463e-01
3.837537470042021864e-02 -6.586347511046132530e-02 -3.507544663591330436e-02 7.203313981091602480e-02 3.175731465546357407e-02 -1.217422582797569736e-01 -2.621892251074398605e-01 2.005307330771503305e-01 -6.400523044968255137e-02 -1.908447932554177218e+00 5.247627966989480974e-01 6.872760554032136149e+00 7.630378427999364721e-01 -1.311023937477728163e+00 -3.587061603319125491e-01 2.872336703766308758e-02 2.266867937223629170e-01 8.057125692752108159e-02 8.317285020396154166e-03 3.018865114863040211e-01 -8.019447677734452273e-02 -1.965355877134932969e-02 -3.266540316655791587e-01 1.089077736152482684e-01 -1.207823548798702545e-01 -4.608487607285353949e-02 4.235479858439078482e-02 -3.579037079645133734e-01 -6.734980098586267061e-02 1.019148209403748645e-01 -4.220417898407498314e-02 1.926040180176362415e-01 2.278001964236171240e-01 -7.188164743328742667e-02 -2.265164689855909963e-01 3.641243136899248445e-02 -1.743242932924799204e-01 -1.752750252191745683e-01 4.258691547315768822e-01 7.790731568660530515e-02
9.544212575404018017e-02 1.872509714619235710e-01 -5.320818018997239274e-03 1.165638102448348090e-01 -1.022412529842084833e-01 -3.129499645327411539e-01 -5.406576282802973976e-01 3.079829954035052664e-01 2.170638631597427148e-01 6.924088411050610681e-02 -1.426254622589832932e+00 7.630378427999364721e-01 7.593272622192383636e+00 5.358967897318508422e-01 -1.422649179343273618e+00 4.168358296980674907e-03 1.336157459133446856e-01 -3.978450333005270623e-03 8.559726426286903833e-02 3.469652411017562499e-01 2.100364127600848618e-01 -2.058502547019595494e-02 -1.293603142745998746e-01 -2.402207878628216386e-01 2.774806279495473649e-01 1.346345135397745973e-01 -1.109207687911086329e-02 1.215888122151637628e-02 -3.502964117904885238e-02 -8.419894571490565624e-03 2.392984964848943533e-02 -2.570031724551905677e-02 3.434238394344242828e-01 1.597088753630684097e-03 1.623196249972186922e-01 -5.320173222579620276e-02 -1.306813946735977117e-01 -2.925868753232015451e-01 4.075809059486541460e-04 9.675258042592367602e-02
2.161102118717447146e-02 1.892721341626729392e-01 -2.544983337566313342e-01 -2.973905647127569885e-01 -3.881380960502461841e-02 7.795573203129130269e-02 -1.274903798073772632e-01 -1.196972040841779578e-01 9.509819338860966975e-02 3.489714812028045232e-01 -5.154618610298368209e-01 -1.311023937477728163e+00 5.358967897318508422e-01 7.363289684194960216e+00 6.556712930199860567e-01 -1.470784829407105754e+00 -2.850842513969699676e-01 -5.439344987215290889e-03 1.402883738802299940e-01 -1.775782601396513546e-02 1.258811527193061941e-01 3.791001549146254951e-02 1.658327291877331466e-01 -6.728486832888193325e-02 -6.254550161230343353e-02 2.703591780707096381e-01 4.627352947072654876e-01 2.089968548675890658e-01 2.917983415754181464e-02 9.478858203747173028e-02 -2.855679019259013129e-01 -6.771559220048952721e-01 -1.427389504002385401e-01 1.159732695671105152e-01 3.208230375228107722e-01 2.964527124105502676e-01 -2.872202927440798970e-01 -6.237314962898143217e-02 -1.367602941487540587e-02 2.890136926906423653e-01
1.171284729799615815e-01 7.995149072701497606e-02 -9.286744844783159647e-02 -2.534510993845245919e-02 2.662559862179667558e-01 -5.599545788005395180e-02 3.248010307722840051e-02 1.792036909426031055e-01 3.669743739498744495e-02 1.325901076692310721e-01 -1.023650986197107149e-01 -3.587061603319125491e-01 -1.422649179343273618e+00 6.556712930199860567e-01 6.728276963232309171e+00 2.620070808275206109e-01 -1.765332794693966312e+00 -5.186791113112501073e-01 1.496376995334755371e-02 -2.324567140333532247e-02 2.554949289615214211e-02 -8.263136337731326331e-02 1.523019846673689601e-02 3.782729358912935713e-01 -2.839386125844653441e-01 -2.625124430815796162e-01 -1.450667286957657010e-01 2.603473516351120787e-01 8.119860940270764993e-02 -2.265745038663392191e-02 9.066159045721250420e-02 1.209578734739094469e-01 -3.690065847398378285e-01 2.966909102833426570e-01 4.589064085226649686e-02 -2.509101564396202730e-02 -2.250801752107918149e-02 3.107729016334921379e-01 1.613797717746628668e-01 -9.637882151207897985e-02
1.171826579642729071e-01 -1.820644308086611374e-01 1.063957676272139358e-01 5.903256338594081026e-02 -2.539912798710187714e-01 -1.896073099010205376e-01 -8.638080715877333171e-02 -1.609170262953793507e-01 7.306762841990420421e-02 2.340639904395866722e-01 3.145227732988567504e-01 2.872336703766308758e-02 4.168358296980674907e-03 -1.470784829407105754e+00 2.620070808275206109e-01 7.514213199945993793e+00 4.692608033277240187e-01 -1.493306295724898591e+00 2.818340645371541497e-01 2.717004364091627489e-01 1.014185508342036329e-01 4.800450368247938249e-02 -5.269699291129147783e-02 -1.612260199150379880e-01 2.267576116678575449e-01 -4.489768513458426979e-01 -2.504202915177205502e-01 -2.069216681048025308e-01 4.953321064773009985e-02 1.975464181989532164e-01 -1.519750411643478183e-01 2.145187697662259141e-01 1.756061986288903198e-01 -1.272469331532478654e-01 -1.692392206195963422e-01 2.940512157565151052e-01 -8.494788221725359245e-02 -1.935569761861429816e-01 9.453888734531522287e-02 -9.489656275378184624e-02
-2.461583330870762143e-01 -1.042481246832084180e-01 1.329672708311163132e-01 1.137706903774680228e-01 -1.952091289555444587e-01 5.821574270520341737e-02 -4.639087051049562566e-02 -2.782839241656533402e-01 -2.429839768626440577e-01 -9.106465792076855192e-02 -1.780239085213468631e-01 2.266867937223629170e-01 1.336157459133446856e-01 -2.850842513969699676e-01 -1.765332794693966312e+00 4.692608033277240187e-01 6.525081640288215468e+00 5.848682533573923426e-01 -9.597447248885367932e-01 -3.965187878508935060e-01 -2.588248099404018565e-01 -1.790337475618539176e-01 1.271846194155490106e-01 1.142104797162247498e-01 -1.488765406401714730e-01 3.176542865056836834e-02 1.927160843446833471e-01 -8.911073451578559179e-02 -1.670344339736058170e-01 2.503371663539854519e-01 6.370061965736531495e-02 -2.433267049991042208e-01 7.970265021866901334e-02 -1.403888978557733813e-01 -3.325519272985796859e-01 3.864094354749040838e-01 1.961100282653580329e-01 -1.173193602766496590e-01 7.360160628713703634e-02 1.278211122824961417e-02
-3.080601558266901074e-01 -5.688228617327814769e-03 1.276139564359493779e-02 1.948643603674981850e-01 4.952505737762247229e-02 2.747897751209850692e-01 2.597366752020968672e-01 1.775567468477375760e-02 -1.203120026919944491e-01 -1.048389407459761891e-01 -1.875669375287089824e-01 8.057125692752108159e-02 -3.978450333005270623e-03 -5.439344987215290889e-03 -5.186791113112501073e-01 -1.493306295724898591e+00 5.848682533573923426e-01 6.075100404064373016e+00 4.395901895857489694e-01 -1.452555315369435940e+00 -9.340123122224544550e-02 1.796620623878904949e-02 -2.322236424588868531e-01 3.824690664299782578e-02 -1.236059109620943619e-01 -1.259333717990363255e-01 2.549066814409845505e-01 -1.815059381563366991e-01 -8.940945766470001499e-02 4.533462258776497361e-02 4.327849351765672946e-03 -1.949906389294254194e-01 1.773880776827827799e-01 -7.112726687474749121e-02 -9.537555481344563157e-02 -7.435963120687004435e-02 -1.898916545962091307e-01 -2.718410049578598997e-01 7.382579779817145804e-02 1.508915194631295642e-01
-3.605094800281697515e-02 -1.779876337350332349e-01 6.515919047213573900e-02 -4.937806092747037967e-02 2.218697606824607538e-01 9.556233611730777233e-02 1.368324121978536645e-01 -7.425062562536351336e-03 3.054759989680269627e-01 2.793405150990013741e-02 5.745339151815687800e-02 8.317285020396154166e-03 8.559726426286903833e-02 1.402883738802299940e-01 1.496376995334755371e-02 2.818340645371541497e-01 -9.597447248885367932e-01 4.395901895857489694e-01 5.838369764514450111e+00 3.133533719318815636e-01 -1.371980877018490030e+00 2.556485767834273948e-01 -2.381260178770253436e-02 2.338311760158089808e-02 -1.692353541922149984e-01 1.061065298786548483e-01 -2.823965776980083206e-02 -3.846168258029010467e-02 -7.965042947369236313e-04 -1.188735952091816983e-01 -2.054058843024959558e-01 9.059411419542091892e-02 2.121826684691181797e-01 2.681316698681288635e-01 -2.623816899623140908e-01 -2.285137320920922060e-02 8.122678451106705999e-02 -3.559658520011066418e-01 -1.028206343305699405e-01 3.928804817128219162e-01
5.505305980111135228e-02 -2.080941676855485589e-02 2.021171631718631234e-01 4.058346436438779459e-01 -8.004307427245743733e-02 -7.671611746318297842e-02 8.783881338571836173e-02 8.025303593160332261e-02 2.742624569860869221e-01 2.359740691644616473e-01 -3.654637991820990084e-02 3.018865114863040211e-01 3.469652411017562499e-01 -1.775782601396513546e-02 -2.324567140333532247e-02 2.717004364091627489e-01 -3.965187878508935060e-01 -1.452555315369435940e+00 3.133533719318815636e-01 6.580853154252058523e+00 2.015024477165445194e-01 -9.366600798645652315e-01 3.494921915128428314e-01 -2.851155892607383224e-01 1.779421324610757976e-03 5.857354267372175821e-02 1.086666321468822693e-01 -3.017323901962699895e-02 -3.438720371665475017e-03 -1.759546147638381963e-01 -1.199469077044695992e-01 -6.725157939758842629e-02 -2.164933322656905842e-02 2.764396761933212709e-01 1.797416433779022715e-01 2.097230319155455602e-01 -9.778533994749077918e-02 -2.911865822519322800e-01 -9.253541248955636511e-02 -8.074918909114185347e-03
1.741726381002171309e-01 2.128083311542902090e-01 -2.469330193838756571e-01 5.660881004929223942e-02 5.637110651365353012e-03 2.537780898912209704e-01 -3.095174419486702022e-01 -3.166463789517919014e-02 -1.002898040347641323e-01 -1.261893561110760675e-01 4.771437301170224771e-02 -8.019447677734452273e-02 2.100364127600848618e-01 1.258811527193061941e-01 2.554949289615214211e-02 1.014185508342036329e-01 -2.588248099404018565e-01 -9.340123122224544550e-02 -1.371980877018490030e+00 2.015024477165445194e-01 6.750886341916989331e+00 4.337510043692614503e-01 -1.086280071327690999e+00 -2.155575037792667459e-01 6.731488797422129078e-02 -4.457058243567024736e-02 -2.560487288948680162e-01 -6.715303211222346802e-02 -1.169122402501828056e-01 -1.455156165650559053e-01 2.517925565224595763e-01 1.910843997345951784e-01 -1.855725795532360001e-01 -2.922698697619042218e-01 3.583459763455340563e-01 2.188918443708724737e-01 -2.290679465413748284e-01 2.442112292971972687e-01 -3.923501670324117813e-02 -1.755272819842804422e-01
-9.768417684742906892e-02 3.108045462041195695e-01 2.144179196276780885e-01 -1.353320302073196812e-01 -2.094255816878154430e-01 1.027051142631168479e-01 -1.407845004381638176e-01 -1.070969260819410879e-01 4.037763517078332004e-02 2.000813912046820464e-01 3.521050592271181973e-02 -1.965355877134932969e-02 -2.058502547019595494e-02 3.791001549146254951e-02 -8.263136337731326331e-02 4.800450368247938249e-02 -1.790337475618539176e-01 1.796620623878904949e-02 2.556485767834273948e-01 -9.366600798645652315e-01 4.337510043692614503e-01 6.465819087393290587e+00 4.860011416156188035e-01 -1.121294231027610389e+00 7.160882338429108707e-02 -7.434903886265764594e-02 3.459463021139618649e-02 -1.273151356396296507e-01 -1.284561926980251449e-02 -5.327179473881112071e-02 5.777613775119824074e-02 2.486286023295464775e-01 -3.745309429728166731e-03 -3.017724588577141986e-01 -9.765195965798532940e-02 1.237761162002802978e-01 -2.054988212251013802e-01 -2.780334199226529024e-01 -4.239941184882732583e-02 -1.133572187388255104e-01
-4.263441918677771808e-02 -1.158190392017104803e-01 1.574679372873939165e-01 -8.534870878485482926e-02 7.526733173310520830e-02 1.379408893176899131e-01 3.388920530704447875e-01 -7.148786778063888347e-02 -9.440430772637629919e-02 1.213318438171081676e-01 -4.199113996038427721e-01 -3.266540316655791587e-01 -1.293603142745998746e-01 1.658327291877331466e-01 1.523019846673689601e-02 -5.269699291129147783e-02 1.271846194155490106e-01 -2.322236424588868531e-01 -2.381260178770253436e-02 3.494921915128428314e-01 -1.086280071327690999e+00 4.860011416156188035e-01 6.409068304833329677e+00 4.231056878293223966e-01 -1.569503142378461336e+00 -1.744117264901850761e-01 5.409349158233811398e-03 -1.054668573772253870e-01 1.469891561360309740e-01 -2.602468324209841755e-02 -8.428138665268701535e-02 4.810364053110441351e-02 5.577317154522011267e-01 -1.788412861381221963e-01 -1.200170762669294233e-01 3.432138322457194135e-02 4.287534079994042430e-02 -1.668074991527301876e-01 -1.022625281406144004e-01 2.486936191699627430e-01
-1.270151323624330031e-01 -3.238116566343329228e-01 4.347665122953483369e-02 1.324767441662576539e-01 2.376508381094937505e-01 -1.526152441492207024e-01 -6.663305451372729393e-02 -1.088057431253880991e-01 -1.584193524423947175e-01 -2.013529121008646172e-01 -3.364212420656151892e-01 1.089077736152482684e-01 -2.402207878628216386e-01 -6.728486832888193325e-02 3.782729358912935713e-01 -1.612260199150379880e-01 1.142104797162247498e-01 3.824690664299782578e-02 2.338311760158089808e-02 -2.851155892607383224e-01 -2.155575037792667459e-01 -1.121294231027610389e+00 4.231056878293223966e-01 6.506967241402095148e+00 4.305932009052052534e-01 -1.305468776083246629e+00 -2.710839158524021575e-01 5.311548331489252851e-03 1.937698784985868450e-01 1.040107035192564811e-01 -1.118428762989141650e-01 6.126227602790970499e-03 5.775470171170798972e-02 2.001905716496426291e-01 2.717422212568532808e-02 -8.264601306374387557e-02 -5.187407111302176459e-03 1.576496868695941855e-01 4.385562715831897718e-01 9.149169788628767896e-02
2.601422947274890651e-01 -2.732562462122081412e-02 1.036690548188269750e-01 4.092511399522826276e-01 -2.170395444937192053e-01 1.501354356561502013e-01 -3.074728752009666180e-02 2.008727780281817019e-02 2.465451588513312975e-01 -2.440829646989526452e-03 7.390963552786682274e-03 -1.207823548798702545e-01 2.774806279495473649e-01 -6.254550161230343353e-02 -2.839386125844653441e-01 2.267576116678575449e-01 -1.488765406401714730e-01 -1.236059109620943619e-01 -1.692353541922149984e-01 1.779421324610757976e-03 6.731488797422129078e-02 7.160882338429108707e-02 -1.569503142378461336e+00 4.305932009052052534e-01 7.249379929180567395e+00 7.091793940862469725e-01 -1.026962193602789952e+00 7.044129113646302107e-03 -1.496512982927625550e-03 3.285873159379285591e-01 -1.159889087118840152e-02 -3.823880756592792918e-01 -1.893871827690621346e-01 3.872761193769824195e-01 -9.863684396279823186e-02 7.691853971165826809e-02 -4.493569324957447791e-02 -1.153220067845139689e-02 -2.435749329724689813e-02 6.244070480249230143e-02
-3.711190336129898543e-02 8.171082774688620542e-02 9.164432758618518138e-02 1.150473927553439107e-01 4.118870578300194707e-02 9.564736615710470180e-02 -1.925099773397635217e-01 -7.033886395446162232e-02 1.030833518454627035e-01 -2.419566682979843730e-01 2.850121035095308786e-01 -4.608487607285353949e-02 1.346345135397745973e-01 2.703591780707096381e-01 -2.625124430815796162e-01 -4.489768513458426979e-01 3.176542865056836834e-02 -1.259333717990363255e-01 1.061065298786548483e-01 5.857354267372175821e-02 -4.457058243567024736e-02 -7.434903886265764594e-02 -1.744117264901850761e-01 -1.305468776083246629e+00 7.091793940862469725e-01 7.340447132888710868e+00 5.049390479982662772e-01 -1.448833192461331354e+00 -1.932176297898863249e-01 -2.977725060084526754e-02 1.745511128895779751e-01 -3.304646988471368063e-01 2.567366010878652238e-01 9.157511197541286230e-02 -1.433859094141759147e-02 2.440109995100648022e-01 -3.379590857551833527e-01 -2.060099466350187591e-01 -4.165149498782920283e-03 1.231356959153716985e-01
-6.718635767468800202e-02 -1.353325890691095268e-01 -3.411510181847018236e-02 -4.704911172574192668e-01 3.127518594744957414e-02 1.644723135425811278e-01 2.399996691949431160e-01 -2.224874325554178078e-01 -3.545334135812292647e-02 -7.267068231530131317e-02 1.588636206179110388e-01 4.235479858439078482e-02 -1.109207687911086329e-02 4.627352947072654876e-01 -1.450667286957657010e-01 -2.504202915177205502e-01 1.927160843446833471e-01 2.549066814409845505e-01 -2.823965776980083206e-02 1.086666321468822693e-01 -2.560487288948680162e-01 3.459463021139618649e-02 5.409349158233811398e-03 -2.710839158524021575e-01 -1.026962193602789952e+00 5.049390479982662772e-01 7.686995655539917038e+00 1.373831511587364718e+00 -1.453163082013568363e+00 -1.286610014803872826e-01 1.378562222194442688e-01 -7.135844110598409118e-02 2.009613542206827308e-01 -8.101867120208762485e-02 -9.692888164023539307e-04 2.293304557631448415e-01 -8.425180567719273150e-02 2.082979829594347743e-01 -1.573949618207609036e-01 -1.293864623298301431e-01
-1.603204964158339574e-01 -2.137236120190171285e-01 2.505288629331089978e-01 -1.440447067616786869e-01 -6.575958186745070599e-02 -4.299857720494592618e-03 3.532725923975227073e-03 -7.924506546874532376e-02 -1.869316265301945723e-01 7.408594094083244264e-02 1.354189020601826998e-01 -3.579037079645133734e-01 1.215888122151637628e-02 2.089968548675890658e-01 2.603473516351120787e-01 -2.069216681048025308e-01 -8.911073451578559179e-02 -1.815059381563366991e-01 -3.846168258029010467e-02 -3.017323901962699895e-02 -6.715303211222346802e-02 -1.273151356396296507e-01 -1.054668573772253870e-01 5.311548331489252851e-03 7.044129113646302107e-03 -1.448833192461331354e+00 1.373831511587364718e+00 7.066007653315994119e+00 -4.897157079402177093e-02 -1.367445399050496668e+00 5.192044062692178219e-01 -1.727172507281365260e-02 -4.325846587560369660e-01 6.969531577266709077e-02 -3.415973032292013434e-01 -2.810937020918046203e-01 3.085063680586671020e-01 1.799901499536326055e-01 -1.598379816881199608e-02 3.667396588412092512e-02
-1.158626882024406390e-01 1.898588462007365085e-01 1.140857956047596766e-01 1.420806728203440339e-01 1.264967407810040911e-01 -2.765674881138951990e-01 1.800204748944819466e-01 1.525935301191677085e-01 -3.909334149504847811e-02 2.017601178547153429e-01 -2.010913720874630550e-01 -6.734980098586267061e-02 -3.502964117904885238e-02 2.917983415754181464e-02 8.119860940270764993e-02 4.953321064773009985e-02 -1.670344339736058170e-01 -8.940945766470001499e-02 -7.965042947369236313e-04 -3.438720371665475017e-03 -1.169122402501828056e-01 -1.284561926980251449e-02 1.469891561360309740e-01 1.937698784985868450e-01 -1.496512982927625550e-03 -1.932176297898863249e-01 -1.453163082013568363e+00 -4.897157079402177093e-02 7.061810805687355419e+00 3.775971733728131219e-01 -1.434157087453328927e+00 -1.149185629196479985e-01 -1.268185529852353943e-01 7.321634916697018769e-02 3.528817267675467551e-01 7.586526058023414232e-02 -4.657005237169675738e-02 5.877982664027125992e-02 -1.065262333976533110e-01 2.467642379940166442e-01
4.472819364866394143e-02 -1.293296963093682750e-01 -1.449296014194623450e-01 2.736444543336821189e-01 -1.612849706894592091e-03 -9.196176223152077028e-03 1.244007057311866948e-01 -2.738837985648631679e-01 -2.427820584122955261e-01 5.652964440160641868e-02 1.592245688856958885e-01 1.019148209403748645e-01 -8.419894571490565624e-03 9.478858203747173028e-02 -2.265745038663392191e-02 1.975464181989532164e-01 2.503371663539854519e-01 4.533462258776497361e-02 -1.188735952091816983e-01 -1.759546147638381963e-01 -1.455156165650559053e-01 -5.327179473881112071e-02 -2.602468324209841755e-02 1.040107035192564811e-01 3.285873159379285591e-01 -2.977725060084526754e-02 -1.286610014803872826e-01 -1.367445399050496668e+00 3.775971733728131219e-01 7.144394011016633073e+00 1.004479736315548433e+00 -9.288621133408824226e-01 -9.908810252384313566e-01 -1.908736639562676196e-02 4.881885085020961079e-01 3.700717975451236486e-01 -1.766709784964628493e-01 -4.699973523860507575e-03 2.637852516698325211e-01 -7.151849312751304075e-03
-2.019789626953753456e-02 -2.935518683939252194e-01 2.307411825688498730e-01 2.127330488122282370e-01 -2.180032498267121810e-01 -1.010446048835582644e-01 -3.014353700498080893e-02 -2.235022062887849492e-01 -1.689761711577053571e-01 2.911266572181033796e-01 -1.157866294832792797e-01 -4.220417898407498314e-02 2.392984964848943533e-02 -2.855679019259013129e-01 9.066159045721250420e-02 -1.519750411643478183e-01 6.370061965736531495e-02 4.327849351765672946e-03 -2.054058843024959558e-01 -1.199469077044695992e-01 2.517925565224595763e-01 5.777613775119824074e-02 -8.428138665268701535e-02 -1.118428762989141650e-01 -1.159889087118840152e-02 1.745511128895779751e-01 1.378562222194442688e-01 5.192044062692178219e-01 -1.434157087453328927e+00 1.004479736315548433e+00 6.485047132981229367e+00 7.412560459630948007e-01 -1.999896926170578348e+00 -7.269295215919940878e-02 -5.428608224923991282e-02 -2.210085128794724019e-02 -2.126822473099136690e-01 -9.612826878768737648e-02 7.630861628084660564e-02 1.019982209826106462e-01
-3.307489008439004619e-02 -5.532698218172290086e-03 5.717028469984204442e-01 1.366795495548384920e-01 -1.733929035572139565e-01 -1.771667910442536673e-02 -4.181766818190062879e-02 4.356270857411453229e-02 4.736629578822306175e-01 4.110428171952932863e-01 -2.239403437687935428e-03 1.926040180176362415e-01 -2.570031724551905677e-02 -6.771559220048952721e-01 1.209578734739094469e-01 2.145187697662259141e-01 -2.433267049991042208e-01 -1.949906389294254194e-01 9.059411419542091892e-02 -6.725157939758842629e-02 1.910843997345951784e-01 2.486286023295464775e-01 4.810364053110441351e-02 6.126227602790970499e-03 -3.823880756592792918e-01 -3.304646988471368063e-01 -7.135844110598409118e-02 -1.727172507281365260e-02 -1.149185629196479985e-01 -9.288621133408824226e-01 7.412560459630948007e-01 7.749803625866795720e+00 3.762446321134558236e-01 -9.078073907313665147e-01 -8.540316651753400434e-02 -1.018165788841042252e-01 1.372184994342730002e-01 -4.194481550271101505e-02 -7.901171842008491986e-02 5.628633137036556100e-01
-2.224139044252156638e-01 1.142850832830503843e-01 -8.837304344267805922e-02 -4.884541075873171101e-01 1.650459583439595757e-01 -2.539962060622477091e-01 -1.800289992802009964e-01 6.329813116558256902e-02 -5.533510628998484365e-02 1.060236465273761697e-01 1.277730757398368999e-01 2.278001964236171240e-01 3.434238394344242828e-01 -1.427389504002385401e-01 -3.690065847398378285e-01 1.756061986288903198e-01 7.970265021866901334e-02 1.773880776827827799e-01 2.121826684691181797e-01 -2.164933322656905842e-02 -1.855725795532360001e-01 -3.745309429728166731e-03 5.577317154522011267e-01 5.775470171170798972e-02 -1.893871827690621346e-01 2.567366010878652238e-01 2.009613542206827308e-01 -4.325846587560369660e-01 -1.268185529852353943e-01 -9.908810252384313566e-01 -1.999896926170578348e+00 3.762446321134558236e-01 7.692658833455508827e+00 5.652615642712774946e-01 -1.860771612998761482e+00 -8.486111658469801533e-01 4.456591652171910667e-01 -1.960786942863400328e-01 -2.101335825715321959e-01 3.297890619755421138e-02
-9.851646953029155607e-02 -3.578678190735532505e-01 2.945785753370556981e-02 1.653495063596952253e-01 7.307647103059494720e-02 3.186831343190644344e-02 1.103213378614103790e-01 -1.264174959713650903e-01 1.520044047829518033e-02 1.511448011094747579e-01 -2.120315556254425554e-03 -7.188164743328742667e-02 1.597088753630684097e-03 1.159732695671105152e-01 2.966909102833426570e-01 -1.272469331532478654e-01 -1.403888978557733813e-01 -7.112726687474749121e-02 2.681316698681288635e-01 2.764396761933212709e-01 -2.922698697619042218e-01 -3.017724588577141986e-01 -1.788412861381221963e-01 2.001905716496426291e-01 3.872761193769824195e-01 9.157511197541286230e-02 -8.101867120208762485e-02 6.969531577266709077e-02 7.321634916697018769e-02 -1.908736639562676196e-02 -7.269295215919940878e-02 -9.078073907313665147e-01 5.652615642712774946e-01 7.126592461770036024e+00 2.981839835473223399e-01 -2.149930460032646540e+00 4.467362184424907845e-01 2.632819254697973954e-01 -1.745688346626790843e-01 -1.181993226894109406e-01
-5.048920128735052970e-02 -9.558016972883931484e-02 -4.578081165305990241e-02 2.810243891198689892e-01 2.882714264377123081e-01 2.353865118377525545e-01 8.078272324194692156e-02 -1.950866663355629513e-02 2.176208575011750468e-01 2.768329715560930993e-01 -1.403455102079200212e-01 -2.265164689855909963e-01 1.623196249972186922e-01 3.208230375228107722e-01 4.589064085226649686e-02 -1.692392206195963422e-01 -3.325519272985796859e-01 -9.537555481344563157e-02 -2.623816899623140908e-01 1.797416433779022715e-01 3.583459763455340563e-01 -9.765195965798532940e-02 -1.200170762669294233e-01 2.717422212568532808e-02 -9.863684396279823186e-02 -1.433859094141759147e-02 -9.692888164023539307e-04 -3.415973032292013434e-01 3.528817267675467551e-01 4.881885085020961079e-01 -5.428608224923991282e-02 -8.540316651753400434e-02 -1.860771612998761482e+00 2.981839835473223399e-01 7.577060725813232089e+00 4.120667927544827136e-01 -1.204475504150036569e+00 1.858023787802030313e-01 -3.035130916413421587e-01 4.928894430688343653e-02
-3.247020636235545960e-02 1.570673865397179125e-01 -1.217557615354316197e-01 -4.006863810263085884e-02 -2.753880666351347581e-02 -4.687865059268139095e-02 1.544483867351102990e-01 2.659282187162602673e-01 -1.993253269912796666e-01 2.878718835315280389e-01 -1.401407163281703228e-01 3.641243136899248445e-02 -5.320173222579620276e-02 2.964527124105502676e-01 -2.509101564396202730e-02 2.940512157565151052e-01 3.864094354749040838e-01 -7.435963120687004435e-02 -2.285137320920922060e-02 2.097230319155455602e-01 2.188918443708724737e-01 1.237761162002802978e-01 3.432138322457194135e-02 -8.264601306374387557e-02 7.691853971165826809e-02 2.440109995100648022e-01 2.293304557631448415e-01 -2.810937020918046203e-01 7.586526058023414232e-02 3.700717975451236486e-01 -2.210085128794724019e-02 -1.018165788841042252e-01 -8.486111658469801533e-01 -2.149930460032646540e+00 4.120667927544827136e-01 6.872167513959015928e+00 6.476333398833169497e-01 -8.074428684308093684e-01 -2.807495773202733358e-01 1.026990471083756573e-01
4.675385066843683046e-01 -2.624413284324213919e-02 -2.731962312163415119e-01 -1.481203620833971835e-01 1.014269354010815666e-01 1.259596944505463056e-01 1.507076082239744153e-01 -3.071903175985928325e-01 -3.193940857911771181e-01 -2.282086573919933636e-02 4.756493314960649754e-02 -1.743242932924799204e-01 -1.306813946735977117e-01 -2.872202927440798970e-01 -2.250801752107918149e-02 -8.494788221725359245e-02 1.961100282653580329e-01 -1.898916545962091307e-01 8.122678451106705999e-02 -9.778533994749077918e-02 -2.290679465413748284e-01 -2.054988212251013802e-01 4.287534079994042430e-02 -5.187407111302176459e-03 -4.493569324957447791e-02 -3.379590857551833527e-01 -8.425180567719273150e-02 3.085063680586671020e-01 -4.657005237169675738e-02 -1.766709784964628493e-01 -2.126822473099136690e-01 1.372184994342730002e-01 4.456591652171910667e-01 4.467362184424907845e-01 -1.204475504150036569e+00 6.476333398833169497e-01 7.132784908889527209e+00 8.298991032230933484e-01 -1.885519388830634080e+00 1.734807114219232005e-01
-2.596022786018957751e-01 -1.929347504096004529e-01 3.064598103443800592e-04 1.224360821895650736e-01 6.335525739372341314e-02 6.722269607889637399e-02 2.100285073679288017e-01 3.875304302169451515e-02 -1.011680335532181979e-01 1.026989510706969033e-01 8.758824849030599768e-02 -1.752750252191745683e-01 -2.925868753232015451e-01 -6.237314962898143217e-02 3.107729016334921379e-01 -1.935569761861429816e-01 -1.173193602766496590e-01 -2.718410049578598997e-01 -3.559658520011066418e-01 -2.911865822519322800e-01 2.442112292971972687e-01 -2.780334199226529024e-01 -1.668074991527301876e-01 1.576496868695941855e-01 -1.153220067845139689e-02 -2.060099466350187591e-01 2.082979829594347743e-01 1.799901499536326055e-01 5.877982664027125992e-02 -4.699973523860507575e-03 -9.612826878768737648e-02 -4.194481550271101505e-02 -1.960786942863400328e-01 2.632819254697973954e-01 1.858023787802030313e-01 -8.074428684308093684e-01 8.298991032230933484e-01 6.828165091129213771e+00 1.663448590687901379e-02 -1.213523344719377173e+00
-7.272586173633555084e-01 -6.154278314169395747e-01 -6.737055480679757236e-02 2.761556940996596210e-01 -1.590672029740660895e-02 -9.751724424634328203e-02 3.729541931930416832e-01 2.498872551494737970e-02 -3.411797403808392581e-01 -7.798181240370277711e-02 4.272576459184677239e-02 4.258691547315768822e-01 4.075809059486541460e-04 -1.367602941487540587e-02 1.613797717746628668e-01 9.453888734531522287e-02 7.360160628713703634e-02 7.382579779817145804e-02 -1.028206343305699405e-01 -9.253541248955636511e-02 -3.923501670324117813e-02 -4.239941184882732583e-02 -1.022625281406144004e-01 4.385562715831897718e-01 -2.435749329724689813e-02 -4.165149498782920283e-03 -1.573949618207609036e-01 -1.598379816881199608e-02 -1.065262333976533110e-01 2.637852516698325211e-01 7.630861628084660564e-02 -7.901171842008491986e-02 -2.101335825715321959e-01 -1.745688346626790843e-01 -3.035130916413421587e-01 -2.807495773202733358e-01 -1.885519388830634080e+00 1.663448590687901379e-02 6.900227833658454379e+00 6.126829005998639666e-01
