7.420985579774343144e+00 4.682788510170583507e-01 -1.128348432620077002e+00 -4.438448120901049010e-01 -1.063873104494140326e-01 2.989477334568764744e-01 1.073983184872099872e-01 4.115618254612010002e-02 2.566436196354621724e-01 1.863428509478590456e-01 -2.348217289572510913e-01 3.192791963284560830e-01 -7.133903529836414792e-02 -2.480268113701090127e-01 -2.896247509323439107e-01 1.242418268897117345e-01 -1.845797093649138021e-01 8.437050863424438996e-02 3.613915534179889533e-01 -1.403543353092422119e-01 -2.434248571203938838e-01 -1.474132318763945668e-02 3.071542858621069683e-01 5.236270434524210177e-02 2.568617874199822237e-01 -2.323266367432836321e-01 -1.309184701781059557e-01 -7.377710934877729221e-02 -1.289470919198928978e-01 7.900630429759883389e-02 1.846427113728602853e-01 -1.440518558224910817e-01 1.146903974874255577e-01 1.467101184862907026e-01 7.699119974496890229e-02 6.413319892437170655e-02 7.088284012531019529e-02 2.121472175287028306e-01 -1.293985779322977869e+00 5.577422503521031055e-02
4.682788510170583507e-01 6.708281823012169909e+00 7.731660303889857921e-01 -1.222149987422805895e+00 -2.416258126484998048e-01 1.199639351054446607e-01 1.845872859702187285e-01 -2.252245605022407393e-01 -1.074302851306283141e-01 2.867706131157025246e-02 2.350953441742148764e-01 -7.883911016379853420e-02 -1.057080343598472139e-01 2.734455859350569673e-01 -3.092291303981689610e-02 2.359749879240882753e-01 -1.121630964376788137e-01 -5.951777855335758927e-02 6.443648538844741480e-02 -4.519105086580831737e-02 2.238523848718510789e-01 -2.514279105864359112e-02 -5.881817174814409771e-02 -2.958529691671147113e-02 -1.372262039542434253e-01 -5.026969205551992670e-02 -1.638308269008291809e-02 2.275597361323436207e-01 1.791115619202338916e-01 -1.288136180555981836e-01 2.512059203075967320e-02 4.086441156075169834e-02 1.769038203793763253e-01 -1.793469795457719451e-02 4.028087860779808183e-02 8.433632498308703263e-02 -2.468739733081049825e-01 7.262976467757842336e-02 -3.569829087266778722e-01 -1.754955484243784003e+00
-1.128348432620077002e+00 7.731660303889857921e-01 6.238473260496222750e+00 -2.098962521268887133e-02 -1.661090778666751699e+00 2.785335872546225167e-01 -8.080299237929487732e-02 -1.391799697000307701e-01 1.057861413743372003e-01 -3.795160693702411686e-02 -2.812413394983425685e-01 -6.860265983065630402e-02 3.750766738946851864e-01 2.639298623399298771e-01 -1.514793400201101814e-01 2.425308857609425901e-03 1.671614211002974693e-01 -1.287674676570334242e-01 -3.521246103306644587e-02 -1.937379341784397357e-01 1.959867140696554266e-01 2.034686972218184287e-01 -2.218597256342462187e-01 -6.755346647144405692e-02 5.187616071532161893e-02 2.825648787285258146e-01 2.904712724399243773e-01 1.055866451428113806e-01 1.787299468157709792e-01 -2.017010965531308431e-01 -2.768954338256011671e-01 3.169563275320070317e-01 -5.185144353621830293e-02 -1.344378902570020906e-01 -2.268725233614286296e-01 -7.858744104007658882e-02 -6.825045679377444996e-02 -4.775407010510198530e-02 -1.111149312242524778e-01 2.561449900410301961e-01
-4.438448120901049010e-01 -1.222149987422805895e+00 -2.098962521268887133e-02 6.628478104129546189e+00 9.442751425244101660e-02 -1.288024499844905080e+00 -4.981801305600125906e-01 -1.946715390147361058e-01 3.886944507461554399e-01 3.907809763649228163e-02 1.971713774026757626e-01 -1.488570052808519117e-01 1.351915765633162625e-01 -1.534981416742811910e-01 9.297694906687314909e-02 -3.170168240895950007e-02 -2.636489449538811577e-02 2.577520331157420186e-01 2.975825087119912324e-02 -3.588469162137162410e-02 1.238836178321612580e-01 -1.572454427204755256e-01 -4.751864861452042010e-01 -4.878884940345783877e-02 1.329447202183068645e-02 -1.604748168046697399e-01 -9.930016195504128007e-02 2.004432587644323083e-01 -3.085217259612957896e-01 1.855553565297629326e-01 4.133124519506206074e-01 -1.699860773759773180e-01 -3.079947965439098767e-01 3.315846983804877635e-01 1.527632980199588597e-01 -1.094972789413476144e-01 2.635522245954601273e-01 -2.134051631821459738e-01 3.927576588799504276e-02 1.488591375024185259e-01
-1.063873104494140326e-01 -2.416258126484998048e-01 -1.661090778666751699e+00 9.442751425244101660e-02 6.366679427802441893e+00 2.885450579393256110e-01 -5.581316094708289599e-01 -1.931083697201904648e-01 -1.615293310847013830e-01 2.142376512826259793e-01 2.302458033954113692e-01 -1.703792292924305174e-01 -2.966266438928852889e-01 3.015480052411970702e-01 -1.079753956770143769e-01 -2.017570154813739525e-01 3.652168995722741007e-01 1.528471378771853184e-01 -2.841503744999674952e-01 -3.797154117509804472e-02 -1.035451414671712117e-01 -9.476764091475112575e-03 5.813729187081728700e-02 1.938897231393604467e-02 -6.350468331644923969e-01 -1.708748918412810736e-01 -2.694295200083334230e-01 -1.714722069189453524e-01 -8.744979916380452023e-02 -1.083498299487885286e-02 -3.300520229339122535e-02 -3.858707559985701252e-01 1.547910657376528054e-01 1.197574286888403866e-01 -1.074605027647142358e-01 -7.224261558710295961e-02 2.256355418368451438e-01 1.043759283161072027e-02 1.591804344629192680e-01 -2.554343476688700210e-01
2.989477334568764744e-01 1.199639351054446607e-01 2.785335872546225167e-01 -1.288024499844905080e+00 2.885450579393256110e-01 6.912298981379580098e+00 1.061351006977407918e+00 -1.592490552652053193e+00 -8.311321571080956261e-01 -1.530302714229034300e-01 -1.023057268753185395e-01 -3.791678740138455517e-01 -4.225464421475551569e-01 2.054084064283068500e-01 -1.816725751933944699e-01 -2.471998388255115808e-01 -3.542901393690256473e-01 -1.089811215904448322e-01 1.059387168314635669e-01 -1.672885388196767575e-01 2.659378351228908754e-01 1.091113931367790613e-01 -3.246940637356761084e-01 -6.665740916771377422e-02 3.149959869109628108e-01 3.994029206120319753e-01 3.293293800018245315e-02 -2.167608582633706871e-01 -1.326906851017462252e-01 3.158751471651292664e-01 -1.478405467568296161e-01 4.201815702868865604e-02 -5.101657771741135300e-03 -7.735955221922092770e-03 2.038199205824764160e-01 2.281199604478321707e-01 -2.320696486177210305e-01 -7.574860982987911828e-02 2.021855393656667998e-01 6.741191234718769965e-02
1.073983184872099872e-01 1.845872859702187285e-01 -8.080299237929487732e-02 -4.981801305600125906e-01 -5.581316094708289599e-01 1.061351006977407918e+00 6.283144252558323650e+00 8.079266387858976550e-01 -1.745316007528445512e+00 -1.466546127246088627e-01 5.318651362478838546e-02 -1.516710796920646420e-01 -2.186007183256883646e-01 5.712204146495886842e-02 1.623677179068407916e-01 1.060883152376579375e-01 -1.607315480956289788e-01 -1.555560258624198444e-01 1.554850887430744844e-01 -1.046315545362127425e-01 1.019968143469447697e-01 2.566001872076293169e-02 -2.051630741575621517e-02 6.896817206445591489e-04 -2.420597084330637083e-01 -8.290413456406400816e-02 2.112082006865282913e-01 -5.858471315840036581e-02 5.395027854326386874e-02 4.696407870737166063e-02 4.478088034123268307e-02 4.139577745466288539e-01 5.426639390542633418e-02 -3.498652799769654265e-01 2.056006336988036864e-01 4.088248678849836781e-01 9.983800038081473704e-02 1.794079879522636478e-01 -1.719423894186416502e-01 1.294804077641055762e-01
4.115618254612010002e-02 -2.252245605022407393e-01 -1.391799697000307701e-01 -1.946715390147361058e-01 -1.931083697201904648e-01 -1.592490552652053193e+00 8.079266387858976550e-01 8.330944633341358596e+00 1.166114508136518735e+00 -1.467261574772107391e+00 -6.580049389029228868e-01 8.275643291514270250e-02 4.557606253460825818e-01 2.013467673366308164e-01 -1.376180153225351477e-01 4.738751400055553169e-03 -2.426174820721651096e-02 6.226991771670947057e-03 -1.776445202353048314e-01 -1.376138226758419070e-01 7.282569386462352246e-02 -6.652336226852845202e-02 1.182223019040671771e-02 6.759549415031460007e-02 1.268155031026228438e-02 -1.252962921666853913e-01 -1.541883428582980498e-01 4.884370894992838552e-02 2.191155941531263418e-01 -7.778899817018310181e-02 -1.701966389190854023e-01 2.366386237652765012e-01 -1.077358861270071438e-01 5.038008987358403440e-03 -3.466272933858771665e-01 -3.832882718536369249e-02 2.219037853884373301e-01 2.126325739669709947e-01 1.723812973917245306e-01 6.855360629653564630e-02
2.566436196354621724e-01 -1.074302851306283141e-01 1.057861413743372003e-01 3.886944507461554399e-01 -1.615293310847013830e-01 -8.311321571080956261e-01 -1.745316007528445512e+00 1.166114508136518735e+00 7.676664262403171790e+00 7.467851537200853596e-01 -1.582004607889713865e+00 -1.372504570655793121e-01 2.532815027253966234e-01 8.748286633530477641e-02 1.995928546797213210e-01 2.364078052704118860e-01 -1.632272971976131068e-02 -2.092643606094581055e-01 1.484716308874500235e-01 -1.260150370406854237e-01 5.271334100716495996e-02 -1.428859516621719394e-01 1.330226150881745964e-02 2.024554303862276805e-01 3.091430267464824189e-01 1.972670162433436958e-01 -2.010067375377223853e-01 -3.728114994918358405e-01 1.211382113513731068e-01 6.907793268241586848e-02 1.579237266740878554e-01 -9.684984499490344179e-02 -2.569506444918898125e-01 1.223224956145350650e-01 -4.753449668002090317e-02 -5.478971698965767745e-01 -1.367673817715440443e-01 1.496692925534788554e-01 6.474810084095132534e-02 -2.246523897854241225e-01
1.863428509478590456e-01 2.867706131157025246e-02 -3.795160693702411686e-02 3.907809763649228163e-02 2.142376512826259793e-01 -1.530302714229034300e-01 -1.466546127246088627e-01 -1.467261574772107391e+00 7.467851537200853596e-01 7.352397404577288853e+00 -2.348642009141936604e-01 -1.664306166360910444e+00 2.366735204684886074e-02 2.832720601846218100e-01 4.884737786936185766e-02 3.610544819203992395e-01 1.459612284143512184e-01 -3.022546807865404972e-01 1.371638040069838027e-01 6.990557700228547389e-02 -2.433462305752946142e-01 -2.350813650950684119e-01 1.031429020762141269e-01 1.755236919451741151e-01 -2.653065262398442981e-01 1.346459057350869182e-01 -8.815466627042549408e-02 -1.821138935794154867e-01 -2.874378505875880840e-01 -2.183361963300103729e-03 9.070828188587588825e-02 6.768867967361699711e-02 4.013649221052097843e-02 4.526155262759315456e-02 -2.072227844970075394e-01 7.849739808002770269e-02 4.274416231294351221e-01 -3.305796618672675324e-02 -2.166544618792471399e-01 6.848604344507014385e-02
-2.348217289572510913e-01 2.350953441742148764e-01 -2.812413394983425685e-01 1.971713774026757626e-01 2.302458033954113692e-01 -1.023057268753185395e-01 5.318651362478838546e-02 -6.580049389029228868e-01 -1.582004607889713865e+00 -2.348642009141936604e-01 7.906339045602645221e+00 5.534919978737006252e-01 -1.723063253326398980e+00 -4.687117230270121393e-01 -2.927793540921229676e-01 3.514522034683320029e-01 9.627624048811379842e-03 -2.478277918736217500e-01 1.129278995164861160e-01 -2.291625255972710995e-01 2.160345770046949720e-01 -7.599555990302563069e-03 3.094692956310379772e-01 -9.818626778181897830e-02 3.773839714640579990e-01 1.719530585361017383e-01 7.197961030060800319e-03 2.906649007533511075e-01 -2.606223376542237125e-01 -8.553230211106946368e-02 -1.775889043916880627e-01 -5.626533697889843366e-02 8.833304528800453581e-02 -2.451986869071166517e-02 9.309130846563385894e-03 -5.652648604063757916e-03 -4.212585053523511952e-02 7.333996052069363669e-02 -5.324965790337232718e-02 8.212429319675090822e-02
3.192791963284560830e-01 -7.883911016379853420e-02 -6.860265983065630402e-02 -1.488570052808519117e-01 -1.703792292924305174e-01 -3.791678740138455517e-01 -1.516710796920646420e-01 8.275643291514270250e-02 -1.372504570655793121e-01 -1.664306166360910444e+00 5.534919978737006252e-01 7.307373430546860504e+00 3.752415131449811647e-01 -1.332340274516564005e+00 -1.737187736130340887e-01 -1.467166810541341848e-01 -7.281935205552403367e-02 2.136487927225768635e-01 -5.105354597813111656e-02 9.975183004692018962e-02 -2.393777887021077133e-02 4.104461595207156699e-02 2.248172520566300570e-01 1.042728116813748662e-01 -6.168419336675853154e-02 -4.104300245733134150e-02 1.467284408000537818e-02 -8.198310343715366211e-02 -4.922226078249204717e-02 1.081701950340789448e-01 1.693948320686957110e-01 5.197212632616968198e-02 -1.857588727852352017e-01 3.472758440672928382e-01 4.181837505062475924e-02 -1.405115920389815309e-01 -2.158656909675627511e-01 -1.026017236887492440e-01 -1.064212535443817033e-02 -6.452690923884163432e-02
-7.133903529836414792e-02 -1.057080343598472139e-01 3.750766738946851864e-01 1.351915765633162625e-01 -2.966266438928852889e-01 -4.225464421475551569e-01 -2.186007183256883646e-01 4.557606253460825818e-01 2.532815027253966234e-01 2.366735204684886074e-02 -1.723063253326398980e+00 3.752415131449811647e-01 7.876455955429544353e+00 7.287984673682318393e-01 -1.384419244325236109e+00 -3.754962564834327110e-02 7.310002070494298065e-02 3.917286205703801941e-03 3.500731684492320861e-01 1.483146758357489214e-01 -3.966572822393996806e-02 2.576291859777913099e-02 2.212119623710716992e-02 -1.747284416693274667e-01 -9.012840515869165181e-02 1.612772535067746316e-01 -6.513263780442340133e-03 7.249166758686355350e-02 -1.153365003074405259e-02 -1.826638916812470259e-01 -1.479034988654993610e-01 3.122026474041557711e-02 -1.059212747762161150e-01 3.943908539916391454e-01 1.275949392404471527e-01 -2.306670821002687333e-01 -1.883581964438237333e-01 1.575024058330804985e-03 3.471095883014803651e-01 -3.059833137622142152e-02
-2.480268113701090127e-01 2.734455859350569673e-01 2.639298623399298771e-01 -1.534981416742811910e-01 3.015480052411970702e-01 2.054084064283068500e-01 5.712204146495886842e-02 2.013467673366308164e-01 8.748286633530477641e-02 2.832720601846218100e-01 -4.687117230270121393e-01 -1.332340274516564005e+00 7.287984673682318393e-01 7.278184986130503908e+00 3.084795570305983725e-01 -1.410331412619124869e+00 1.383329422202664305e-01 -2.732397448002554796e-02 -1.277563152865784646e-01 -1.770617925217847499e-02 -6.766572959414005051e-02 -1.594189194413877381e-02 -6.809431497933672583e-02 2.105610825727062263e-01 -1.122027089237241509e-01 2.486526128749184938e-01 4.676762473820962329e-01 1.445581983303569351e-01 -4.346259798013311637e-01 -1.793937110306803862e-01 -3.402113147809170818e-02 -3.081611246852132835e-01 3.358159564563546057e-02 7.932744445966657953e-02 -6.184247163775475481e-02 -2.559953463263882067e-01 1.277587099761081091e-01 1.721423384400351253e-01 6.998326803058087242e-02 -2.836204434511641614e-01
-2.896247509323439107e-01 -3.092291303981689610e-02 -1.514793400201101814e-01 9.297694906687314909e-02 -1.079753956770143769e-01 -1.816725751933944699e-01 1.623677179068407916e-01 -1.376180153225351477e-01 1.995928546797213210e-01 4.884737786936185766e-02 -2.927793540921229676e-01 -1.737187736130340887e-01 -1.384419244325236109e+00 3.084795570305983725e-01 6.883336024228731809e+00 1.474696679663085319e-01 -1.580318910214910666e+00 -5.901254229608077218e-01 1.320237273009794432e-01 2.283361332880754491e-01 -3.283438474200436330e-01 3.103406932397761442e-01 -2.931961119409156116e-02 2.271273300884630864e-01 8.424647315976917239e-02 -5.880560589524243265e-02 -1.807821196877417713e-01 -8.128694174072711651e-03 8.146415005875431992e-02 4.121022940438049953e-01 3.102438450621879465e-02 2.838436183865188436e-02 -1.824835838847216340e-01 -9.605076289721689586e-02 6.324179190863762900e-02 -8.431160987541960750e-02 -7.846784975829289646e-03 2.964782662995711915e-01 1.486423901254829982e-01 2.430367470840631150e-01
1.242418268897117345e-01 2.359749879240882753e-01 2.425308857609425901e-03 -3.170168240895950007e-02 -2.017570154813739525e-01 -2.471998388255115808e-01 1.060883152376579375e-01 4.738751400055553169e-03 2.364078052704118860e-01 3.610544819203992395e-01 3.514522034683320029e-01 -1.467166810541341848e-01 -3.754962564834327110e-02 -1.410331412619124869e+00 1.474696679663085319e-01 7.850399123373390964e+00 4.959073796344469209e-01 -1.579385566735557189e+00 3.624094548695185880e-01 -1.716381283728538876e-01 -2.313051496600791040e-02 1.421859912707348905e-01 -2.021742152098594120e-02 8.217379052629537883e-02 6.002599853189839740e-02 -5.194910038163608190e-01 -2.275794832036058535e-01 2.996811939966965987e-02 1.784473183171045862e-01 1.059837354205073329e-01 -2.289112968292862094e-01 2.708012517056949675e-01 3.051534504056765962e-01 -6.448439502601852752e-03 -3.100675778607597799e-01 -9.799748423102236372e-02 2.875555762474166568e-02 3.582182364953000187e-02 -1.588811555037608070e-01 5.036691713001055504e-02
-1.845797093649138021e-01 -1.121630964376788137e-01 1.671614211002974693e-01 -2.636489449538811577e-02 3.652168995722741007e-01 -3.542901393690256473e-01 -1.607315480956289788e-01 -2.426174820721651096e-02 -1.632272971976131068e-02 1.459612284143512184e-01 9.627624048811379842e-03 -7.281935205552403367e-02 7.310002070494298065e-02 1.383329422202664305e-01 -1.580318910214910666e+00 4.959073796344469209e-01 6.375551815696528735e+00 5.304624712561937239e-01 -8.362375032922713114e-01 -2.476904270447197742e-01 -2.318652052771514455e-02 -1.471430870721841810e-01 1.529249502526277560e-01 1.452620441348016489e-01 -1.963452026707778186e-01 -1.631356371038355235e-01 1.511284501886168974e-01 -1.433226888424964651e-01 1.399803653670153580e-01 1.666208578255522210e-01 3.113444485457991795e-01 -7.378302494895777608e-02 4.670676230918759109e-02 -7.944863285956779708e-02 -3.161796407105041951e-01 1.980784625157246404e-01 2.758060583466315219e-01 1.572132623513030139e-02 3.527237087401871030e-01 -2.027769367071745599e-01
8.437050863424438996e-02 -5.951777855335758927e-02 -1.287674676570334242e-01 2.577520331157420186e-01 1.528471378771853184e-01 -1.089811215904448322e-01 -1.555560258624198444e-01 6.226991771670947057e-03 -2.092643606094581055e-01 -3.022546807865404972e-01 -2.478277918736217500e-01 2.136487927225768635e-01 3.917286205703801941e-03 -2.732397448002554796e-02 -5.901254229608077218e-01 -1.579385566735557189e+00 5.304624712561937239e-01 6.549169152716337372e+00 2.751145968104478645e-01 -1.738629218663348075e+00 -7.920521600707597365e-02 -6.198790055674550936e-02 -2.139215957694406423e-01 3.991259868936324756e-02 -4.972062777681729960e-03 -4.664766676036184723e-02 4.714453840022145986e-02 4.765975590044337074e-02 2.736351584100095158e-01 -4.295856410785901108e-02 2.462413134526840741e-01 8.880400163764849697e-02 3.328820670505685531e-01 1.193748569586893932e-01 -1.208166724866474584e-01 -1.706504248381633670e-01 -2.444017960807875339e-02 -2.906325280717989568e-01 3.115583815365978171e-01 2.358752663878319611e-01
3.613915534179889533e-01 6.443648538844741480e-02 -3.521246103306644587e-02 2.975825087119912324e-02 -2.841503744999674952e-01 1.059387168314635669e-01 1.554850887430744844e-01 -1.776445202353048314e-01 1.484716308874500235e-01 1.371638040069838027e-01 1.129278995164861160e-01 -5.105354597813111656e-02 3.500731684492320861e-01 -1.277563152865784646e-01 1.320237273009794432e-01 3.624094548695185880e-01 -8.362375032922713114e-01 2.751145968104478645e-01 5.848237020344287274e+00 1.351369094710192786e-01 -9.721062733904892728e-01 5.202625452563622299e-02 -1.423075496430497265e-02 2.487453194017983094e-01 1.106664007600351440e-01 -2.228415466472600526e-01 -1.327909354711806211e-01 6.576514899244075008e-02 1.252200236282076107e-01 -6.857583887442464388e-02 1.485243223453867716e-02 -1.353786799958011100e-01 -8.633632386466517233e-03 1.772971651515749258e-01 2.891651098850707147e-01 -8.720051926871469697e-03 1.921593039485278986e-01 -1.533181165955289083e-01 -2.352783242962784849e-01 4.255833333877215852e-01
-1.403543353092422119e-01 -4.519105086580831737e-02 -1.937379341784397357e-01 -3.588469162137162410e-02 -3.797154117509804472e-02 -1.672885388196767575e-01 -1.046315545362127425e-01 -1.376138226758419070e-01 -1.260150370406854237e-01 6.990557700228547389e-02 -2.291625255972710995e-01 9.975183004692018962e-02 1.483146758357489214e-01 -1.770617925217847499e-02 2.283361332880754491e-01 -1.716381283728538876e-01 -2.476904270447197742e-01 -1.738629218663348075e+00 1.351369094710192786e-01 7.372780408844870514e+00 1.826468629388897924e-01 -9.813462762587823462e-01 1.307263423642369693e-01 -1.347914635556042018e-01 -4.918479699338108857e-02 2.310914135707681505e-01 -2.645728724074563470e-02 7.387289155349305476e-03 -4.839365493567999721e-01 2.720484362607528128e-01 2.512011217624733894e-01 -8.404978046932380653e-02 -3.739120264723492237e-01 5.943184953469159149e-02 1.647216178397844510e-01 6.903559587026049382e-02 1.250019483578565516e-02 -1.288985627048518448e-02 -5.381799816751396681e-02 -9.993814184396482281e-02
-2.434248571203938838e-01 2.238523848718510789e-01 1.959867140696554266e-01 1.238836178321612580e-01 -1.035451414671712117e-01 2.659378351228908754e-01 1.019968143469447697e-01 7.282569386462352246e-02 5.271334100716495996e-02 -2.433462305752946142e-01 2.160345770046949720e-01 -2.393777887021077133e-02 -3.966572822393996806e-02 -6.766572959414005051e-02 -3.283438474200436330e-01 -2.313051496600791040e-02 -2.318652052771514455e-02 -7.920521600707597365e-02 -9.721062733904892728e-01 1.826468629388897924e-01 6.552349899156951984e+00 4.771475978270366958e-01 -1.241495685415553440e+00 -2.530275095846028569e-02 3.541501046793586460e-01 -7.058306961033551652e-02 -1.690916919026830278e-01 -8.732890294110470797e-02 -4.616284390580367020e-02 7.529686477509717202e-02 1.842923984823613762e-02 7.510936842148475956e-02 -2.688624976657150722e-01 8.708098844411335526e-02 1.289786205536385399e-01 1.686109423619014946e-01 2.084760284288250942e-01 2.335191174194930705e-02 1.941359343216224331e-01 -1.048517986839086480e-01
-1.474132318763945668e-02 -2.514279105864359112e-02 2.034686972218184287e-01 -1.572454427204755256e-01 -9.476764091475112575e-03 1.091113931367790613e-01 2.566001872076293169e-02 -6.652336226852845202e-02 -1.428859516621719394e-01 -2.350813650950684119e-01 -7.599555990302563069e-03 4.104461595207156699e-02 2.576291859777913099e-02 -1.594189194413877381e-02 3.103406932397761442e-01 1.421859912707348905e-01 -1.471430870721841810e-01 -6.198790055674550936e-02 5.202625452563622299e-02 -9.813462762587823462e-01 4.771475978270366958e-01 6.602390836643100336e+00 5.686722257128964397e-01 -1.498349909514705036e+00 1.228366982913447689e-02 -6.520789617310801360e-03 2.670995608387911058e-01 4.232914189773025367e-03 -2.382079934496203477e-01 -2.002483279734033339e-01 3.843794036509217554e-02 2.432010671535546065e-01 6.256555927059802291e-02 2.392128528457886788e-02 -5.494616793165926077e-02 1.387001206983923540e-01 1.060486728891942010e-01 -2.376553394146847797e-02 -3.108435034183724133e-01 8.548502835927122845e-02
3.071542858621069683e-01 -5.881817174814409771e-02 -2.218597256342462187e-01 -4.751864861452042010e-01 5.813729187081728700e-02 -3.246940637356761084e-01 -2.051630741575621517e-02 1.182223019040671771e-02 1.330226150881745964e-02 1.031429020762141269e-01 3.094692956310379772e-01 2.248172520566300570e-01 2.212119623710716992e-02 -6.809431497933672583e-02 -2.931961119409156116e-02 -2.021742152098594120e-02 1.529249502526277560e-01 -2.139215957694406423e-01 -1.423075496430497265e-02 1.307263423642369693e-01 -1.241495685415553440e+00 5.686722257128964397e-01 6.912155949602058591e+00 3.419443962762097056e-01 -1.443333475118077081e+00 -2.285335943518690682e-01 -1.321248775180146329e-01 1.957964284122101217e-01 -1.990079120664624002e-01 -3.133768965512874205e-01 -9.557861621227816545e-03 8.892660833205626170e-02 4.461484187185024708e-01 -2.705928435569224799e-01 -1.219965874842967729e-01 2.518848195744347596e-01 -4.199848505401113596e-04 6.139890399190473663e-02 -6.441860872930650350e-01 -4.565149698833573244e-02
5.236270434524210177e-02 -2.958529691671147113e-02 -6.755346647144405692e-02 -4.878884940345783877e-02 1.938897231393604467e-02 -6.665740916771377422e-02 6.896817206445591489e-04 6.759549415031460007e-02 2.024554303862276805e-01 1.755236919451741151e-01 -9.818626778181897830e-02 1.042728116813748662e-01 -1.747284416693274667e-01 2.105610825727062263e-01 2.271273300884630864e-01 8.217379052629537883e-02 1.452620441348016489e-01 3.991259868936324756e-02 2.487453194017983094e-01 -1.347914635556042018e-01 -2.530275095846028569e-02 -1.498349909514705036e+00 3.419443962762097056e-01 6.821866087403818391e+00 5.678177441983719431e-01 -1.746644032612576503e+00 -7.370613868250134315e-01 2.721466041405831704e-01 3.658990889020728443e-01 5.074491562037540537e-02 -2.193597590671642616e-01 -2.843566450428137646e-02 1.561751870707323575e-01 2.357390001229197306e-03 6.452629340855393913e-02 5.198764442975589012e-02 1.967212405946028864e-01 3.829687934704000818e-01 -1.727314492169270688e-01 -3.832712101410530314e-01
2.568617874199822237e-01 -1.372262039542434253e-01 5.187616071532161893e-02 1.329447202183068645e-02 -6.350468331644923969e-01 3.149959869109628108e-01 -2.420597084330637083e-01 1.268155031026228438e-02 3.091430267464824189e-01 -2.653065262398442981e-01 3.773839714640579990e-01 -6.168419336675853154e-02 -9.012840515869165181e-02 -1.122027089237241509e-01 8.424647315976917239e-02 6.002599853189839740e-02 -1.963452026707778186e-01 -4.972062777681729960e-03 1.106664007600351440e-01 -4.918479699338108857e-02 3.541501046793586460e-01 1.228366982913447689e-02 -1.443333475118077081e+00 5.678177441983719431e-01 7.733809683159128312e+00 4.037550241964594777e-01 -9.306441220189723973e-01 3.285708605329299425e-01 -2.517831607749378975e-01 7.732104815275267495e-02 2.376640685315349610e-01 1.684664929289010904e-01 -1.797610379178126161e-01 3.429397154904192946e-02 -7.363206200230047738e-02 4.060020026668742965e-04 -7.551772758000271923e-02 -1.350307038854973718e-01 1.339183436610836553e-01 2.882938135626943454e-01
-2.323266367432836321e-01 -5.026969205551992670e-02 2.825648787285258146e-01 -1.604748168046697399e-01 -1.708748918412810736e-01 3.994029206120319753e-01 -8.290413456406400816e-02 -1.252962921666853913e-01 1.972670162433436958e-01 1.346459057350869182e-01 1.719530585361017383e-01 -4.104300245733134150e-02 1.612772535067746316e-01 2.486526128749184938e-01 -5.880560589524243265e-02 -5.194910038163608190e-01 -1.631356371038355235e-01 -4.664766676036184723e-02 -2.228415466472600526e-01 2.310914135707681505e-01 -7.058306961033551652e-02 -6.520789617310801360e-03 -2.285335943518690682e-01 -1.746644032612576503e+00 4.037550241964594777e-01 7.463781344570415754e+00 1.121370612248018706e+00 -1.056914239168727176e+00 -3.480966940057894643e-01 1.071454884539559393e-01 2.251605113546397974e-01 1.923027945398523841e-01 -1.577719761501173712e-01 5.511850644985865494e-02 2.109638845732381141e-01 9.930537204411253593e-02 -5.086705042233040652e-01 -8.033480192383334051e-02 3.365184141196909118e-01 -9.016063818233063798e-02
-1.309184701781059557e-01 -1.638308269008291809e-02 2.904712724399243773e-01 -9.930016195504128007e-02 -2.694295200083334230e-01 3.293293800018245315e-02 2.112082006865282913e-01 -1.541883428582980498e-01 -2.010067375377223853e-01 -8.815466627042549408e-02 7.197961030060800319e-03 1.467284408000537818e-02 -6.513263780442340133e-03 4.676762473820962329e-01 -1.807821196877417713e-01 -2.275794832036058535e-01 1.511284501886168974e-01 4.714453840022145986e-02 -1.327909354711806211e-01 -2.645728724074563470e-02 -1.690916919026830278e-01 2.670995608387911058e-01 -1.321248775180146329e-01 -7.370613868250134315e-01 -9.306441220189723973e-01 1.121370612248018706e+00 7.202613054130874382e+00 6.614421880999368231e-01 -1.757651946432895462e+00 -2.985434954067372471e-01 1.358286173919226181e-01 2.240888023571224741e-01 -2.434091217862934531e-01 -5.936385076897962576e-02 9.207990677790664491e-02 -1.082000103404984204e-01 1.314894036266757958e-02 2.198816776998133438e-01 -1.612698098544421421e-01 -2.831865773422482802e-01
-7.377710934877729221e-02 2.275597361323436207e-01 1.055866451428113806e-01 2.004432587644323083e-01 -1.714722069189453524e-01 -2.167608582633706871e-01 -5.858471315840036581e-02 4.884370894992838552e-02 -3.728114994918358405e-01 -1.821138935794154867e-01 2.906649007533511075e-01 -8.198310343715366211e-02 7.249166758686355350e-02 1.445581983303569351e-01 -8.128694174072711651e-03 2.996811939966965987e-02 -1.433226888424964651e-01 4.765975590044337074e-02 6.576514899244075008e-02 7.387289155349305476e-03 -8.732890294110470797e-02 4.232914189773025367e-03 1.957964284122101217e-01 2.721466041405831704e-01 3.285708605329299425e-01 -1.056914239168727176e+00 6.614421880999368231e-01 7.780078809055483546e+00 1.476309756820521624e-01 -1.732285129946204760e+00 7.296294631025146415e-02 1.376314470670717827e-01 1.727324783250355072e-02 -2.673899409189692267e-01 -9.558080216964867648e-02 -1.513451987837921009e-01 3.461341058659936909e-01 4.249726105517120378e-01 -2.817383078780708039e-01 -4.867591620113284612e-01
-1.289470919198928978e-01 1.791115619202338916e-01 1.787299468157709792e-01 -3.085217259612957896e-01 -8.744979916380452023e-02 -1.326906851017462252e-01 5.395027854326386874e-02 2.191155941531263418e-01 1.211382113513731068e-01 -2.874378505875880840e-01 -2.606223376542237125e-01 -4.922226078249204717e-02 -1.153365003074405259e-02 -4.346259798013311637e-01 8.146415005875431992e-02 1.784473183171045862e-01 1.399803653670153580e-01 2.736351584100095158e-01 1.252200236282076107e-01 -4.839365493567999721e-01 -4.616284390580367020e-02 -2.382079934496203477e-01 -1.990079120664624002e-01 3.658990889020728443e-01 -2.517831607749378975e-01 -3.480966940057894643e-01 -1.757651946432895462e+00 1.476309756820521624e-01 7.611678847186073682e+00 8.795114205289558118e-01 -1.555087654924744101e+00 -2.778784238847605836e-01 -1.736111422548878014e-01 -8.274952101663395065e-02 4.052937816434036208e-03 6.876410956026286249e-03 6.465405397846493707e-02 2.444676088201328257e-01 1.677071925371390326e-01 1.605976584184666822e-01
7.900630429759883389e-02 -1.288136180555981836e-01 -2.017010965531308431e-01 1.855553565297629326e-01 -1.083498299487885286e-02 3.158751471651292664e-01 4.696407870737166063e-02 -7.778899817018310181e-02 6.907793268241586848e-02 -2.183361963300103729e-03 -8.553230211106946368e-02 1.081701950340789448e-01 -1.826638916812470259e-01 -1.793937110306803862e-01 4.121022940438049953e-01 1.059837354205073329e-01 1.666208578255522210e-01 -4.295856410785901108e-02 -6.857583887442464388e-02 2.720484362607528128e-01 7.529686477509717202e-02 -2.002483279734033339e-01 -3.133768965512874205e-01 5.074491562037540537e-02 7.732104815275267495e-02 1.071454884539559393e-01 -2.985434954067372471e-01 -1.732285129946204760e+00 8.795114205289558118e-01 7.431560968664572719e+00 6.961631031293140648e-01 -9.417310161272108848e-01 -7.126306704275656712e-01 -6.596640462803701754e-02 4.422047918895165575e-01 3.881606725302313432e-01 -2.010541033829218172e-01 -1.068666226737858965e-01 2.970274801994671199e-01 1.852583976624337658e-01
1.846427113728602853e-01 2.512059203075967320e-02 -2.768954338256011671e-01 4.133124519506206074e-01 -3.300520229339122535e-02 -1.478405467568296161e-01 4.478088034123268307e-02 -1.701966389190854023e-01 1.579237266740878554e-01 9.070828188587588825e-02 -1.775889043916880627e-01 1.693948320686957110e-01 -1.479034988654993610e-01 -3.402113147809170818e-02 3.102438450621879465e-02 -2.289112968292862094e-01 3.113444485457991795e-01 2.462413134526840741e-01 1.485243223453867716e-02 2.512011217624733894e-01 1.842923984823613762e-02 3.843794036509217554e-02 -9.557861621227816545e-03 -2.193597590671642616e-01 2.376640685315349610e-01 2.251605113546397974e-01 1.358286173919226181e-01 7.296294631025146415e-02 -1.555087654924744101e+00 6.961631031293140648e-01 7.150199931326386427e+00 7.089948418099396577e-01 -1.512367840950388898e+00 -2.062850834280931245e-01 -9.055014394314416307e-03 6.019108691226590646e-02 -5.529156771657033342e-01 -1.076720548296611624e-01 -1.953287354044671575e-01 -1.844193611752289186e-01
-1.440518558224910817e-01 4.086441156075169834e-02 3.169563275320070317e-01 -1.699860773759773180e-01 -3.858707559985701252e-01 4.201815702868865604e-02 4.139577745466288539e-01 2.366386237652765012e-01 -9.684984499490344179e-02 6.768867967361699711e-02 -5.626533697889843366e-02 5.197212632616968198e-02 3.122026474041557711e-02 -3.081611246852132835e-01 2.838436183865188436e-02 2.708012517056949675e-01 -7.378302494895777608e-02 8.880400163764849697e-02 -1.353786799958011100e-01 -8.404978046932380653e-02 7.510936842148475956e-02 2.432010671535546065e-01 8.892660833205626170e-02 -2.843566450428137646e-02 1.684664929289010904e-01 1.923027945398523841e-01 2.240888023571224741e-01 1.376314470670717827e-01 -2.778784238847605836e-01 -9.417310161272108848e-01 7.089948418099396577e-01 7.712797513704976460e+00 9.011056935535277645e-02 -1.347880803806116301e+00 4.842115112922157349e-02 -6.247496797921563844e-02 1.338599546480745417e-01 1.864043055160943541e-01 -8.182953801902098645e-02 -1.418692728939677933e-02
1.146903974874255577e-01 1.769038203793763253e-01 -5.185144353621830293e-02 -3.079947965439098767e-01 1.547910657376528054e-01 -5.101657771741135300e-03 5.426639390542633418e-02 -1.077358861270071438e-01 -2.569506444918898125e-01 4.013649221052097843e-02 8.833304528800453581e-02 -1.857588727852352017e-01 -1.059212747762161150e-01 3.358159564563546057e-02 -1.824835838847216340e-01 3.051534504056765962e-01 4.670676230918759109e-02 3.328820670505685531e-01 -8.633632386466517233e-03 -3.739120264723492237e-01 -2.688624976657150722e-01 6.256555927059802291e-02 4.461484187185024708e-01 1.561751870707323575e-01 -1.797610379178126161e-01 -1.577719761501173712e-01 -2.434091217862934531e-01 1.727324783250355072e-02 -1.736111422548878014e-01 -7.126306704275656712e-01 -1.512367840950388898e+00 9.011056935535277645e-02 7.204282516297603856e+00 1.030470740477271052e+00 -1.692471109316681321e+00 -4.628560197086735162e-01 4.291756972595163200e-01 1.475009993065105607e-01 -1.349044288345060127e-01 -1.689543491772938222e-01
1.467101184862907026e-01 -1.793469795457719451e-02 -1.344378902570020906e-01 3.315846983804877635e-01 1.197574286888403866e-01 -7.735955221922092770e-03 -3.498652799769654265e-01 5.038008987358403440e-03 1.223224956145350650e-01 4.526155262759315456e-02 -2.451986869071166517e-02 3.472758440672928382e-01 3.943908539916391454e-01 7.932744445966657953e-02 -9.605076289721689586e-02 -6.448439502601852752e-03 -7.944863285956779708e-02 1.193748569586893932e-01 1.772971651515749258e-01 5.943184953469159149e-02 8.708098844411335526e-02 2.392128528457886788e-02 -2.705928435569224799e-01 2.357390001229197306e-03 3.429397154904192946e-02 5.511850644985865494e-02 -5.936385076897962576e-02 -2.673899409189692267e-01 -8.274952101663395065e-02 -6.596640462803701754e-02 -2.062850834280931245e-01 -1.347880803806116301e+00 1.030470740477271052e+00 7.517212152160968053e+00 5.759443219653171964e-01 -2.217320712160997687e+00 5.258424316331068438e-01 -1.685390868349679605e-01 -9.232896983588181894e-02 2.077720710447099883e-01
7.699119974496890229e-02 4.028087860779808183e-02 -2.268725233614286296e-01 1.527632980199588597e-01 -1.074605027647142358e-01 2.038199205824764160e-01 2.056006336988036864e-01 -3.466272933858771665e-01 -4.753449668002090317e-02 -2.072227844970075394e-01 9.309130846563385894e-03 4.181837505062475924e-02 1.275949392404471527e-01 -6.184247163775475481e-02 6.324179190863762900e-02 -3.100675778607597799e-01 -3.161796407105041951e-01 -1.208166724866474584e-01 2.891651098850707147e-01 1.647216178397844510e-01 1.289786205536385399e-01 -5.494616793165926077e-02 -1.219965874842967729e-01 6.452629340855393913e-02 -7.363206200230047738e-02 2.109638845732381141e-01 9.207990677790664491e-02 -9.558080216964867648e-02 4.052937816434036208e-03 4.422047918895165575e-01 -9.055014394314416307e-03 4.842115112922157349e-02 -1.692471109316681321e+00 5.759443219653171964e-01 7.721480579103210395e+00 4.569029608243909135e-01 -1.395197581900931239e+00 -2.920952269246990252e-01 -1.998993967014988105e-01 3.611136138363506554e-01
6.413319892437170655e-02 8.433632498308703263e-02 -7.858744104007658882e-02 -1.094972789413476144e-01 -7.224261558710295961e-02 2.281199604478321707e-01 4.088248678849836781e-01 -3.832882718536369249e-02 -5.478971698965767745e-01 7.849739808002770269e-02 -5.652648604063757916e-03 -1.405115920389815309e-01 -2.306670821002687333e-01 -2.559953463263882067e-01 -8.431160987541960750e-02 -9.799748423102236372e-02 1.980784625157246404e-01 -1.706504248381633670e-01 -8.720051926871469697e-03 6.903559587026049382e-02 1.686109423619014946e-01 1.387001206983923540e-01 2.518848195744347596e-01 5.198764442975589012e-02 4.060020026668742965e-04 9.930537204411253593e-02 -1.082000103404984204e-01 -1.513451987837921009e-01 6.876410956026286249e-03 3.881606725302313432e-01 6.019108691226590646e-02 -6.247496797921563844e-02 -4.628560197086735162e-01 -2.217320712160997687e+00 4.569029608243909135e-01 7.185737552035171838e+00 1.998403702818980499e-01 -9.085891114910121802e-01 -1.234498464034638060e-01 -1.763123965978550811e-01
7.088284012531019529e-02 -2.468739733081049825e-01 -6.825045679377444996e-02 2.635522245954601273e-01 2.256355418368451438e-01 -2.320696486177210305e-01 9.983800038081473704e-02 2.219037853884373301e-01 -1.367673817715440443e-01 4.274416231294351221e-01 -4.212585053523511952e-02 -2.158656909675627511e-01 -1.883581964438237333e-01 1.277587099761081091e-01 -7.846784975829289646e-03 2.875555762474166568e-02 2.758060583466315219e-01 -2.444017960807875339e-02 1.921593039485278986e-01 1.250019483578565516e-02 2.084760284288250942e-01 1.060486728891942010e-01 -4.199848505401113596e-04 1.967212405946028864e-01 -7.551772758000271923e-02 -5.086705042233040652e-01 1.314894036266757958e-02 3.461341058659936909e-01 6.465405397846493707e-02 -2.010541033829218172e-01 -5.529156771657033342e-01 1.338599546480745417e-01 4.291756972595163200e-01 5.258424316331068438e-01 -1.395197581900931239e+00 1.998403702818980499e-01 7.737007588875192354e+00 1.001216018489928583e+00 -1.881525814715196754e+00 1.393301490938329834e-01
2.121472175287028306e-01 7.262976467757842336e-02 -4.775407010510198530e-02 -2.134051631821459738e-01 1.043759283161072027e-02 -7.574860982987911828e-02 1.794079879522636478e-01 2.126325739669709947e-01 1.496692925534788554e-01 -3.305796618672675324e-02 7.333996052069363669e-02 -1.026017236887492440e-01 1.575024058330804985e-03 1.721423384400351253e-01 2.964782662995711915e-01 3.582182364953000187e-02 1.572132623513030139e-02 -2.906325280717989568e-01 -1.533181165955289083e-01 -1.288985627048518448e-02 2.335191174194930705e-02 -2.376553394146847797e-02 6.139890399190473663e-02 3.829687934704000818e-01 -1.350307038854973718e-01 -8.033480192383334051e-02 2.198816776998133438e-01 4.249726105517120378e-01 2.444676088201328257e-01 -1.068666226737858965e-01 -1.076720548296611624e-01 1.864043055160943541e-01 1.475009993065105607e-01 -1.685390868349679605e-01 -2.920952269246990252e-01 -9.085891114910121802e-01 1.001216018489928583e+00 7.203346844055968035e+00 -8.842204512260022631e-02 -1.554544892451710902e+00
-1.293985779322977869e+00 -3.569829087266778722e-01 -1.111149312242524778e-01 3.927576588799504276e-02 1.591804344629192680e-01 2.021855393656667998e-01 -1.719423894186416502e-01 1.723812973917245306e-01 6.474810084095132534e-02 -2.166544618792471399e-01 -5.324965790337232718e-02 -1.064212535443817033e-02 3.471095883014803651e-01 6.998326803058087242e-02 1.486423901254829982e-01 -1.588811555037608070e-01 3.527237087401871030e-01 3.115583815365978171e-01 -2.352783242962784849e-01 -5.381799816751396681e-02 1.941359343216224331e-01 -3.108435034183724133e-01 -6.441860872930650350e-01 -1.727314492169270688e-01 1.339183436610836553e-01 3.365184141196909118e-01 -1.612698098544421421e-01 -2.817383078780708039e-01 1.677071925371390326e-01 2.970274801994671199e-01 -1.953287354044671575e-01 -8.182953801902098645e-02 -1.349044288345060127e-01 -9.232896983588181894e-02 -1.998993967014988105e-01 -1.234498464034638060e-01 -1.881525814715196754e+00 -8.842204512260022631e-02 7.824054841381776093e+00 1.080735206399845438e-01
