7.539409587680903968e+00 4.372806570738582144e-01 -1.580434900980201673e+00 -2.296716023228061176e-01 -2.108114724207989787e-01 -4.781107045247579707e-02 1.702278832543334952e-01 3.952393712264213321e-01 -2.361819362178916443e-02 1.212853098594005030e-01 -4.984586881882311915e-01 1.523229235317771491e-01 -1.562207139749799689e-01 -1.128096717757258310e-01 1.149580710756819973e-01 -1.706055406512960448e-01 -9.331453797127875482e-02 -1.440930883922277861e-01 2.993149730377735462e-01 4.179639081464939232e-01 -2.521146840597867644e-01 -1.777119425265686337e-01 1.306067961853621673e-01 -2.089869985195502433e-01 2.043010772693394372e-01 1.954854527013984433e-01 1.794618669169052161e-01 9.571913655751324024e-02 -8.289009423766816043e-02 1.823677461039184267e-01 -1.209046474025957246e-01 7.911023995060419145e-02 -2.810507878306330726e-03 -5.301975146574528647e-02 -1.758933889310805299e-01 5.277735456639750383e-02 -1.410516445626593396e-01 -1.877024101296842218e-01 -8.899625852544569282e-01 3.520044931155628665e-01
4.372806570738582144e-01 7.237247024398159922e+00 4.384304432995879686e-01 -1.502864659072568276e+00 -5.485642860011992195e-01 3.066397503369731603e-01 3.508562167832382506e-02 -4.147120390570929738e-01 -7.599038927019902134e-02 2.380143408060683002e-02 -2.241944684380103858e-01 -3.613538733961739191e-01 4.513185374248318560e-02 5.127752648447889694e-01 1.069230344367585600e-01 -4.154452659246514190e-01 3.112656912209714188e-01 -2.645128234430912939e-01 1.066643589427718336e-01 8.761663782352036023e-02 3.718834472046413375e-01 1.661621527771842133e-01 -2.555632626776700445e-01 -2.436519402984120564e-01 1.781743748026194396e-01 -4.208914042814233120e-02 -1.544172249805685626e-01 1.116298082148805271e-01 1.376108866948707599e-01 1.694972777611579995e-01 -4.615040424306713490e-02 2.497420622691924608e-02 2.541711257349971165e-01 4.214530785491708564e-01 1.210860018367791446e-01 -6.226700232475896463e-02 4.112940530470025197e-02 1.047796154294072281e-02 -5.793943145226618796e-01 -1.716829690234738193e+00
-1.580434900980201673e+00 4.384304432995879686e-01 7.136317011041489522e+00 1.684885785656778101e-01 -1.753067342419285524e+00 1.055264159475592933e-01 3.824883110852719814e-02 -1.563534006795967157e-01 -2.431207966672575165e-04 5.104322754450257849e-02 2.814307006941514921e-01 -1.026276511773252242e-01 1.374676795312270994e-01 1.178237810809822650e-01 -7.785544811512863650e-02 2.546876992490866576e-02 3.433956929379717304e-01 -9.497276415144366435e-02 -2.420407897813437459e-01 -1.289788747140558078e-01 7.987089728346971618e-02 9.931814031715624491e-02 -2.403120434101856939e-01 2.333635635275616016e-02 -3.264334391649474365e-01 3.070690224709012083e-04 1.213542381203467323e-02 -2.577679495715341496e-01 -3.955632757306247471e-02 3.175125587145115058e-01 2.380698297812128272e-01 3.121043163543912313e-01 -1.017019010213195129e-01 -8.910322478165502713e-02 -3.798528253239143171e-02 -7.641719709991610932e-02 -6.746430613847693991e-02 -5.233572037061537396e-02 -4.486196252647855348e-02 7.415133273391047442e-02
-2.296716023228061176e-01 -1.502864659072568276e+00 1.684885785656778101e-01 6.650055793454703768e+00 -2.814386498672322712e-01 -1.766162932185302292e+00 -4.626885497050166052e-01 -2.306869800759958622e-01 8.043727875985702547e-02 -1.935680587292941401e-01 3.422879210810596540e-01 2.089212226174844700e-01 -2.327346592635891609e-01 -5.194285848405074679e-01 -6.388696327149086251e-02 7.748832685300710565e-02 -1.474149632684368938e-01 1.172598377531565012e-01 3.587438951154000438e-02 2.475508932830490783e-01 -4.286473014397150505e-02 2.963155527999993682e-02 -3.722796229717030836e-01 1.294561118713257256e-02 -3.153317825869185742e-01 3.382341950155765692e-02 2.694465309591043134e-02 -7.540870122524313823e-02 3.834120341705019031e-02 -2.167983093143281692e-01 4.572302044421844847e-01 7.105027609107597564e-02 -2.400341238573144020e-01 1.612152163266122595e-01 2.387537811015086053e-01 -6.900756068259196463e-02 -1.172321257851082210e-01 3.684857786656013379e-01 3.769780074772547951e-01 -8.282971899336773192e-02
-2.108114724207989787e-01 -5.485642860011992195e-01 -1.753067342419285524e+00 -2.814386498672322712e-01 7.146355926958557703e+00 6.646185379759314005e-01 -8.398478434700809014e-01 -8.608130121187534955e-02 2.941000654042582596e-01 4.366124961442547359e-01 -2.326306555784755925e-01 -6.115761647321741323e-01 -2.355174629846423784e-01 1.195885252743169036e-01 -9.736442079681040251e-02 -1.783307405739910922e-01 -3.802445094299294892e-02 -9.407735505104933282e-02 6.202507439501230707e-02 -1.117248690050375165e-01 -2.947339444466929859e-01 -3.428772565523908744e-01 1.825595480801166792e-01 3.778644725014936867e-01 -7.125369415143434360e-02 -8.897589960581155435e-03 -3.884684986540369589e-02 -1.443647717075262349e-01 1.134380973171675161e-01 3.046717980316526742e-03 1.218938980976900371e-01 5.170601941309146445e-03 -1.237876787657730543e-01 -2.140757202374676538e-01 2.771839284687524843e-02 2.456209657003468119e-02 2.005710882824660035e-01 -2.878644306693767252e-02 -1.278731997407908938e-01 -4.932867869496749408e-02
-4.781107045247579707e-02 3.066397503369731603e-01 1.055264159475592933e-01 -1.766162932185302292e+00 6.646185379759314005e-01 7.304505716013165895e+00 1.091658738889562885e+00 -1.294901020023593530e+00 -8.403333528140669584e-01 -1.959973083350081968e-01 1.134923342338736568e-01 -3.431306425361175805e-01 -2.597012639327523353e-01 -4.880686730900121728e-02 -2.676450835904979897e-01 -2.945397392875999110e-01 3.430603282387826442e-02 1.209241049870247858e-01 2.396450685078586607e-01 -2.217792408355205303e-01 2.551065650698640108e-01 -4.708525094686683010e-02 -1.073439025359682747e-01 -7.561656683921114119e-02 4.672521398043670282e-01 -6.619813444019241079e-03 -5.815588036278248468e-02 4.037796911057783128e-02 6.669129831635692285e-02 3.511841313392540243e-01 -2.701485483970182955e-01 -1.669610782383935121e-01 -1.952774755106163884e-01 4.156219621433734912e-01 3.001159160338406351e-01 1.728626840422297153e-02 9.113164635726218876e-02 -6.095755304033738664e-01 -4.190880231055947869e-01 -7.330513844239960886e-02
1.702278832543334952e-01 3.508562167832382506e-02 3.824883110852719814e-02 -4.626885497050166052e-01 -8.398478434700809014e-01 1.091658738889562885e+00 7.896662162959996678e+00 6.445758573770336008e-01 -2.201649595718128349e+00 3.376655818561138389e-01 3.879572235287962606e-02 -3.627332728714126597e-01 -2.637304810354092477e-01 -3.445482617445151385e-01 -1.344096552289063273e-02 4.165592946886381709e-02 7.584401471640551951e-02 -8.663720632442854785e-03 -2.464103037702370380e-01 -6.628741624275291677e-02 2.023848260183421233e-01 -2.233311251928422059e-01 1.608008028714904836e-01 -2.308652673782000675e-01 4.221313131355980408e-02 -2.143291057445503578e-01 -7.807389964403846361e-02 -1.893115918935121822e-01 -4.451697175999584644e-02 -1.822855188179671737e-01 2.142055247724022060e-01 3.293351113660701879e-01 1.019821007881657332e-01 -4.114533884963830213e-01 1.875275617651400162e-01 6.409404287253526178e-01 2.191116653733588271e-01 -1.120131849853022998e-01 -1.390459155075818576e-01 1.028003624552574491e-01
3.952393712264213321e-01 -4.147120390570929738e-01 -1.563534006795967157e-01 -2.306869800759958622e-01 -8.608130121187534955e-02 -1.294901020023593530e+00 6.445758573770336008e-01 8.355258532584384668e+00 9.210601316382156512e-01 -1.517032340439116389e+00 -6.504246989258813949e-01 3.208994794619497437e-01 3.647845687568977424e-01 -1.165130457615001607e-02 4.729363401490697949e-02 -3.825155147890479945e-01 1.270499793323418281e-01 -1.238578983323342236e-01 -3.864487692459555035e-01 -4.394699529296920010e-02 -3.670130987645705417e-02 -2.664795927681419541e-02 3.026216454450753740e-02 2.605652789547405201e-02 -1.011195684185514643e-01 2.069966950826044455e-02 -1.739456918674458369e-02 -5.609685212245132946e-02 1.606745604901475555e-01 -3.734260442827367910e-01 -1.759281377007502816e-03 1.026035981220647236e-01 -9.058247669401994773e-02 -3.521278117095777982e-01 -9.646150235148077956e-02 2.283795326530944081e-01 1.911149634536172537e-01 2.114137647773707829e-01 6.014383543503533380e-02 -1.838836154803328571e-01
-2.361819362178916443e-02 -7.599038927019902134e-02 -2.431207966672575165e-04 8.043727875985702547e-02 2.941000654042582596e-01 -8.403333528140669584e-01 -2.201649595718128349e+00 9.210601316382156512e-01 8.975186283061891146e+00 6.817522342247629430e-01 -1.913376333732840218e+00 -2.733588940975105741e-01 2.778555485266152592e-01 4.702378031306140849e-01 -4.033855888923791599e-02 -1.341356910109801071e-01 1.521380410999049748e-01 4.584727206668935684e-02 6.328237559686224895e-03 -6.207499978505545690e-02 -1.693887393873108604e-01 1.272839433046913105e-01 -3.067497934116798428e-02 3.676951621992798902e-01 -1.880287078815877089e-01 2.054110378029971318e-01 -2.201434286984953470e-01 -4.419005838845355139e-02 3.207243845885736078e-01 2.837525886136869624e-01 -3.629985232304682730e-01 -2.026846961092267779e-02 -3.900542429508959130e-01 -1.083647597438756882e-01 2.668537711146921620e-01 -2.157262765569212259e-01 -4.113045807072596843e-02 -2.512185306646643190e-01 -9.256807074842554606e-02 4.028937790335050673e-02
1.212853098594005030e-01 2.380143408060683002e-02 5.104322754450257849e-02 -1.935680587292941401e-01 4.366124961442547359e-01 -1.959973083350081968e-01 3.376655818561138389e-01 -1.517032340439116389e+00 6.817522342247629430e-01 8.170234327608405067e+00 -2.292253380133803253e-01 -1.399539785816316995e+00 -2.527155339996606243e-01 -1.355573583351535674e-02 -2.546592496457554811e-01 4.033751755622709823e-01 2.730449090886967189e-01 -3.187861457844718971e-01 -1.394884641083306565e-01 -2.109032080079996097e-01 1.188891392370810679e-01 1.974521654689846417e-01 2.295100960268786627e-01 2.701834366299213919e-01 -1.859784732792261752e-01 -4.459601366269689837e-01 -4.960133380150362759e-01 -1.652374694449509629e-01 4.855288390194231751e-01 2.655257469657844593e-01 -2.559878888282025033e-01 2.458830708370071672e-02 1.383907485892276190e-01 1.724327072096800695e-01 1.847927242566771155e-01 1.968895868224399825e-01 4.665937946243325918e-02 1.710660246975787557e-01 -1.066393630912556949e-02 -1.513145771309041543e-01
-4.984586881882311915e-01 -2.241944684380103858e-01 2.814307006941514921e-01 3.422879210810596540e-01 -2.326306555784755925e-01 1.134923342338736568e-01 3.879572235287962606e-02 -6.504246989258813949e-01 -1.913376333732840218e+00 -2.292253380133803253e-01 8.702037168565535552e+00 9.705154952437848870e-01 -1.418165512316027499e+00 -8.033191675618447380e-01 1.138751873834026596e-01 9.833403442233350500e-01 1.982353662794761329e-01 3.166986072638715288e-02 4.586034747507160975e-02 -4.761007220768027903e-02 3.172020600305690552e-01 1.789217845810602558e-01 -5.472096466718280316e-01 3.039240132577415363e-02 1.472198471827729782e-01 -2.585464073058891810e-01 2.973485317799055144e-02 -3.704799221711151114e-03 -2.115693520554383367e-01 7.209227953319230497e-02 4.360052043275785549e-01 4.553896440471756624e-02 -1.442716086390409824e-01 1.722093715067835595e-01 1.744229783724691729e-01 -2.529711387237484899e-01 -3.952493257913676228e-01 3.140783108805963453e-01 -5.190693066133266614e-02 -2.085192051347458005e-03
1.523229235317771491e-01 -3.613538733961739191e-01 -1.026276511773252242e-01 2.089212226174844700e-01 -6.115761647321741323e-01 -3.431306425361175805e-01 -3.627332728714126597e-01 3.208994794619497437e-01 -2.733588940975105741e-01 -1.399539785816316995e+00 9.705154952437848870e-01 7.640295787258229332e+00 9.526441507398734077e-01 -1.502153340059872333e+00 -9.370148951909612611e-02 7.673118066856260411e-02 -3.720400036633839114e-02 1.977839048917545139e-01 1.624060102794035176e-01 -7.343308313403858201e-02 -1.920556885275372383e-01 1.165741848866412717e-01 -4.337970687488786337e-01 -1.189329164250030879e-01 8.951044937940014212e-02 -7.516528312629734698e-02 7.422786253419164093e-02 -3.987732788630938413e-02 -7.629868421516865229e-02 -1.591216106645317596e-01 1.965638783201628381e-01 4.039248832111356213e-01 2.724438677782345386e-01 1.509689530620742237e-01 7.679066863229097595e-02 -5.486374558155495684e-01 -1.346525065589868064e-01 -1.008689649126291304e-01 1.903502665489258117e-01 6.512798363809700619e-02
-1.562207139749799689e-01 4.513185374248318560e-02 1.374676795312270994e-01 -2.327346592635891609e-01 -2.355174629846423784e-01 -2.597012639327523353e-01 -2.637304810354092477e-01 3.647845687568977424e-01 2.778555485266152592e-01 -2.527155339996606243e-01 -1.418165512316027499e+00 9.526441507398734077e-01 8.206662175199749498e+00 1.013812221377655254e+00 -1.539268649768592567e+00 -4.091317797433214887e-01 6.584717656862075497e-02 -1.505030379341348590e-01 -4.825348600410881567e-02 7.604457817226600858e-02 5.961074554854903576e-03 8.914668295485346505e-02 1.293541429093579553e-01 -1.359315174876073451e-01 -1.350998150686888999e-01 1.726018369557367482e-01 -4.515933440371356355e-01 2.225952992310084866e-01 1.917886283111060741e-01 -4.706699958800061867e-02 -1.584220269628420774e-01 -3.196371714991849688e-01 2.232715384729891117e-01 1.732699087543139796e-02 1.910009198371762917e-01 -8.666673745846688315e-02 -2.394725009592590936e-01 -7.506166305948616668e-02 -2.207809156919282242e-02 2.548429367813760393e-01
-1.128096717757258310e-01 5.127752648447889694e-01 1.178237810809822650e-01 -5.194285848405074679e-01 1.195885252743169036e-01 -4.880686730900121728e-02 -3.445482617445151385e-01 -1.165130457615001607e-02 4.702378031306140849e-01 -1.355573583351535674e-02 -8.033191675618447380e-01 -1.502153340059872333e+00 1.013812221377655254e+00 8.293947194770783682e+00 5.030275560912359500e-01 -1.599489458663928554e+00 -2.275623027850805224e-01 -1.214227974738047722e-01 2.458826845522900928e-01 -2.678279949771201780e-03 2.824595317419733576e-01 -1.002794009915242701e-01 3.235447840668478348e-01 1.158756395046443427e-01 -3.785118443074844130e-01 2.953497963788556668e-01 2.090955369984292822e-01 -2.641179270278384839e-01 1.847003077819621697e-01 9.611349617080036656e-02 -7.135431298287704394e-01 -7.642176060112487734e-01 -1.578655120110232790e-01 9.271110024535948301e-04 5.297956024257931967e-03 1.036297948269505331e-01 1.945574868005566505e-01 -3.045431153466290897e-01 -1.800110290247661782e-01 2.911137166731508907e-01
1.149580710756819973e-01 1.069230344367585600e-01 -7.785544811512863650e-02 -6.388696327149086251e-02 -9.736442079681040251e-02 -2.676450835904979897e-01 -1.344096552289063273e-02 4.729363401490697949e-02 -4.033855888923791599e-02 -2.546592496457554811e-01 1.138751873834026596e-01 -9.370148951909612611e-02 -1.539268649768592567e+00 5.030275560912359500e-01 7.694063621158083066e+00 5.572135257310820711e-01 -1.993269893596706366e+00 -4.784393927836641525e-01 1.064223162725297378e-01 4.491013419183593758e-01 -2.279865387087041950e-01 -3.209000071692069134e-01 6.433625313908941656e-02 -3.003555150707697963e-01 -5.427197411087003598e-02 3.976654065144062944e-01 1.794474583570734166e-02 -3.022238960436228195e-01 2.379911303493195684e-01 -2.773333192623609333e-01 -2.613805057533964971e-01 1.703038565223131406e-01 1.071236149063556353e-01 2.747907676114452746e-01 -3.936708516116114720e-01 1.240561860502424757e-01 1.902629332891787317e-01 -2.618673324933399882e-01 -2.006933799344856328e-01 1.224828644207607981e-01
-1.706055406512960448e-01 -4.154452659246514190e-01 2.546876992490866576e-02 7.748832685300710565e-02 -1.783307405739910922e-01 -2.945397392875999110e-01 4.165592946886381709e-02 -3.825155147890479945e-01 -1.341356910109801071e-01 4.033751755622709823e-01 9.833403442233350500e-01 7.673118066856260411e-02 -4.091317797433214887e-01 -1.599489458663928554e+00 5.572135257310820711e-01 8.436573757512432437e+00 2.284368578379802617e-01 -1.453435960859737142e+00 2.161792511928804436e-02 -2.827021838959548061e-01 -2.778893860771388669e-01 2.926679705398249065e-01 2.298396511388740571e-01 -1.996115942440471885e-02 -1.612636416098544856e-01 -2.701076606634100763e-01 -3.376916936117994594e-01 -1.706450733998597924e-01 3.332564073145975470e-01 5.313586653816090299e-01 -2.834018896787458552e-01 1.184097939287768603e-01 1.770846163958433583e-01 -9.010808601694111561e-03 -2.520017283219049276e-01 1.343179077266734578e-01 1.798600381209994326e-01 3.096475916176918419e-01 -7.998122918367119027e-02 -1.056205553361162786e-01
-9.331453797127875482e-02 3.112656912209714188e-01 3.433956929379717304e-01 -1.474149632684368938e-01 -3.802445094299294892e-02 3.430603282387826442e-02 7.584401471640551951e-02 1.270499793323418281e-01 1.521380410999049748e-01 2.730449090886967189e-01 1.982353662794761329e-01 -3.720400036633839114e-02 6.584717656862075497e-02 -2.275623027850805224e-01 -1.993269893596706366e+00 2.284368578379802617e-01 7.383687538050319077e+00 6.181506155795405411e-01 -1.387174273998092566e+00 -8.166926797524405313e-01 1.247366470384217996e-01 5.218975520503574828e-01 1.717810985055010786e-01 5.104944164862705858e-01 1.073614055676087725e-01 -5.403896749830919832e-01 -2.031470304015276229e-01 5.846397486162856899e-02 -2.665669550195486903e-01 -4.639750615264086053e-01 1.078820279867895131e-02 3.659664816317475394e-02 1.939663843037240168e-02 4.667156423667537246e-02 -9.329550422047809544e-02 2.145020026682816217e-01 2.376183933306632579e-01 2.151311936631981891e-01 -2.982834177811281157e-02 -4.518662793563572033e-01
-1.440930883922277861e-01 -2.645128234430912939e-01 -9.497276415144366435e-02 1.172598377531565012e-01 -9.407735505104933282e-02 1.209241049870247858e-01 -8.663720632442854785e-03 -1.238578983323342236e-01 4.584727206668935684e-02 -3.187861457844718971e-01 3.166986072638715288e-02 1.977839048917545139e-01 -1.505030379341348590e-01 -1.214227974738047722e-01 -4.784393927836641525e-01 -1.453435960859737142e+00 6.181506155795405411e-01 7.436401531160671041e+00 6.173072340252444556e-01 -1.761632378734465654e+00 -1.170067938428355214e-01 -2.106163528077242830e-01 -3.461376313263895416e-02 1.547167623529509817e-01 3.327434060283330775e-01 -3.393981292637945901e-01 8.350475069192928035e-02 3.201461242276756880e-01 9.002156406996596194e-02 1.240097754199111640e-01 3.198916434179621682e-01 -1.957599820270049529e-01 -1.347844480169114179e-01 -2.973295196684532238e-01 -1.520167710695518870e-01 -1.477918803013958116e-01 5.240907454130615956e-02 -8.059688329618486247e-02 -2.524197708432899256e-01 4.606466173038771816e-01
2.993149730377735462e-01 1.066643589427718336e-01 -2.420407897813437459e-01 3.587438951154000438e-02 6.202507439501230707e-02 2.396450685078586607e-01 -2.464103037702370380e-01 -3.864487692459555035e-01 6.328237559686224895e-03 -1.394884641083306565e-01 4.586034747507160975e-02 1.624060102794035176e-01 -4.825348600410881567e-02 2.458826845522900928e-01 1.064223162725297378e-01 2.161792511928804436e-02 -1.387174273998092566e+00 6.173072340252444556e-01 7.197410405408350087e+00 8.452462785092085262e-01 -1.695395916046560592e+00 -3.801072731815902106e-01 -2.594626226784808587e-01 -6.991953135465864277e-02 9.965118968824877854e-02 -1.991596495032798286e-01 -1.103029955090245040e-01 -3.729942700880217038e-02 1.496092965152577836e-01 2.179980378305636790e-01 -3.968198490949457341e-02 9.953307974057740148e-02 -4.195501313327699155e-01 -2.597314022820159662e-01 -1.645431137137553790e-01 2.177833615945291845e-01 -2.088907969280388022e-01 -4.743310503317943461e-01 -8.168602196596423670e-03 4.867349075727332441e-01
4.179639081464939232e-01 8.761663782352036023e-02 -1.289788747140558078e-01 2.475508932830490783e-01 -1.117248690050375165e-01 -2.217792408355205303e-01 -6.628741624275291677e-02 -4.394699529296920010e-02 -6.207499978505545690e-02 -2.109032080079996097e-01 -4.761007220768027903e-02 -7.343308313403858201e-02 7.604457817226600858e-02 -2.678279949771201780e-03 4.491013419183593758e-01 -2.827021838959548061e-01 -8.166926797524405313e-01 -1.761632378734465654e+00 8.452462785092085262e-01 8.167111995159663351e+00 6.458584945912893005e-02 -1.753302071405165252e+00 -2.820564253806267380e-02 -4.096973827769188614e-01 -2.639331814736965431e-01 1.552102596518326050e-01 1.873924721824477002e-01 -1.794705529827388679e-01 -2.774721427697759424e-01 7.973061072983389508e-02 -1.463835412755550014e-01 3.308679468785671318e-01 -7.697387700777051645e-02 1.269562430781710494e-01 2.343560336012836254e-01 1.091594541971979693e-01 -2.882082969027083830e-01 -4.419601552004650546e-01 -1.905986346060236092e-01 1.966658243291196095e-01
-2.521146840597867644e-01 3.718834472046413375e-01 7.987089728346971618e-02 -4.286473014397150505e-02 -2.947339444466929859e-01 2.551065650698640108e-01 2.023848260183421233e-01 -3.670130987645705417e-02 -1.693887393873108604e-01 1.188891392370810679e-01 3.172020600305690552e-01 -1.920556885275372383e-01 5.961074554854903576e-03 2.824595317419733576e-01 -2.279865387087041950e-01 -2.778893860771388669e-01 1.247366470384217996e-01 -1.170067938428355214e-01 -1.695395916046560592e+00 6.458584945912893005e-02 8.016468683388236371e+00 6.403735803310185437e-01 -1.284614493245475497e+00 -3.728047600091949354e-01 9.072306314651057413e-02 1.323867526105929615e-01 5.294890436077059892e-02 2.040968399958900670e-01 -4.192425609860175872e-01 -1.280223246398595471e-01 7.354183359443690338e-02 3.201283691212749027e-01 -3.219415226245506689e-01 1.158157706343536236e-01 8.778924598519126377e-02 3.619018706505765515e-01 1.924172639052996459e-01 2.074166108270124043e-01 -2.956728251010894426e-01 -3.245230472308812675e-01
-1.777119425265686337e-01 1.661621527771842133e-01 9.931814031715624491e-02 2.963155527999993682e-02 -3.428772565523908744e-01 -4.708525094686683010e-02 -2.233311251928422059e-01 -2.664795927681419541e-02 1.272839433046913105e-01 1.974521654689846417e-01 1.789217845810602558e-01 1.165741848866412717e-01 8.914668295485346505e-02 -1.002794009915242701e-01 -3.209000071692069134e-01 2.926679705398249065e-01 5.218975520503574828e-01 -2.106163528077242830e-01 -3.801072731815902106e-01 -1.753302071405165252e+00 6.403735803310185437e-01 7.837684151334569194e+00 3.421930616902558731e-01 -1.309295328500133415e+00 8.927415460797208380e-02 3.172698191731119360e-02 2.605077923459735434e-01 2.163532252714817639e-01 -3.671292099480154003e-01 -1.582961173484115636e-01 1.658373643606266268e-01 2.979757112835557664e-01 -1.943164135772985357e-01 1.645203248078042912e-01 1.982258739891671825e-02 2.411650318529370562e-01 2.294296629326983694e-01 8.817555321519920941e-02 -1.273500531446601636e-01 -5.448008361921380382e-01
1.306067961853621673e-01 -2.555632626776700445e-01 -2.403120434101856939e-01 -3.722796229717030836e-01 1.825595480801166792e-01 -1.073439025359682747e-01 1.608008028714904836e-01 3.026216454450753740e-02 -3.067497934116798428e-02 2.295100960268786627e-01 -5.472096466718280316e-01 -4.337970687488786337e-01 1.293541429093579553e-01 3.235447840668478348e-01 6.433625313908941656e-02 2.298396511388740571e-01 1.717810985055010786e-01 -3.461376313263895416e-02 -2.594626226784808587e-01 -2.820564253806267380e-02 -1.284614493245475497e+00 3.421930616902558731e-01 7.549225654774973648e+00 4.494878952901314451e-01 -1.516548448908938918e+00 -8.456629573684802670e-02 2.553424406722172302e-01 1.128805126079243937e-01 -1.949360753357505249e-01 -1.657800099225471280e-01 -4.210390085408960981e-01 1.086876249857922361e-01 6.021299767681790316e-01 2.018131387693308798e-01 -1.610925937229197025e-01 -2.623571393854498557e-01 -2.472054978204604181e-01 -2.064029290154603680e-01 -5.590446950355559136e-02 4.345499163337318560e-01
-2.089869985195502433e-01 -2.436519402984120564e-01 2.333635635275616016e-02 1.294561118713257256e-02 3.778644725014936867e-01 -7.561656683921114119e-02 -2.308652673782000675e-01 2.605652789547405201e-02 3.676951621992798902e-01 2.701834366299213919e-01 3.039240132577415363e-02 -1.189329164250030879e-01 -1.359315174876073451e-01 1.158756395046443427e-01 -3.003555150707697963e-01 -1.996115942440471885e-02 5.104944164862705858e-01 1.547167623529509817e-01 -6.991953135465864277e-02 -4.096973827769188614e-01 -3.728047600091949354e-01 -1.309295328500133415e+00 4.494878952901314451e-01 7.118788334011455277e+00 7.518996728596966106e-01 -1.661451765796664981e+00 -4.003332795412225531e-01 7.992580893675053921e-02 6.320426678919481844e-01 -4.099061264183761349e-02 -5.314348949853582305e-01 4.569556021712629090e-01 -1.733737819131469030e-02 -5.203719633243130555e-02 1.042714267814247170e-01 -1.240150018941550691e-01 -6.905323963135721888e-02 1.535338968525319925e-01 -1.331745589320022793e-01 1.103021495013480485e-01
2.043010772693394372e-01 1.781743748026194396e-01 -3.264334391649474365e-01 -3.153317825869185742e-01 -7.125369415143434360e-02 4.672521398043670282e-01 4.221313131355980408e-02 -1.011195684185514643e-01 -1.880287078815877089e-01 -1.859784732792261752e-01 1.472198471827729782e-01 8.951044937940014212e-02 -1.350998150686888999e-01 -3.785118443074844130e-01 -5.427197411087003598e-02 -1.612636416098544856e-01 1.073614055676087725e-01 3.327434060283330775e-01 9.965118968824877854e-02 -2.639331814736965431e-01 9.072306314651057413e-02 8.927415460797208380e-02 -1.516548448908938918e+00 7.518996728596966106e-01 8.061450748164608271e+00 3.766856255777785711e-01 -1.315071958666109042e+00 3.961770627120484584e-02 5.527177513859741348e-02 1.722141495992000615e-01 7.585200981056428038e-02 1.670297880245569522e-01 -2.818326162091979170e-01 -1.287476781871474962e-01 1.879548572402423565e-04 -2.652934323621420343e-01 1.213402054457420887e-01 4.983719120699448557e-01 -8.261354877919825646e-02 -2.094018891585661124e-01
1.954854527013984433e-01 -4.208914042814233120e-02 3.070690224709012083e-04 3.382341950155765692e-02 -8.897589960581155435e-03 -6.619813444019241079e-03 -2.143291057445503578e-01 2.069966950826044455e-02 2.054110378029971318e-01 -4.459601366269689837e-01 -2.585464073058891810e-01 -7.516528312629734698e-02 1.726018369557367482e-01 2.953497963788556668e-01 3.976654065144062944e-01 -2.701076606634100763e-01 -5.403896749830919832e-01 -3.393981292637945901e-01 -1.991596495032798286e-01 1.552102596518326050e-01 1.323867526105929615e-01 3.172698191731119360e-02 -8.456629573684802670e-02 -1.661451765796664981e+00 3.766856255777785711e-01 7.198073935849984117e+00 9.317166677215509285e-01 -9.285855627927708245e-01 -3.710965466331161977e-01 4.491548823808301505e-02 1.326649139279373613e-01 -1.617443720391879280e-01 -2.087123753440865426e-01 2.478050591322468466e-01 -9.073830147066848373e-02 -1.554085371503141806e-02 5.076251995457079121e-03 1.042485085853156468e-02 9.074910239089405140e-02 2.857642257204627903e-03
1.794618669169052161e-01 -1.544172249805685626e-01 1.213542381203467323e-02 2.694465309591043134e-02 -3.884684986540369589e-02 -5.815588036278248468e-02 -7.807389964403846361e-02 -1.739456918674458369e-02 -2.201434286984953470e-01 -4.960133380150362759e-01 2.973485317799055144e-02 7.422786253419164093e-02 -4.515933440371356355e-01 2.090955369984292822e-01 1.794474583570734166e-02 -3.376916936117994594e-01 -2.031470304015276229e-01 8.350475069192928035e-02 -1.103029955090245040e-01 1.873924721824477002e-01 5.294890436077059892e-02 2.605077923459735434e-01 2.553424406722172302e-01 -4.003332795412225531e-01 -1.315071958666109042e+00 9.317166677215509285e-01 7.635204292008038074e+00 1.073712838588912533e+00 -1.971561066005952378e+00 -4.258323505242991303e-01 2.243967331565683287e-01 9.354031800490697490e-02 -1.197626492791709352e-01 1.563693957547697411e-01 1.578390829496521819e-01 -1.818007700738555610e-01 -2.568657343997613265e-02 -3.267305688212376880e-02 1.784915504173511802e-01 5.822317779399217574e-01
9.571913655751324024e-02 1.116298082148805271e-01 -2.577679495715341496e-01 -7.540870122524313823e-02 -1.443647717075262349e-01 4.037796911057783128e-02 -1.893115918935121822e-01 -5.609685212245132946e-02 -4.419005838845355139e-02 -1.652374694449509629e-01 -3.704799221711151114e-03 -3.987732788630938413e-02 2.225952992310084866e-01 -2.641179270278384839e-01 -3.022238960436228195e-01 -1.706450733998597924e-01 5.846397486162856899e-02 3.201461242276756880e-01 -3.729942700880217038e-02 -1.794705529827388679e-01 2.040968399958900670e-01 2.163532252714817639e-01 1.128805126079243937e-01 7.992580893675053921e-02 3.961770627120484584e-02 -9.285855627927708245e-01 1.073712838588912533e+00 8.080325972532930834e+00 2.866692977613023996e-01 -1.787779647871722721e+00 3.039615076300373198e-01 6.197533807556430269e-02 1.368343171496607877e-02 -4.290982621250450518e-02 -5.256107024337338673e-01 -4.883776902270106635e-01 2.260973153010758518e-01 5.208519650691931929e-02 3.907790170271450286e-02 8.482144625567633600e-02
-8.289009423766816043e-02 1.376108866948707599e-01 -3.955632757306247471e-02 3.834120341705019031e-02 1.134380973171675161e-01 6.669129831635692285e-02 -4.451697175999584644e-02 1.606745604901475555e-01 3.207243845885736078e-01 4.855288390194231751e-01 -2.115693520554383367e-01 -7.629868421516865229e-02 1.917886283111060741e-01 1.847003077819621697e-01 2.379911303493195684e-01 3.332564073145975470e-01 -2.665669550195486903e-01 9.002156406996596194e-02 1.496092965152577836e-01 -2.774721427697759424e-01 -4.192425609860175872e-01 -3.671292099480154003e-01 -1.949360753357505249e-01 6.320426678919481844e-01 5.527177513859741348e-02 -3.710965466331161977e-01 -1.971561066005952378e+00 2.866692977613023996e-01 8.393663164097926455e+00 5.230497974560325281e-01 -1.599151438055174346e+00 -1.810553500814461036e-01 -1.512901104091188553e-01 -2.407752133058706223e-01 -1.753390900263092876e-03 1.099379458310128510e-01 2.307587331187057889e-01 -2.424983297970400575e-01 4.088640296625451476e-01 -4.609115385100846785e-02
1.823677461039184267e-01 1.694972777611579995e-01 3.175125587145115058e-01 -2.167983093143281692e-01 3.046717980316526742e-03 3.511841313392540243e-01 -1.822855188179671737e-01 -3.734260442827367910e-01 2.837525886136869624e-01 2.655257469657844593e-01 7.209227953319230497e-02 -1.591216106645317596e-01 -4.706699958800061867e-02 9.611349617080036656e-02 -2.773333192623609333e-01 5.313586653816090299e-01 -4.639750615264086053e-01 1.240097754199111640e-01 2.179980378305636790e-01 7.973061072983389508e-02 -1.280223246398595471e-01 -1.582961173484115636e-01 -1.657800099225471280e-01 -4.099061264183761349e-02 1.722141495992000615e-01 4.491548823808301505e-02 -4.258323505242991303e-01 -1.787779647871722721e+00 5.230497974560325281e-01 8.038778119479903950e+00 5.629924616180694841e-01 -8.059118511248305472e-01 -1.332625515414141537e+00 1.535477644527199204e-01 9.989500431423320448e-01 -1.145209942678163673e-01 -3.824547702644167657e-01 -1.411754897925422692e-01 3.956171898358634698e-02 3.222981201019223252e-01
-1.209046474025957246e-01 -4.615040424306713490e-02 2.380698297812128272e-01 4.572302044421844847e-01 1.218938980976900371e-01 -2.701485483970182955e-01 2.142055247724022060e-01 -1.759281377007502816e-03 -3.629985232304682730e-01 -2.559878888282025033e-01 4.360052043275785549e-01 1.965638783201628381e-01 -1.584220269628420774e-01 -7.135431298287704394e-01 -2.613805057533964971e-01 -2.834018896787458552e-01 1.078820279867895131e-02 3.198916434179621682e-01 -3.968198490949457341e-02 -1.463835412755550014e-01 7.354183359443690338e-02 1.658373643606266268e-01 -4.210390085408960981e-01 -5.314348949853582305e-01 7.585200981056428038e-02 1.326649139279373613e-01 2.243967331565683287e-01 3.039615076300373198e-01 -1.599151438055174346e+00 5.629924616180694841e-01 7.629523202501772516e+00 5.826445451492531236e-01 -1.898008011490260882e+00 -2.032890613445746397e-01 -4.637594298596212083e-01 -4.269462078729784893e-01 -8.313612209455510660e-02 4.369115538269297550e-01 2.378662414352060994e-01 -5.379375636733509936e-01
7.911023995060419145e-02 2.497420622691924608e-02 3.121043163543912313e-01 7.105027609107597564e-02 5.170601941309146445e-03 -1.669610782383935121e-01 3.293351113660701879e-01 1.026035981220647236e-01 -2.026846961092267779e-02 2.458830708370071672e-02 4.553896440471756624e-02 4.039248832111356213e-01 -3.196371714991849688e-01 -7.642176060112487734e-01 1.703038565223131406e-01 1.184097939287768603e-01 3.659664816317475394e-02 -1.957599820270049529e-01 9.953307974057740148e-02 3.308679468785671318e-01 3.201283691212749027e-01 2.979757112835557664e-01 1.086876249857922361e-01 4.569556021712629090e-01 1.670297880245569522e-01 -1.617443720391879280e-01 9.354031800490697490e-02 6.197533807556430269e-02 -1.810553500814461036e-01 -8.059118511248305472e-01 5.826445451492531236e-01 8.806873030331596297e+00 3.630337101203714445e-01 -1.478418335386771920e+00 -2.598211208367355307e-01 -3.501587508978238478e-02 1.102100200442545225e-01 -2.629013245804322496e-01 1.887100334760864195e-01 -8.001473472552170230e-02
-2.810507878306330726e-03 2.541711257349971165e-01 -1.017019010213195129e-01 -2.400341238573144020e-01 -1.237876787657730543e-01 -1.952774755106163884e-01 1.019821007881657332e-01 -9.058247669401994773e-02 -3.900542429508959130e-01 1.383907485892276190e-01 -1.442716086390409824e-01 2.724438677782345386e-01 2.232715384729891117e-01 -1.578655120110232790e-01 1.071236149063556353e-01 1.770846163958433583e-01 1.939663843037240168e-02 -1.347844480169114179e-01 -4.195501313327699155e-01 -7.697387700777051645e-02 -3.219415226245506689e-01 -1.943164135772985357e-01 6.021299767681790316e-01 -1.733737819131469030e-02 -2.818326162091979170e-01 -2.087123753440865426e-01 -1.197626492791709352e-01 1.368343171496607877e-02 -1.512901104091188553e-01 -1.332625515414141537e+00 -1.898008011490260882e+00 3.630337101203714445e-01 9.094113579817024728e+00 9.837122437992233959e-01 -1.780758652261281938e+00 -4.562489014466645232e-01 4.097829737560630958e-01 -3.615909695416659742e-01 2.169119847556531464e-02 2.656633059366936833e-01
-5.301975146574528647e-02 4.214530785491708564e-01 -8.910322478165502713e-02 1.612152163266122595e-01 -2.140757202374676538e-01 4.156219621433734912e-01 -4.114533884963830213e-01 -3.521278117095777982e-01 -1.083647597438756882e-01 1.724327072096800695e-01 1.722093715067835595e-01 1.509689530620742237e-01 1.732699087543139796e-02 9.271110024535948301e-04 2.747907676114452746e-01 -9.010808601694111561e-03 4.667156423667537246e-02 -2.973295196684532238e-01 -2.597314022820159662e-01 1.269562430781710494e-01 1.158157706343536236e-01 1.645203248078042912e-01 2.018131387693308798e-01 -5.203719633243130555e-02 -1.287476781871474962e-01 2.478050591322468466e-01 1.563693957547697411e-01 -4.290982621250450518e-02 -2.407752133058706223e-01 1.535477644527199204e-01 -2.032890613445746397e-01 -1.478418335386771920e+00 9.837122437992233959e-01 7.945415493061316781e+00 -4.845557340359800402e-02 -2.031151527100879317e+00 2.087782986266380203e-01 8.578081044206001260e-02 -1.508763921654978357e-01 -1.657012038104138663e-01
-1.758933889310805299e-01 1.210860018367791446e-01 -3.798528253239143171e-02 2.387537811015086053e-01 2.771839284687524843e-02 3.001159160338406351e-01 1.875275617651400162e-01 -9.646150235148077956e-02 2.668537711146921620e-01 1.847927242566771155e-01 1.744229783724691729e-01 7.679066863229097595e-02 1.910009198371762917e-01 5.297956024257931967e-03 -3.936708516116114720e-01 -2.520017283219049276e-01 -9.329550422047809544e-02 -1.520167710695518870e-01 -1.645431137137553790e-01 2.343560336012836254e-01 8.778924598519126377e-02 1.982258739891671825e-02 -1.610925937229197025e-01 1.042714267814247170e-01 1.879548572402423565e-04 -9.073830147066848373e-02 1.578390829496521819e-01 -5.256107024337338673e-01 -1.753390900263092876e-03 9.989500431423320448e-01 -4.637594298596212083e-01 -2.598211208367355307e-01 -1.780758652261281938e+00 -4.845557340359800402e-02 8.352390568001869298e+00 5.100859992268234056e-01 -1.411202720763421237e+00 -3.334649448546687101e-01 -3.710774196597884655e-01 3.229943659768488295e-01
5.277735456639750383e-02 -6.226700232475896463e-02 -7.641719709991610932e-02 -6.900756068259196463e-02 2.456209657003468119e-02 1.728626840422297153e-02 6.409404287253526178e-01 2.283795326530944081e-01 -2.157262765569212259e-01 1.968895868224399825e-01 -2.529711387237484899e-01 -5.486374558155495684e-01 -8.666673745846688315e-02 1.036297948269505331e-01 1.240561860502424757e-01 1.343179077266734578e-01 2.145020026682816217e-01 -1.477918803013958116e-01 2.177833615945291845e-01 1.091594541971979693e-01 3.619018706505765515e-01 2.411650318529370562e-01 -2.623571393854498557e-01 -1.240150018941550691e-01 -2.652934323621420343e-01 -1.554085371503141806e-02 -1.818007700738555610e-01 -4.883776902270106635e-01 1.099379458310128510e-01 -1.145209942678163673e-01 -4.269462078729784893e-01 -3.501587508978238478e-02 -4.562489014466645232e-01 -2.031151527100879317e+00 5.100859992268234056e-01 8.004880070939750070e+00 2.506788761453860870e-01 -7.416501324954289931e-01 -1.430113221548432734e-01 -2.814323598601885523e-01
-1.410516445626593396e-01 4.112940530470025197e-02 -6.746430613847693991e-02 -1.172321257851082210e-01 2.005710882824660035e-01 9.113164635726218876e-02 2.191116653733588271e-01 1.911149634536172537e-01 -4.113045807072596843e-02 4.665937946243325918e-02 -3.952493257913676228e-01 -1.346525065589868064e-01 -2.394725009592590936e-01 1.945574868005566505e-01 1.902629332891787317e-01 1.798600381209994326e-01 2.376183933306632579e-01 5.240907454130615956e-02 -2.088907969280388022e-01 -2.882082969027083830e-01 1.924172639052996459e-01 2.294296629326983694e-01 -2.472054978204604181e-01 -6.905323963135721888e-02 1.213402054457420887e-01 5.076251995457079121e-03 -2.568657343997613265e-02 2.260973153010758518e-01 2.307587331187057889e-01 -3.824547702644167657e-01 -8.313612209455510660e-02 1.102100200442545225e-01 4.097829737560630958e-01 2.087782986266380203e-01 -1.411202720763421237e+00 2.506788761453860870e-01 7.200751709210002183e+00 7.184098681452628643e-01 -1.166170044495486779e+00 -5.175028040088477388e-01
-1.877024101296842218e-01 1.047796154294072281e-02 -5.233572037061537396e-02 3.684857786656013379e-01 -2.878644306693767252e-02 -6.095755304033738664e-01 -1.120131849853022998e-01 2.114137647773707829e-01 -2.512185306646643190e-01 1.710660246975787557e-01 3.140783108805963453e-01 -1.008689649126291304e-01 -7.506166305948616668e-02 -3.045431153466290897e-01 -2.618673324933399882e-01 3.096475916176918419e-01 2.151311936631981891e-01 -8.059688329618486247e-02 -4.743310503317943461e-01 -4.419601552004650546e-01 2.074166108270124043e-01 8.817555321519920941e-02 -2.064029290154603680e-01 1.535338968525319925e-01 4.983719120699448557e-01 1.042485085853156468e-02 -3.267305688212376880e-02 5.208519650691931929e-02 -2.424983297970400575e-01 -1.411754897925422692e-01 4.369115538269297550e-01 -2.629013245804322496e-01 -3.615909695416659742e-01 8.578081044206001260e-02 -3.334649448546687101e-01 -7.416501324954289931e-01 7.184098681452628643e-01 7.289673407151325613e+00 2.851683224543123396e-01 -1.888478950884429963e+00
-8.899625852544569282e-01 -5.793943145226618796e-01 -4.486196252647855348e-02 3.769780074772547951e-01 -1.278731997407908938e-01 -4.190880231055947869e-01 -1.390459155075818576e-01 6.014383543503533380e-02 -9.256807074842554606e-02 -1.066393630912556949e-02 -5.190693066133266614e-02 1.903502665489258117e-01 -2.207809156919282242e-02 -1.800110290247661782e-01 -2.006933799344856328e-01 -7.998122918367119027e-02 -2.982834177811281157e-02 -2.524197708432899256e-01 -8.168602196596423670e-03 -1.905986346060236092e-01 -2.956728251010894426e-01 -1.273500531446601636e-01 -5.590446950355559136e-02 -1.331745589320022793e-01 -8.261354877919825646e-02 9.074910239089405140e-02 1.784915504173511802e-01 3.907790170271450286e-02 4.088640296625451476e-01 3.956171898358634698e-02 2.378662414352060994e-01 1.887100334760864195e-01 2.169119847556531464e-02 -1.508763921654978357e-01 -3.710774196597884655e-01 -1.430113221548432734e-01 -1.166170044495486779e+00 2.851683224543123396e-01 7.122867051945302563e+00 9.022914575646503454e-01
