6.620609301524553736e+00 6.232594907164935583e-01 -1.201959146123099842e+00 -1.838190744984621317e-01 1.455939199196607248e-01 -5.458995319434654242e-02 -1.162300164416571746e-01 2.811707473911218558e-01 5.021403593661253328e-01 1.250297422728152696e-01 -3.358857573014371600e-01 1.313000652317554244e-02 1.108495076423841458e-01 2.282354776823170700e-02 8.091940304576757115e-02 -6.780229649598681907e-02 -9.214927880852566422e-02 -8.281012442143007024e-02 -2.700838859132932549e-04 5.550254101205425589e-02 -3.081036883766377632e-01 8.215679944009039726e-02 1.607703028674756229e-01 -1.162549773226410552e-02 -7.721717288562920944e-02 -1.277926160994642124e-01 -1.769621093498603345e-02 -2.820417864870065627e-01 -3.414300075266715750e-01 1.221720506225218161e-01 1.628910437548070633e-01 -1.054503231537914920e-01 -1.136908942823645075e-01 2.809233132333880528e-02 2.961637846476801103e-02 1.975661484765000586e-01 -2.288553575756935576e-01 -2.834836995465487841e-01 -1.158032986397491637e+00 -4.245821858488976058e-02
6.232594907164935583e-01 6.176742664139680983e+00 4.188834170655170164e-01 -1.376298782054533376e+00 -9.605384314738972529e-02 4.085296580754329554e-01 8.321953392128131344e-02 -2.366182412492862930e-01 2.075446156925550567e-02 4.535428134555886670e-01 -1.156770122063442013e-01 -1.895317003343376661e-01 3.151837398004371238e-01 9.062213815943973017e-02 -3.870041257238899385e-02 -1.192822141990856066e-01 1.198137006105586266e-01 -1.737640975504050889e-01 -2.754345165571417953e-01 -8.914277178632556628e-03 -1.614866153149547776e-02 3.171981190427645703e-01 1.104533289442509586e-01 -1.983618316981275997e-01 1.734154796398357512e-01 -9.017485124238000527e-02 -3.157208234309705208e-01 1.073367981725160958e-01 1.262611689136151072e-01 -1.370860563956483591e-01 -2.261937674706732959e-01 -1.002648090010919459e-02 1.768764211506627104e-01 1.426581105119683821e-02 1.134642213821659279e-01 1.701998505390777960e-01 -1.600365290975942212e-01 -1.103546501433346969e-02 -7.572238753783379073e-01 -1.729197344410216663e+00
-1.201959146123099842e+00 4.188834170655170164e-01 5.668761058930094521e+00 1.999576179384096597e-01 -1.764159942365623124e+00 5.261286476041364679e-01 2.064242410143948547e-01 -3.205808743120923121e-01 -4.629727355793013255e-02 2.005793524940642225e-01 1.344812361763730590e-01 -1.266100686893498195e-01 4.311473588664535561e-02 1.135536755155775943e-02 7.215715649454908405e-03 1.915771199727243079e-01 1.992921771690065735e-01 -2.619794287191671289e-01 -7.677765979004357033e-02 -3.524414494104131240e-02 -1.370595875191878144e-01 -9.733077221800132128e-02 -1.407956928584938039e-01 2.318169035366625386e-02 3.126309462856458610e-01 7.840769681065505592e-02 7.828148806212127664e-02 4.566575965196318504e-02 -2.011819823030526755e-01 5.104724078426332856e-02 -3.974674819407068155e-02 2.200713324358927470e-01 1.130799456956939619e-01 1.104678434687432070e-01 1.865822359502915945e-02 -1.965845419042054065e-01 -1.962681898914679923e-01 2.663632748435204034e-01 2.540664618352277415e-01 2.730873506101468839e-01
-1.838190744984621317e-01 -1.376298782054533376e+00 1.999576179384096597e-01 5.602903819841986710e+00 -3.303655678509734295e-02 -1.214839778837233375e+00 1.027156269181440651e-01 2.754436760377032903e-02 -2.324172018597303602e-01 -1.054997219842219169e-01 3.014835059585809218e-01 2.916880340239604852e-01 2.006262519468441086e-01 -1.646435622693568079e-01 -1.486124563479302996e-01 3.611493121422730268e-01 -2.126610543030948153e-01 3.018330083641570030e-02 1.844450140108248315e-01 -3.002194814962610286e-02 1.234435825818131910e-01 -5.228097353589718221e-02 -8.569567568879962738e-02 1.043176350383236486e-02 -6.956874993792303008e-02 -9.392294341513472700e-02 -5.838442968153079865e-02 -2.433342900916877494e-01 -1.155695123394078622e-01 3.673783361087349375e-01 1.008893944866259412e-01 -6.028935059148466530e-03 -1.734289804253065503e-01 -8.744700981898560072e-03 2.306518196262576370e-01 6.011399203590900298e-02 -5.354614260453743890e-02 1.191291619873281610e-01 2.844800606089737394e-01 2.462994455727317983e-02
1.455939199196607248e-01 -9.605384314738972529e-02 -1.764159942365623124e+00 -3.303655678509734295e-02 6.446669321349498105e+00 3.578732498292028219e-01 -6.405606395820255816e-01 -4.023234370623336442e-01 -1.418364326531237896e-01 3.915609083607845542e-01 2.966764623472199491e-01 -1.809011268900818925e-01 -9.585180538564065655e-02 -4.441562208252707727e-02 2.225525570694722732e-01 -2.370891625726135044e-01 2.060081636856199161e-01 2.958132243100403125e-01 7.257065286591461717e-02 -2.004730678331646115e-02 -2.894008894680961674e-01 -2.394182481433006493e-01 1.442955977020065617e-01 5.904807469002783249e-02 -6.495883695923183598e-01 7.944682053974038566e-03 -5.814636096864324484e-03 3.518737814449118817e-02 -4.871111584183311638e-02 -2.040460098616471984e-01 6.462976286999659592e-02 -1.893988160920009878e-01 -1.344646561833120514e-02 1.446587250296468286e-01 8.790284437617150448e-02 -2.804230923727681346e-01 -2.595925937696503746e-02 -1.483448832372647186e-01 -2.512315893927042909e-01 -2.077243923231887057e-01
-5.458995319434654242e-02 4.085296580754329554e-01 5.261286476041364679e-01 -1.214839778837233375e+00 3.578732498292028219e-01 5.688503143918715921e+00 7.301064882316179450e-01 -1.285841004388544873e+00 -2.809447687349590494e-01 1.910863143003538045e-01 -4.025563461616420147e-02 -3.081037731976159488e-01 -3.448256973633703759e-01 1.267239696311595054e-01 -5.688618682311533808e-02 -3.646523779966042156e-01 -1.865518755860032518e-01 1.141534225299174476e-01 -1.032323198465621844e-01 -9.131456585387176528e-02 2.327483452441006240e-01 -8.566872816483186992e-02 -7.307079390152818044e-02 8.140883301192052002e-02 1.324474170581126375e-01 9.365656272727627962e-02 7.135346611486602375e-02 5.577655463176067058e-02 -1.888373666636197212e-01 -1.175503310532583084e-01 1.869971961778134906e-01 -1.608026248140391745e-01 -7.940845198745398459e-02 6.545977260168995837e-01 -5.044512684132688995e-02 -2.802174197365511765e-01 9.186277468368930776e-02 -2.199659585732020306e-01 -1.857056518416626556e-01 -1.687906784757802620e-02
-1.162300164416571746e-01 8.321953392128131344e-02 2.064242410143948547e-01 1.027156269181440651e-01 -6.405606395820255816e-01 7.301064882316179450e-01 5.997309192772995345e+00 4.395455088805611532e-01 -1.870892127620665146e+00 1.436000897338277627e-01 -2.062987811360048745e-02 -1.529184278611551429e-01 -1.370287397489590719e-01 -3.443484661921433071e-02 -1.046096265719026197e-01 -5.418114560938390445e-02 -1.795098311765482568e-01 1.288726851196440315e-01 1.523205713375101189e-01 -1.080755923133384921e-01 -2.416805956837686786e-01 8.555250288657861857e-02 2.442548902122412269e-01 8.528115268378950314e-03 7.644750159470399542e-02 -9.754300123974221637e-02 2.723042252923901230e-01 1.619722425389659784e-02 1.126900796812021488e-01 7.126989110842261999e-02 -1.209022306249478568e-01 -1.905558283707899925e-01 1.229146205975459316e-01 2.404033710433737536e-01 1.424827428950604102e-01 2.852199409633512373e-01 1.674960033309315088e-01 -9.023600873359576002e-02 6.428035435301474032e-02 9.740697362370116796e-02
2.811707473911218558e-01 -2.366182412492862930e-01 -3.205808743120923121e-01 2.754436760377032903e-02 -4.023234370623336442e-01 -1.285841004388544873e+00 4.395455088805611532e-01 7.323904329696605764e+00 9.393736394416156710e-01 -1.571925414415034306e+00 -5.337763365459298193e-01 -6.512429487431292685e-02 1.207516110351177646e-01 -5.826346387400802712e-02 -3.061313434208046136e-02 8.559724653360046079e-03 -7.698518098675254107e-02 -1.642390292556661635e-01 1.493928874789197392e-01 3.454300957174905040e-01 -1.860377973365646143e-01 -1.394895238388330627e-01 2.511072811458868737e-01 7.748709166761887090e-02 -5.671352286211862881e-02 2.174984210098804271e-02 -1.805612150132428484e-01 -1.318631363238221554e-01 4.087531130763100706e-01 9.102207454731051084e-02 -3.003734573475349001e-01 2.141213064922667109e-01 -1.573938113730176391e-01 -2.306031784953101182e-01 3.375205464746118940e-05 3.261167443688698375e-01 1.781529287973685483e-01 2.912278585798108166e-01 -3.266133672719993830e-02 8.747871730583525740e-02
5.021403593661253328e-01 2.075446156925550567e-02 -4.629727355793013255e-02 -2.324172018597303602e-01 -1.418364326531237896e-01 -2.809447687349590494e-01 -1.870892127620665146e+00 9.393736394416156710e-01 6.822959408622592647e+00 6.125982516643420084e-01 -1.981536389872397885e+00 -1.747130347137125506e-01 5.866972621639903185e-01 -2.569602333168763408e-01 -2.891864737205971370e-01 2.306357968283867799e-01 -7.403824255104538878e-03 -2.009343996080979189e-01 6.787592278241687260e-02 3.189932516353892189e-01 -4.298265490331608374e-02 -7.215192362418181016e-02 -2.727552767326950067e-01 -2.637896098774125120e-01 1.684528902685534790e-01 1.132244898176307663e-01 7.724231404919881805e-02 -1.249816539887470407e-01 2.759434480320527849e-01 1.041172199358216151e-02 9.117663233224952701e-02 3.650403191715626688e-02 -3.975720185085264702e-01 -2.171838669070916550e-01 2.209969390061160277e-02 1.031735797313780047e-02 -1.344969277052464329e-01 1.153052289044394912e-01 -3.035598621925089113e-01 -1.890520477863265603e-01
1.250297422728152696e-01 4.535428134555886670e-01 2.005793524940642225e-01 -1.054997219842219169e-01 3.915609083607845542e-01 1.910863143003538045e-01 1.436000897338277627e-01 -1.571925414415034306e+00 6.125982516643420084e-01 7.167399996801600004e+00 -4.834134712053443916e-01 -1.612404881929142997e+00 3.687001138108652043e-01 2.890302116034047519e-01 -6.903487517946871321e-02 2.291618332895995480e-01 2.231861649338789388e-01 9.789006595397687152e-03 8.889225444562158518e-02 -1.583313410850826219e-01 -6.916413422449056714e-02 1.031230988442549956e-01 3.001897734808072760e-01 -1.223596408688342602e-01 2.438865111205254232e-01 -1.366213070138914409e-01 3.221203301350204773e-02 1.007701570216412712e-01 -5.118183262730504474e-02 -7.813307645429876103e-02 -6.107872781514311900e-02 1.686189411570068186e-01 -1.667780111327731712e-02 3.550234418960667715e-01 1.442834944088057791e-01 1.445586219916594473e-01 1.023229761459244214e-01 1.720435785074246049e-01 9.967931076671714130e-02 -1.738054350304855111e-01
-3.358857573014371600e-01 -1.156770122063442013e-01 1.344812361763730590e-01 3.014835059585809218e-01 2.966764623472199491e-01 -4.025563461616420147e-02 -2.062987811360048745e-02 -5.337763365459298193e-01 -1.981536389872397885e+00 -4.834134712053443916e-01 7.719672990144375468e+00 4.482723490930555221e-01 -1.276882509860636006e+00 -1.731104030402537963e-01 7.551738371216014378e-02 2.495234243398849472e-01 -6.915877821129624847e-02 1.048832273878024662e-02 -6.344955033522503562e-02 1.247149901655622423e-01 2.185824050521943951e-01 -7.731920259732213974e-02 -5.351876592732950771e-02 5.328681382354120283e-02 -1.159651816444915717e-01 7.329851646200750970e-02 8.248452788252753909e-02 -1.536749465870074216e-01 -2.793074362001657374e-01 -7.335640006321712814e-02 -4.859862115449140214e-03 3.420784464679000880e-01 -3.337784928588957006e-02 -1.462659674165951718e-01 1.782968492791142945e-01 -2.679582653833069150e-01 -3.158008403951188536e-01 -1.228339478402912591e-02 1.539444186966377193e-01 6.264855063907066868e-02
1.313000652317554244e-02 -1.895317003343376661e-01 -1.266100686893498195e-01 2.916880340239604852e-01 -1.809011268900818925e-01 -3.081037731976159488e-01 -1.529184278611551429e-01 -6.512429487431292685e-02 -1.747130347137125506e-01 -1.612404881929142997e+00 4.482723490930555221e-01 5.948139550336172476e+00 6.003312324382049647e-01 -1.045237399074238294e+00 -2.188844709820055578e-01 1.493608977353637068e-01 -1.967297534300442297e-01 -2.311587348579273449e-01 -2.868727016742836020e-02 3.306495693858511054e-01 -1.876242800233492436e-01 -5.409305773550083379e-02 -1.926681246779418100e-01 1.338872460155124677e-01 -2.451064019987549483e-02 5.438498482062999184e-02 1.492719757287346016e-01 -1.560876532509751502e-01 -3.765270354556870397e-02 2.582713680745198914e-01 -9.251987552502993761e-02 2.113620514778350931e-02 7.246392824002928501e-02 -5.423264244267237549e-02 1.625418850301654505e-01 -9.378686181289871970e-02 2.774366397595022793e-01 -4.928053410404140827e-02 -6.139166169699564884e-02 1.307458461560802310e-01
1.108495076423841458e-01 3.151837398004371238e-01 4.311473588664535561e-02 2.006262519468441086e-01 -9.585180538564065655e-02 -3.448256973633703759e-01 -1.370287397489590719e-01 1.207516110351177646e-01 5.866972621639903185e-01 3.687001138108652043e-01 -1.276882509860636006e+00 6.003312324382049647e-01 6.914492419827160674e+00 8.620222331963441897e-01 -1.539844568036669026e+00 -2.721249746979052531e-01 2.075669696280366128e-01 -1.270085177955525280e-01 -3.791951691361418464e-02 3.588251260903723705e-01 -8.056358393949765440e-02 1.504795662659380306e-01 2.883347626172286793e-01 -5.738296952371421678e-02 -1.637868885899769478e-02 6.908580863205608658e-03 1.085394024193466617e-01 -1.561931142195369382e-01 2.336232808809952100e-01 2.453948526642319716e-01 -2.171603095384145865e-01 -1.459912984218253162e-01 1.398103656444631693e-01 -2.131764160150147747e-01 -6.919668713582946551e-02 1.740106481183786857e-01 -2.055824918729818040e-01 -4.389497229941871637e-02 3.044174518625297199e-01 9.786039060782671106e-02
2.282354776823170700e-02 9.062213815943973017e-02 1.135536755155775943e-02 -1.646435622693568079e-01 -4.441562208252707727e-02 1.267239696311595054e-01 -3.443484661921433071e-02 -5.826346387400802712e-02 -2.569602333168763408e-01 2.890302116034047519e-01 -1.731104030402537963e-01 -1.045237399074238294e+00 8.620222331963441897e-01 6.592059173466505939e+00 2.815518725556758195e-01 -1.486352543030571516e+00 -8.116893415912207477e-02 -2.583955816193393429e-01 2.726425219719733062e-01 -6.346147569178861060e-03 -1.661078028631048781e-02 1.089767830790628333e-01 1.969846136149186189e-01 2.616010250450529970e-02 -4.898169922999569270e-02 -3.047749120128649403e-01 1.370146869746555474e-01 9.124469199273928244e-02 2.923640196519106116e-01 -1.632734375307396124e-01 -1.013716840558479548e-01 -9.931381377809615774e-02 -9.331163621942249742e-02 2.982911781590223688e-02 7.538690980226617211e-02 5.152136181528764458e-02 -3.090609262058335860e-01 -4.683315162453836195e-02 3.757392866383472696e-01 7.186531181660435474e-02
8.091940304576757115e-02 -3.870041257238899385e-02 7.215715649454908405e-03 -1.486124563479302996e-01 2.225525570694722732e-01 -5.688618682311533808e-02 -1.046096265719026197e-01 -3.061313434208046136e-02 -2.891864737205971370e-01 -6.903487517946871321e-02 7.551738371216014378e-02 -2.188844709820055578e-01 -1.539844568036669026e+00 2.815518725556758195e-01 5.995385252675821341e+00 5.835551962397340642e-01 -1.735052451494388137e+00 -4.188855600381651834e-01 2.981155885990017240e-01 -4.601763434353156774e-03 1.382190058344261452e-01 -1.355563914515729995e-01 7.456032385817609742e-02 7.196334962786848921e-02 -1.418179138612510326e-01 1.031357799227818894e-01 -2.539010623957934087e-01 1.790713669115001627e-01 -8.230482095741985249e-02 -6.388017601157672254e-02 -1.114737344884918768e-01 9.691365737556061066e-02 -7.254479782258402287e-02 1.674948394462383305e-01 6.821515275069615913e-02 1.233235557794550886e-02 -8.024410620769308056e-02 -4.613011873917466366e-02 -4.236212289220699090e-02 5.840754410445206379e-02
-6.780229649598681907e-02 -1.192822141990856066e-01 1.915771199727243079e-01 3.611493121422730268e-01 -2.370891625726135044e-01 -3.646523779966042156e-01 -5.418114560938390445e-02 8.559724653360046079e-03 2.306357968283867799e-01 2.291618332895995480e-01 2.495234243398849472e-01 1.493608977353637068e-01 -2.721249746979052531e-01 -1.486352543030571516e+00 5.835551962397340642e-01 7.022443178563060329e+00 2.089383828088876016e-01 -1.448433185190185268e+00 5.640834742047541317e-01 2.160627729601270475e-01 9.821625986747975490e-02 -1.506961571164182612e-01 1.426840310556504177e-01 1.869678220803439039e-02 -8.760780281267871450e-02 -1.178265127169264848e-01 3.153652679206640774e-02 4.605623726499822462e-02 -4.926946802459958308e-02 2.596886192183099906e-01 -3.119145853972075666e-01 1.916188315241596496e-01 -3.244836593497422289e-02 -4.249062108416521572e-02 -1.634481890512019531e-01 1.660034556965483132e-01 3.266719801280106306e-01 1.079028134199131322e-01 -1.627922975130266514e-01 4.684990933109328681e-02
-9.214927880852566422e-02 1.198137006105586266e-01 1.992921771690065735e-01 -2.126610543030948153e-01 2.060081636856199161e-01 -1.865518755860032518e-01 -1.795098311765482568e-01 -7.698518098675254107e-02 -7.403824255104538878e-03 2.231861649338789388e-01 -6.915877821129624847e-02 -1.967297534300442297e-01 2.075669696280366128e-01 -8.116893415912207477e-02 -1.735052451494388137e+00 2.089383828088876016e-01 5.879252411657693855e+00 5.207625559745390209e-01 -7.501101276933098694e-01 -1.200437164768544396e-01 -2.195172647515720443e-01 -3.204509249346940147e-03 1.593069996215941420e-01 -1.463292135856837928e-01 2.604184708359375683e-02 1.800636156638125152e-01 -2.724386930995231076e-02 -1.265278858617998603e-01 -1.010812219862455424e-01 1.246156155360699652e-01 1.764493433886833440e-01 -2.945150117419506608e-02 -1.007159432797626042e-01 -2.625774871716739511e-01 -1.929908560803067219e-01 4.240439610727048114e-01 3.868833176639821514e-01 9.734968538031935070e-02 -3.551287926333984712e-01 2.037137607232668290e-02
-8.281012442143007024e-02 -1.737640975504050889e-01 -2.619794287191671289e-01 3.018330083641570030e-02 2.958132243100403125e-01 1.141534225299174476e-01 1.288726851196440315e-01 -1.642390292556661635e-01 -2.009343996080979189e-01 9.789006595397687152e-03 1.048832273878024662e-02 -2.311587348579273449e-01 -1.270085177955525280e-01 -2.583955816193393429e-01 -4.188855600381651834e-01 -1.448433185190185268e+00 5.207625559745390209e-01 5.631300394339392668e+00 3.122633324657860809e-01 -1.248690035499762319e+00 -2.831804077110576245e-01 1.083918527242002106e-01 -1.514236877496061805e-02 1.159574297848158051e-03 2.202360279852528038e-02 -1.716955397997306787e-01 -1.850542175224285588e-02 -7.313036389783457436e-02 3.974813061176601936e-02 -2.004406955091279363e-01 2.195069641731444421e-01 -2.053015363352687084e-01 2.190727572939893397e-01 2.606691059888388562e-01 4.203644532141486562e-03 -1.276744563497006213e-01 -1.424861783410456550e-01 -3.701741263244864855e-01 -2.254055152991242539e-01 -8.469918886810352820e-02
-2.700838859132932549e-04 -2.754345165571417953e-01 -7.677765979004357033e-02 1.844450140108248315e-01 7.257065286591461717e-02 -1.032323198465621844e-01 1.523205713375101189e-01 1.493928874789197392e-01 6.787592278241687260e-02 8.889225444562158518e-02 -6.344955033522503562e-02 -2.868727016742836020e-02 -3.791951691361418464e-02 2.726425219719733062e-01 2.981155885990017240e-01 5.640834742047541317e-01 -7.501101276933098694e-01 3.122633324657860809e-01 5.275824489555652086e+00 4.004491823054610045e-01 -9.893293916570942148e-01 2.511074466409409789e-01 -1.698680946405726477e-01 -1.237179975032353394e-03 -2.110267574803510182e-01 -3.449751922885511690e-01 2.354429902476528128e-02 2.241156622954016686e-01 1.643085217566050971e-01 -2.144444528277414663e-01 -1.785351020010039480e-01 -1.185060667143253560e-01 4.043748824062826097e-02 -9.334448577142152870e-02 -1.687065463063147086e-01 1.230200571926274022e-01 6.770440883816393474e-02 -1.630845324278900055e-01 2.482545786132711874e-01 6.364524761841225398e-02
5.550254101205425589e-02 -8.914277178632556628e-03 -3.524414494104131240e-02 -3.002194814962610286e-02 -2.004730678331646115e-02 -9.131456585387176528e-02 -1.080755923133384921e-01 3.454300957174905040e-01 3.189932516353892189e-01 -1.583313410850826219e-01 1.247149901655622423e-01 3.306495693858511054e-01 3.588251260903723705e-01 -6.346147569178861060e-03 -4.601763434353156774e-03 2.160627729601270475e-01 -1.200437164768544396e-01 -1.248690035499762319e+00 4.004491823054610045e-01 6.034336867434149987e+00 -8.816284427704280599e-03 -1.118261958042032544e+00 3.869061257517795172e-01 -1.622248761161327324e-01 -1.127253227046683993e-02 -1.576152406337904405e-02 1.262917295857129141e-01 4.294133123334276277e-03 -1.538852000731912861e-01 3.599920598605096250e-02 1.602010593074091604e-01 -1.091163674069517975e-01 -7.084111562303158083e-02 -3.696824209319488630e-01 2.411154277401908186e-01 2.810693354897790819e-01 -1.234310072815321541e-01 -1.311004926023663641e-01 -1.225639871663523339e-01 -6.484906618886571161e-02
-3.081036883766377632e-01 -1.614866153149547776e-02 -1.370595875191878144e-01 1.234435825818131910e-01 -2.894008894680961674e-01 2.327483452441006240e-01 -2.416805956837686786e-01 -1.860377973365646143e-01 -4.298265490331608374e-02 -6.916413422449056714e-02 2.185824050521943951e-01 -1.876242800233492436e-01 -8.056358393949765440e-02 -1.661078028631048781e-02 1.382190058344261452e-01 9.821625986747975490e-02 -2.195172647515720443e-01 -2.831804077110576245e-01 -9.893293916570942148e-01 -8.816284427704280599e-03 5.903664686994485322e+00 4.301728426633069646e-01 -1.173813868212735034e+00 1.710103747580649092e-02 -1.266210015957514590e-01 -1.617991803000409512e-01 -5.866283461247195907e-02 -2.252090795294597880e-01 4.348922940814950455e-02 2.174607779459514778e-01 -7.825354511543525238e-02 5.656835834428516896e-02 -1.747931796080029743e-01 -1.358298076232452578e-01 1.493215986515393778e-01 -1.784584774878062441e-01 5.532591442510440688e-02 2.232593917110597681e-01 1.070072586799733633e-01 6.285860417192222493e-02
8.215679944009039726e-02 3.171981190427645703e-01 -9.733077221800132128e-02 -5.228097353589718221e-02 -2.394182481433006493e-01 -8.566872816483186992e-02 8.555250288657861857e-02 -1.394895238388330627e-01 -7.215192362418181016e-02 1.031230988442549956e-01 -7.731920259732213974e-02 -5.409305773550083379e-02 1.504795662659380306e-01 1.089767830790628333e-01 -1.355563914515729995e-01 -1.506961571164182612e-01 -3.204509249346940147e-03 1.083918527242002106e-01 2.511074466409409789e-01 -1.118261958042032544e+00 4.301728426633069646e-01 5.988671444053071724e+00 2.698267834650560637e-01 -8.360800125683944817e-01 2.262560406168980243e-01 -1.755001354877977482e-01 -9.445050930729625982e-02 6.160013444219698819e-02 1.167531650540750698e-01 -2.679394505188601450e-01 -1.959181417011210125e-01 3.381758551515403610e-01 4.127304396553246879e-02 5.212416267146442218e-03 -1.685674162921137198e-01 1.633841403838013628e-01 9.031553350451392015e-02 -2.488384397739811515e-01 -1.318817681012529053e-01 -2.274299888679395532e-01
1.607703028674756229e-01 1.104533289442509586e-01 -1.407956928584938039e-01 -8.569567568879962738e-02 1.442955977020065617e-01 -7.307079390152818044e-02 2.442548902122412269e-01 2.511072811458868737e-01 -2.727552767326950067e-01 3.001897734808072760e-01 -5.351876592732950771e-02 -1.926681246779418100e-01 2.883347626172286793e-01 1.969846136149186189e-01 7.456032385817609742e-02 1.426840310556504177e-01 1.593069996215941420e-01 -1.514236877496061805e-02 -1.698680946405726477e-01 3.869061257517795172e-01 -1.173813868212735034e+00 2.698267834650560637e-01 6.321667245377920352e+00 2.378048173184749703e-01 -1.257371684087222885e+00 2.280584828217697146e-01 -2.684478386481761181e-01 6.825850437329922249e-02 8.316546241738730083e-02 -2.714936886989507969e-01 -3.106612272748867087e-01 -8.203977670975252934e-02 3.454798312900139168e-01 2.561371818361475317e-01 -9.856018212134252943e-02 -3.704543007571148294e-02 3.012020453932104380e-02 -1.362625039333331400e-01 -3.290330673378042414e-01 1.610592930140564150e-01
-1.162549773226410552e-02 -1.983618316981275997e-01 2.318169035366625386e-02 1.043176350383236486e-02 5.904807469002783249e-02 8.140883301192052002e-02 8.528115268378950314e-03 7.748709166761887090e-02 -2.637896098774125120e-01 -1.223596408688342602e-01 5.328681382354120283e-02 1.338872460155124677e-01 -5.738296952371421678e-02 2.616010250450529970e-02 7.196334962786848921e-02 1.869678220803439039e-02 -1.463292135856837928e-01 1.159574297848158051e-03 -1.237179975032353394e-03 -1.622248761161327324e-01 1.710103747580649092e-02 -8.360800125683944817e-01 2.378048173184749703e-01 5.502452296508563379e+00 5.281644355624256493e-01 -8.529574390690397578e-01 -2.999686041148298954e-01 -2.112539628564357175e-01 1.012374053609016618e-02 1.101168896505087813e-01 -8.411536946461202480e-02 5.833139576993539438e-02 -1.975675025531251627e-01 2.749528972841740540e-02 -3.409334609768308738e-02 -1.331455041242128601e-01 5.164734362593317862e-02 2.284474851554239572e-01 4.419543755995299084e-02 -1.828326588184627510e-01
-7.721717288562920944e-02 1.734154796398357512e-01 3.126309462856458610e-01 -6.956874993792303008e-02 -6.495883695923183598e-01 1.324474170581126375e-01 7.644750159470399542e-02 -5.671352286211862881e-02 1.684528902685534790e-01 2.438865111205254232e-01 -1.159651816444915717e-01 -2.451064019987549483e-02 -1.637868885899769478e-02 -4.898169922999569270e-02 -1.418179138612510326e-01 -8.760780281267871450e-02 2.604184708359375683e-02 2.202360279852528038e-02 -2.110267574803510182e-01 -1.127253227046683993e-02 -1.266210015957514590e-01 2.262560406168980243e-01 -1.257371684087222885e+00 5.281644355624256493e-01 6.690347181784197517e+00 1.333430954739380642e-02 -1.167409882112555586e+00 5.302390073258218123e-02 -2.622221724106119645e-01 9.544591254979896411e-02 4.498625927426163074e-01 2.055975975706561543e-01 -3.337960549976357605e-01 -2.470286268067396485e-01 -3.957671528123942184e-01 2.102202341725893653e-01 7.915902536292458713e-02 -2.796936424574588548e-02 -3.951188048391696128e-02 -1.553324359852418513e-01
-1.277926160994642124e-01 -9.017485124238000527e-02 7.840769681065505592e-02 -9.392294341513472700e-02 7.944682053974038566e-03 9.365656272727627962e-02 -9.754300123974221637e-02 2.174984210098804271e-02 1.132244898176307663e-01 -1.366213070138914409e-01 7.329851646200750970e-02 5.438498482062999184e-02 6.908580863205608658e-03 -3.047749120128649403e-01 1.031357799227818894e-01 -1.178265127169264848e-01 1.800636156638125152e-01 -1.716955397997306787e-01 -3.449751922885511690e-01 -1.576152406337904405e-02 -1.617991803000409512e-01 -1.755001354877977482e-01 2.280584828217697146e-01 -8.529574390690397578e-01 1.333430954739380642e-02 6.292585511476061377e+00 9.553256631527036191e-01 -1.243733884799755884e+00 -3.905745085761874180e-01 -4.732895547419457144e-02 -7.814707604582011788e-03 -8.788371620848299537e-02 1.160896433200635791e-01 -1.114680048663263812e-01 2.239968179461213349e-01 1.327626778836601407e-01 -9.052185508584552343e-02 4.715045372629539377e-02 -3.761735225406325628e-02 -7.781230901774476363e-03
-1.769621093498603345e-02 -3.157208234309705208e-01 7.828148806212127664e-02 -5.838442968153079865e-02 -5.814636096864324484e-03 7.135346611486602375e-02 2.723042252923901230e-01 -1.805612150132428484e-01 7.724231404919881805e-02 3.221203301350204773e-02 8.248452788252753909e-02 1.492719757287346016e-01 1.085394024193466617e-01 1.370146869746555474e-01 -2.539010623957934087e-01 3.153652679206640774e-02 -2.724386930995231076e-02 -1.850542175224285588e-02 2.354429902476528128e-02 1.262917295857129141e-01 -5.866283461247195907e-02 -9.445050930729625982e-02 -2.684478386481761181e-01 -2.999686041148298954e-01 -1.167409882112555586e+00 9.553256631527036191e-01 6.681817292511490258e+00 7.722863322118518337e-01 -1.390583147231122529e+00 1.158021926026465004e-01 4.548738714862984311e-01 1.831772770259167959e-01 -2.479343019731017339e-01 1.793345001250666038e-01 5.425696535049390201e-01 3.498621057393521555e-02 -1.900741472654670638e-01 5.565661651319390307e-02 -2.351046929005766450e-01 2.775354731600844782e-01
-2.820417864870065627e-01 1.073367981725160958e-01 4.566575965196318504e-02 -2.433342900916877494e-01 3.518737814449118817e-02 5.577655463176067058e-02 1.619722425389659784e-02 -1.318631363238221554e-01 -1.249816539887470407e-01 1.007701570216412712e-01 -1.536749465870074216e-01 -1.560876532509751502e-01 -1.561931142195369382e-01 9.124469199273928244e-02 1.790713669115001627e-01 4.605623726499822462e-02 -1.265278858617998603e-01 -7.313036389783457436e-02 2.241156622954016686e-01 4.294133123334276277e-03 -2.252090795294597880e-01 6.160013444219698819e-02 6.825850437329922249e-02 -2.112539628564357175e-01 5.302390073258218123e-02 -1.243733884799755884e+00 7.722863322118518337e-01 6.318769227857598203e+00 2.150481363562941339e-01 -1.562477177706603326e+00 2.598800917926852305e-01 1.634849813427146636e-01 -2.007445519915558030e-01 -4.704293739772538036e-02 -1.834138746055460553e-02 -3.661215331639082193e-01 1.240872990006604837e-01 2.756945352756519085e-01 -6.613605558950474972e-02 -9.732164338831077177e-02
-3.414300075266715750e-01 1.262611689136151072e-01 -2.011819823030526755e-01 -1.155695123394078622e-01 -4.871111584183311638e-02 -1.888373666636197212e-01 1.126900796812021488e-01 4.087531130763100706e-01 2.759434480320527849e-01 -5.118183262730504474e-02 -2.793074362001657374e-01 -3.765270354556870397e-02 2.336232808809952100e-01 2.923640196519106116e-01 -8.230482095741985249e-02 -4.926946802459958308e-02 -1.010812219862455424e-01 3.974813061176601936e-02 1.643085217566050971e-01 -1.538852000731912861e-01 4.348922940814950455e-02 1.167531650540750698e-01 8.316546241738730083e-02 1.012374053609016618e-02 -2.622221724106119645e-01 -3.905745085761874180e-01 -1.390583147231122529e+00 2.150481363562941339e-01 6.113461252216905173e+00 1.276722531761485258e-01 -1.248097733386087649e+00 -2.147054004077713074e-01 -2.111172293940718481e-01 -1.440126050037012773e-01 -1.281314525183324948e-01 2.817305264176340196e-01 1.190784336516393649e-01 7.956695387810651388e-02 1.060015916348164694e-01 -4.713862689357076197e-02
1.221720506225218161e-01 -1.370860563956483591e-01 5.104724078426332856e-02 3.673783361087349375e-01 -2.040460098616471984e-01 -1.175503310532583084e-01 7.126989110842261999e-02 9.102207454731051084e-02 1.041172199358216151e-02 -7.813307645429876103e-02 -7.335640006321712814e-02 2.582713680745198914e-01 2.453948526642319716e-01 -1.632734375307396124e-01 -6.388017601157672254e-02 2.596886192183099906e-01 1.246156155360699652e-01 -2.004406955091279363e-01 -2.144444528277414663e-01 3.599920598605096250e-02 2.174607779459514778e-01 -2.679394505188601450e-01 -2.714936886989507969e-01 1.101168896505087813e-01 9.544591254979896411e-02 -4.732895547419457144e-02 1.158021926026465004e-01 -1.562477177706603326e+00 1.276722531761485258e-01 6.725977743059814884e+00 6.573282533976512187e-01 -7.959938316249332013e-01 -6.626257263225586724e-01 -2.321909506844128390e-01 4.524480633051148892e-01 2.537653769604815146e-01 2.134091848779573752e-01 -7.912548196966427694e-02 -1.188878784727211840e-01 6.940525982399263494e-02
1.628910437548070633e-01 -2.261937674706732959e-01 -3.974674819407068155e-02 1.008893944866259412e-01 6.462976286999659592e-02 1.869971961778134906e-01 -1.209022306249478568e-01 -3.003734573475349001e-01 9.117663233224952701e-02 -6.107872781514311900e-02 -4.859862115449140214e-03 -9.251987552502993761e-02 -2.171603095384145865e-01 -1.013716840558479548e-01 -1.114737344884918768e-01 -3.119145853972075666e-01 1.764493433886833440e-01 2.195069641731444421e-01 -1.785351020010039480e-01 1.602010593074091604e-01 -7.825354511543525238e-02 -1.959181417011210125e-01 -3.106612272748867087e-01 -8.411536946461202480e-02 4.498625927426163074e-01 -7.814707604582011788e-03 4.548738714862984311e-01 2.598800917926852305e-01 -1.248097733386087649e+00 6.573282533976512187e-01 6.019117910686346384e+00 6.590754565745932103e-01 -1.550475536922862441e+00 -5.784070529103537556e-02 8.706321014589257778e-02 8.931599253723572496e-02 -3.009060646891436042e-01 2.999519485168727212e-02 -7.531265837156518594e-02 -2.874385747957758919e-01
-1.054503231537914920e-01 -1.002648090010919459e-02 2.200713324358927470e-01 -6.028935059148466530e-03 -1.893988160920009878e-01 -1.608026248140391745e-01 -1.905558283707899925e-01 2.141213064922667109e-01 3.650403191715626688e-02 1.686189411570068186e-01 3.420784464679000880e-01 2.113620514778350931e-02 -1.459912984218253162e-01 -9.931381377809615774e-02 9.691365737556061066e-02 1.916188315241596496e-01 -2.945150117419506608e-02 -2.053015363352687084e-01 -1.185060667143253560e-01 -1.091163674069517975e-01 5.656835834428516896e-02 3.381758551515403610e-01 -8.203977670975252934e-02 5.833139576993539438e-02 2.055975975706561543e-01 -8.788371620848299537e-02 1.831772770259167959e-01 1.634849813427146636e-01 -2.147054004077713074e-01 -7.959938316249332013e-01 6.590754565745932103e-01 6.481669755326134208e+00 2.702911059528257387e-01 -1.257838528423596447e+00 6.151462494191135139e-02 -1.553800825754654280e-01 8.420505877445053078e-02 -1.491705466308366757e-01 -1.996548937916939326e-01 -2.542917319616407393e-02
-1.136908942823645075e-01 1.768764211506627104e-01 1.130799456956939619e-01 -1.734289804253065503e-01 -1.344646561833120514e-02 -7.940845198745398459e-02 1.229146205975459316e-01 -1.573938113730176391e-01 -3.975720185085264702e-01 -1.667780111327731712e-02 -3.337784928588957006e-02 7.246392824002928501e-02 1.398103656444631693e-01 -9.331163621942249742e-02 -7.254479782258402287e-02 -3.244836593497422289e-02 -1.007159432797626042e-01 2.190727572939893397e-01 4.043748824062826097e-02 -7.084111562303158083e-02 -1.747931796080029743e-01 4.127304396553246879e-02 3.454798312900139168e-01 -1.975675025531251627e-01 -3.337960549976357605e-01 1.160896433200635791e-01 -2.479343019731017339e-01 -2.007445519915558030e-01 -2.111172293940718481e-01 -6.626257263225586724e-01 -1.550475536922862441e+00 2.702911059528257387e-01 6.993844421963070879e+00 1.290611971382886969e+00 -1.302694257251554966e+00 -8.957172581260711697e-01 1.910980846780145070e-01 1.093980142054320204e-01 -2.744840754290800433e-01 -2.841649429233846780e-01
2.809233132333880528e-02 1.426581105119683821e-02 1.104678434687432070e-01 -8.744700981898560072e-03 1.446587250296468286e-01 6.545977260168995837e-01 2.404033710433737536e-01 -2.306031784953101182e-01 -2.171838669070916550e-01 3.550234418960667715e-01 -1.462659674165951718e-01 -5.423264244267237549e-02 -2.131764160150147747e-01 2.982911781590223688e-02 1.674948394462383305e-01 -4.249062108416521572e-02 -2.625774871716739511e-01 2.606691059888388562e-01 -9.334448577142152870e-02 -3.696824209319488630e-01 -1.358298076232452578e-01 5.212416267146442218e-03 2.561371818361475317e-01 2.749528972841740540e-02 -2.470286268067396485e-01 -1.114680048663263812e-01 1.793345001250666038e-01 -4.704293739772538036e-02 -1.440126050037012773e-01 -2.321909506844128390e-01 -5.784070529103537556e-02 -1.257838528423596447e+00 1.290611971382886969e+00 6.837383876705392716e+00 7.687275843979829437e-02 -1.905830311446198300e+00 2.246104250914794931e-01 -1.722496782833680407e-01 -4.553830280035979228e-01 -1.504404071261772509e-02
2.961637846476801103e-02 1.134642213821659279e-01 1.865822359502915945e-02 2.306518196262576370e-01 8.790284437617150448e-02 -5.044512684132688995e-02 1.424827428950604102e-01 3.375205464746118940e-05 2.209969390061160277e-02 1.442834944088057791e-01 1.782968492791142945e-01 1.625418850301654505e-01 -6.919668713582946551e-02 7.538690980226617211e-02 6.821515275069615913e-02 -1.634481890512019531e-01 -1.929908560803067219e-01 4.203644532141486562e-03 -1.687065463063147086e-01 2.411154277401908186e-01 1.493215986515393778e-01 -1.685674162921137198e-01 -9.856018212134252943e-02 -3.409334609768308738e-02 -3.957671528123942184e-01 2.239968179461213349e-01 5.425696535049390201e-01 -1.834138746055460553e-02 -1.281314525183324948e-01 4.524480633051148892e-01 8.706321014589257778e-02 6.151462494191135139e-02 -1.302694257251554966e+00 7.687275843979829437e-02 6.748333233715667845e+00 6.255328697425630580e-01 -1.435233484777880930e+00 -3.150631777173479309e-01 -2.063942329027115830e-01 -1.064251521756770860e-02
1.975661484765000586e-01 1.701998505390777960e-01 -1.965845419042054065e-01 6.011399203590900298e-02 -2.804230923727681346e-01 -2.802174197365511765e-01 2.852199409633512373e-01 3.261167443688698375e-01 1.031735797313780047e-02 1.445586219916594473e-01 -2.679582653833069150e-01 -9.378686181289871970e-02 1.740106481183786857e-01 5.152136181528764458e-02 1.233235557794550886e-02 1.660034556965483132e-01 4.240439610727048114e-01 -1.276744563497006213e-01 1.230200571926274022e-01 2.810693354897790819e-01 -1.784584774878062441e-01 1.633841403838013628e-01 -3.704543007571148294e-02 -1.331455041242128601e-01 2.102202341725893653e-01 1.327626778836601407e-01 3.498621057393521555e-02 -3.661215331639082193e-01 2.817305264176340196e-01 2.537653769604815146e-01 8.931599253723572496e-02 -1.553800825754654280e-01 -8.957172581260711697e-01 -1.905830311446198300e+00 6.255328697425630580e-01 6.282309854856465314e+00 3.359487375287130151e-01 -6.866892392280138369e-01 1.212554045611217296e-01 -3.112209741065665725e-01
-2.288553575756935576e-01 -1.600365290975942212e-01 -1.962681898914679923e-01 -5.354614260453743890e-02 -2.595925937696503746e-02 9.186277468368930776e-02 1.674960033309315088e-01 1.781529287973685483e-01 -1.344969277052464329e-01 1.023229761459244214e-01 -3.158008403951188536e-01 2.774366397595022793e-01 -2.055824918729818040e-01 -3.090609262058335860e-01 -8.024410620769308056e-02 3.266719801280106306e-01 3.868833176639821514e-01 -1.424861783410456550e-01 6.770440883816393474e-02 -1.234310072815321541e-01 5.532591442510440688e-02 9.031553350451392015e-02 3.012020453932104380e-02 5.164734362593317862e-02 7.915902536292458713e-02 -9.052185508584552343e-02 -1.900741472654670638e-01 1.240872990006604837e-01 1.190784336516393649e-01 2.134091848779573752e-01 -3.009060646891436042e-01 8.420505877445053078e-02 1.910980846780145070e-01 2.246104250914794931e-01 -1.435233484777880930e+00 3.359487375287130151e-01 6.868539996408175696e+00 9.312966192275548005e-01 -1.342577670667555845e+00 2.120349314172888522e-01
-2.834836995465487841e-01 -1.103546501433346969e-02 2.663632748435204034e-01 1.191291619873281610e-01 -1.483448832372647186e-01 -2.199659585732020306e-01 -9.023600873359576002e-02 2.912278585798108166e-01 1.153052289044394912e-01 1.720435785074246049e-01 -1.228339478402912591e-02 -4.928053410404140827e-02 -4.389497229941871637e-02 -4.683315162453836195e-02 -4.613011873917466366e-02 1.079028134199131322e-01 9.734968538031935070e-02 -3.701741263244864855e-01 -1.630845324278900055e-01 -1.311004926023663641e-01 2.232593917110597681e-01 -2.488384397739811515e-01 -1.362625039333331400e-01 2.284474851554239572e-01 -2.796936424574588548e-02 4.715045372629539377e-02 5.565661651319390307e-02 2.756945352756519085e-01 7.956695387810651388e-02 -7.912548196966427694e-02 2.999519485168727212e-02 -1.491705466308366757e-01 1.093980142054320204e-01 -1.722496782833680407e-01 -3.150631777173479309e-01 -6.866892392280138369e-01 9.312966192275548005e-01 6.734156604513487743e+00 -2.578403911992494524e-01 -1.284570029152399595e+00
-1.158032986397491637e+00 -7.572238753783379073e-01 2.540664618352277415e-01 2.844800606089737394e-01 -2.512315893927042909e-01 -1.857056518416626556e-01 6.428035435301474032e-02 -3.266133672719993830e-02 -3.035598621925089113e-01 9.967931076671714130e-02 1.539444186966377193e-01 -6.139166169699564884e-02 3.044174518625297199e-01 3.757392866383472696e-01 -4.236212289220699090e-02 -1.627922975130266514e-01 -3.551287926333984712e-01 -2.254055152991242539e-01 2.482545786132711874e-01 -1.225639871663523339e-01 1.070072586799733633e-01 -1.318817681012529053e-01 -3.290330673378042414e-01 4.419543755995299084e-02 -3.951188048391696128e-02 -3.761735225406325628e-02 -2.351046929005766450e-01 -6.613605558950474972e-02 1.060015916348164694e-01 -1.188878784727211840e-01 -7.531265837156518594e-02 -1.996548937916939326e-01 -2.744840754290800433e-01 -4.553830280035979228e-01 -2.063942329027115830e-01 1.212554045611217296e-01 -1.342577670667555845e+00 -2.578403911992494524e-01 6.809081190000845218e+00 8.213052713450886833e-01
