1.025384602660941979e+01 5.119556883018487881e-01 -1.833815419088305809e+00 -1.946885057351678272e+00 -8.055249885618928074e-01 1.987900699957884376e-01 2.350804894930575983e-01 6.434052569275103828e-01 1.065303047054974722e-01 -2.187897481689180246e-01 -7.239745588253749808e-01 1.828912330572456668e-01 6.897357817750590092e-01 7.683238922756698841e-01 1.180450971973487223e-01 1.198356432049395154e-01 -3.611823660818061499e-01 -7.049892507632363747e-01 2.744091867480473179e-01 1.083798224715463165e-01 -6.442936742991374477e-02 -4.024802324161966816e-01 -3.165230348499498692e-01 -1.516253890911994917e-01 -2.237869734076030626e-01 -8.380659171859681233e-01 -3.966438928589098301e-01 4.787441138644895622e-01 -7.230696320703192126e-02 7.814133838700332291e-01 3.182145448423867040e-01 -3.321481944576720191e-01 -6.686405494181599796e-01 2.094616218669500818e-01 3.913657048121411131e-01 3.561260475461927033e-01 -8.507707418830955381e-01 -3.934358315927191097e-01 -1.589979932496913939e+00 1.149960537077333866e-01
5.119556883018487881e-01 8.724455479301850502e+00 5.258217981609524666e-02 -2.176111355796811253e+00 -8.097823453998823640e-01 1.856256587200257602e-01 6.461071158803783909e-01 -6.011401424004839678e-01 -9.924956199425014614e-01 6.331584187812842879e-02 -4.647619410955827757e-02 6.524552154757029543e-01 8.302190312589392551e-01 2.409259628799343411e-01 -3.493578141767947343e-01 8.245977355408255771e-02 -6.765687258341385180e-02 -5.457449290404933206e-01 1.618882987921166361e-01 4.960981967822943317e-01 5.901055360745256495e-01 -7.081072325975322768e-01 -7.881402721957793123e-01 -5.583298711502698852e-02 -2.305912660551585891e-01 4.680739132108498457e-01 -1.025878197267279662e-01 -1.337175965985964443e-01 -2.019867402869569839e-01 2.150288036544323600e-01 3.418745089270576187e-01 3.926677992119539384e-01 -7.676307733775265818e-02 -3.895595313929000603e-01 1.091135611224916951e-01 4.946641027755022679e-01 -1.545550010836957422e-01 -1.497912792299370965e-01 -6.704425634548411006e-01 -2.074557946052570490e+00
-1.833815419088305809e+00 5.258217981609524666e-02 9.195585898282386594e+00 3.252893645377452625e-01 -2.593970827753163899e+00 3.046992111628251537e-02 2.978308388609530732e-01 4.731384674800451218e-01 -5.514913369686558209e-01 1.963924663263051928e-01 9.666171713076771033e-02 -3.097781888357629687e-01 -3.254540746315271460e-01 -9.070439254334949908e-02 2.009009607550122367e-01 -2.073077539415400516e-01 4.545413627575760063e-01 3.486785856050790278e-01 -4.185910860590787985e-01 3.360413979093016534e-01 3.304331544027637180e-01 4.652331759435053837e-01 -2.211372010635569429e-01 1.872208998435330729e-01 -4.903940504097817898e-01 6.557148292425183378e-01 5.457743119985961622e-01 -3.852055451635853500e-01 -4.983384820796828985e-01 -7.166200626155644349e-01 3.506134614657895054e-02 5.970161145389294433e-01 -1.908619336120214172e-01 -5.703688487855241851e-01 -2.762798720784881978e-01 9.183446576485390644e-02 9.556859417590507499e-02 4.408900231482992815e-01 -2.030228810587385302e-01 -4.327997430716482574e-01
-1.946885057351678272e+00 -2.176111355796811253e+00 3.252893645377452625e-01 1.006768811458717749e+01 5.171553119469431969e-01 -1.446995296597167302e+00 -8.038505677921334858e-01 -5.372188520581054894e-01 3.232324053999665464e-02 -1.042336509477991419e-01 -5.121223386891678997e-01 4.811312236153109101e-01 -5.886944655464806248e-02 -2.857912983273588337e-01 -1.861972030966965383e-02 3.958993438331140924e-01 2.199305191688450123e-01 5.180082073570608375e-02 -5.469343893089963909e-02 5.786360690776235494e-01 -5.447636307256480404e-01 1.136468924676273584e+00 -1.128405344745662536e-01 3.168965682186413724e-01 5.419486584788271166e-01 9.222577015563566960e-02 -9.995171056565993473e-02 -1.740140435965627508e-01 -5.197655376502520186e-01 -2.919591314612895450e-01 -2.856538427041891981e-01 4.840238104186914136e-01 2.487481635688085224e-01 2.614108606409710767e-01 3.081670236942335439e-01 -3.240653469362988343e-02 4.269363856924179301e-01 -3.783426049016081483e-01 1.064886974218612004e+00 -3.587771927453369258e-01
-8.055249885618928074e-01 -8.097823453998823640e-01 -2.593970827753163899e+00 5.171553119469431969e-01 9.357222016332466197e+00 5.416917267671299552e-01 -1.232317264269171764e+00 -8.948328384308807948e-01 -2.099538234861383912e-01 6.007938688785882109e-01 -1.160272619014119933e-01 -8.831662181344415163e-01 -5.339817066685694780e-01 8.709702805227522715e-01 -2.955143082994744486e-01 -2.272826231158752153e-01 -1.308005780916375871e-01 6.291298194987157699e-02 1.662201659545766708e-01 -1.676566281809548364e-01 -4.924000896755356127e-01 -3.337093869014015612e-01 1.583713651932769639e-01 1.243356803042371256e-01 -1.471139622995269458e-01 -2.640377074112464917e-01 -8.462616301208103486e-02 5.362826994294096483e-01 6.809449623323232670e-01 -8.884569095742114175e-01 -2.551067880562694623e-01 -5.408898067397162057e-01 4.555373098853102154e-01 -4.528337588940847258e-01 -6.508863164805301915e-01 -2.692412489594424585e-01 7.653501141869017976e-02 1.568383258085103704e-01 3.996590347073461502e-01 1.546227250955060917e-01
1.987900699957884376e-01 1.856256587200257602e-01 3.046992111628251537e-02 -1.446995296597167302e+00 5.416917267671299552e-01 9.570103686069725057e+00 1.089420980765768876e+00 -1.926189253328403739e+00 -1.068082105281316974e+00 -3.776820396742132102e-01 6.027010959579178762e-01 -6.209822146131592779e-01 -6.270568562730062245e-01 1.863283891448277163e-01 -1.382601482370215129e-01 -8.731561323814229780e-02 -3.445798442728551514e-01 -4.212084876293921698e-01 1.900004169840628643e-01 5.004121003176267291e-01 -2.073774440941780206e-01 -5.835829851850383720e-01 -4.050051774035793306e-01 4.596861310060571665e-02 1.856879183298596747e-01 3.910902905703095289e-01 -3.022626455739368390e-01 -1.847248321233578294e-01 7.935661085514073010e-01 -3.053200141475280113e-02 -8.996035573293207355e-01 -2.138713522006170376e-01 -4.905288027806073980e-01 4.658747339608387827e-01 5.359332300523713677e-01 -1.140920003357732415e-01 -1.105239027423162015e-04 -2.126093057199799907e-01 -1.061474380219907532e-01 1.588069229918216141e-01
2.350804894930575983e-01 6.461071158803783909e-01 2.978308388609530732e-01 -8.038505677921334858e-01 -1.232317264269171764e+00 1.089420980765768876e+00 9.392028841993729671e+00 -6.966088245090544528e-02 -2.285936721651549597e+00 -8.550608327678070608e-02 -1.488448198626331487e-01 -1.961489723658848550e-01 1.924888757111170023e-01 -4.759404346908749361e-01 -2.598873854262616634e-01 2.178730174334443381e-01 3.964140443073878584e-01 -1.103254486735478213e-01 -5.346167192166370041e-01 -5.668782878817080206e-01 -2.867297579058165624e-01 -1.412813345477362537e-01 6.099788968303355707e-01 -1.715531794807415022e-01 4.454902958770853155e-02 -2.876155467715491021e-01 3.099403186393595022e-01 -3.305020813809244618e-01 1.943612373255911574e-01 4.826727002843120284e-01 -7.495752274733311071e-02 2.488595530862607874e-01 -6.500062539410583762e-01 -5.108008938231001217e-01 9.237670351292562865e-01 -4.234418929926176967e-01 -7.275799656498734003e-02 -1.482407077450703659e-01 2.137283294569070069e-02 1.921634725117351006e-01
6.434052569275103828e-01 -6.011401424004839678e-01 4.731384674800451218e-01 -5.372188520581054894e-01 -8.948328384308807948e-01 -1.926189253328403739e+00 -6.966088245090544528e-02 1.063841043997989111e+01 1.124133366334350848e-01 -2.334638193728130862e+00 -8.428646512945515701e-01 -9.140369336142945000e-02 3.814713136207606992e-01 2.186061385774820953e-01 3.717128563164096566e-01 6.132107894996643299e-02 -3.958014712902717114e-01 -3.875226401551069566e-01 -5.090676056505898384e-01 -5.799913490241112024e-01 3.039041348168061152e-01 4.408587296576920167e-01 1.350434793320466620e-02 -6.844508563120023092e-01 7.725999766280951253e-02 -2.808755738221890286e-01 4.990313001715190183e-02 1.784299641764657274e-01 -4.183121258455874819e-02 2.643655242961394647e-01 4.646135789338530220e-01 -5.290228103827872286e-02 1.510318243951712935e-01 -4.879970730722915651e-01 -6.530561358756015178e-01 -3.465424338005684834e-01 -6.495341370391906066e-01 -1.465820325642217536e-01 -4.101186226610052388e-01 -9.183235455848084983e-02
1.065303047054974722e-01 -9.924956199425014614e-01 -5.514913369686558209e-01 3.232324053999665464e-02 -2.099538234861383912e-01 -1.068082105281316974e+00 -2.285936721651549597e+00 1.124133366334350848e-01 1.045823419402173471e+01 3.783261987778912538e-01 -2.070059199107945780e+00 -4.165823304394051241e-01 3.413180815987704869e-02 6.293191722021475032e-01 4.347160211237259819e-01 -3.879533484133136367e-01 1.944756890307615393e-01 5.435190416897742738e-01 1.112147331295742642e-01 -5.891822903413569332e-03 -8.747695595705066995e-02 2.605203705334329101e-01 5.563895626521652149e-01 1.113083003335226584e+00 2.217836619210362681e-01 -4.341475914655639201e-01 1.369319039357322076e-01 -4.240433124952380783e-01 -4.843942010141144006e-01 2.655944235316877178e-01 3.488395996683972822e-01 5.494329015508775393e-01 -1.254131367906055061e-01 -7.936240980369998477e-01 -1.528690910625297994e-01 2.507373845023111447e-01 -8.074200832438531428e-02 -1.913509183236591915e-02 -3.931825951102406180e-01 2.232583416293173750e-01
-2.187897481689180246e-01 6.331584187812842879e-02 1.963924663263051928e-01 -1.042336509477991419e-01 6.007938688785882109e-01 -3.776820396742132102e-01 -8.550608327678070608e-02 -2.334638193728130862e+00 3.783261987778912538e-01 9.751995370657057904e+00 6.595316002193346572e-01 -2.160944954692251674e+00 -5.647256105899094852e-02 -8.095368243623572713e-02 6.867649293829849455e-01 4.957115161105713486e-01 -1.131465777669498768e-01 -6.033900598678070687e-02 8.504541624570494118e-01 3.665471158926099093e-01 -4.423956072820764973e-01 -2.501667562105156506e-01 -1.561462329027831775e-01 1.362800186966441229e+00 1.248794549320036557e-01 -2.195699067058218268e-01 -7.663658389078161770e-01 1.019320167142705701e-02 2.017431171761653319e-01 -8.377468979557806117e-02 -4.332899287728991800e-01 -1.447830896245921317e-01 2.804092544210561866e-01 4.628227675969098232e-01 -2.074833879534591363e-01 -1.841741854348170337e-01 -4.875523612850145017e-01 6.855604787686375712e-01 1.225345339247549958e-01 -9.519410220370556897e-02
-7.239745588253749808e-01 -4.647619410955827757e-02 9.666171713076771033e-02 -5.121223386891678997e-01 -1.160272619014119933e-01 6.027010959579178762e-01 -1.488448198626331487e-01 -8.428646512945515701e-01 -2.070059199107945780e+00 6.595316002193346572e-01 1.053090055280352466e+01 4.114431632265413419e-01 -2.188719273086761508e+00 -2.526243239860076706e+00 -1.567275872255396163e-01 1.010732851007523081e+00 1.834915209143892778e-01 -3.605592533235461583e-01 -5.219134286966530256e-01 2.242664417546622324e-01 -8.004579224549364380e-02 -4.421495102661391341e-01 -1.054968207634883332e-01 -1.010419343179243118e-01 -9.881948610190899318e-02 3.989165606307557010e-01 -2.524316388658867094e-01 1.406948860900640863e-01 -3.607004605318422374e-01 2.768894348910711511e-01 2.274303905791522917e-01 6.072795291993394323e-02 -8.552093818053100316e-01 4.272366818238391706e-01 -4.752913034730428810e-01 -6.782860305766985620e-02 3.242305720884864351e-01 5.731379513414989191e-01 -1.862463442767042787e-01 1.582235374005855691e-02
1.828912330572456668e-01 6.524552154757029543e-01 -3.097781888357629687e-01 4.811312236153109101e-01 -8.831662181344415163e-01 -6.209822146131592779e-01 -1.961489723658848550e-01 -9.140369336142945000e-02 -4.165823304394051241e-01 -2.160944954692251674e+00 4.114431632265413419e-01 1.105205580303820057e+01 8.050564998082845314e-01 -2.882898659623247095e+00 -1.907991741090048210e+00 -5.352403036367888722e-01 1.121063989191442234e+00 3.657675296373057994e-01 -2.892631516436283134e-01 -6.289574636166457289e-01 -1.690582403774978093e-01 4.531011174926145163e-02 5.359845037950011770e-01 1.545372547384675777e-01 -2.614525312469519469e-01 7.139968440242965286e-01 1.231087339762018562e+00 -4.775349262118623317e-01 -6.492742572817092883e-01 -6.834984237289006836e-01 2.123415521488326019e-01 -9.088370357032507507e-02 9.523539835762158401e-02 7.080512452853306993e-01 8.527644634070314922e-01 -9.643258527046110196e-01 -9.931847608057684518e-01 4.108418642728169923e-01 7.683721555121373337e-01 -1.585128046328174167e-02
6.897357817750590092e-01 8.302190312589392551e-01 -3.254540746315271460e-01 -5.886944655464806248e-02 -5.339817066685694780e-01 -6.270568562730062245e-01 1.924888757111170023e-01 3.814713136207606992e-01 3.413180815987704869e-02 -5.647256105899094852e-02 -2.188719273086761508e+00 8.050564998082845314e-01 1.123087734444724362e+01 6.472873185013069408e-01 -2.572654785967828150e+00 -1.548855078511257366e+00 -6.680859220058314729e-02 6.375562918655598432e-01 -3.385020922669768756e-02 -2.979536714486330506e-01 -1.273527933136507084e-01 3.306272038578471437e-03 3.296524372892591093e-02 6.579219530484731182e-01 4.807482284388490124e-01 -1.765965865017545822e-01 -2.109238546535680252e-03 3.454679754355040600e-01 4.298173085320337594e-01 -2.195170807870502339e-01 -3.982213148786004075e-01 5.699557603278425644e-01 -2.211878342714859724e-01 6.615987715977571515e-01 7.928979801845432718e-01 -2.404784798235247711e-01 -1.950625817620816049e-01 -2.829605379803622478e-01 2.541353975240536744e-01 5.810132555169373984e-03
7.683238922756698841e-01 2.409259628799343411e-01 -9.070439254334949908e-02 -2.857912983273588337e-01 8.709702805227522715e-01 1.863283891448277163e-01 -4.759404346908749361e-01 2.186061385774820953e-01 6.293191722021475032e-01 -8.095368243623572713e-02 -2.526243239860076706e+00 -2.882898659623247095e+00 6.472873185013069408e-01 1.194870748157659079e+01 7.805488514368825737e-01 -2.106452983762074016e+00 -1.337491583321645638e+00 2.990802870630595439e-02 1.453775893695065102e+00 -3.652301979928218589e-01 -5.659099823776486682e-01 2.897495289945836161e-01 -2.070665208314373118e-01 2.910865626187276733e-01 -9.641516715670032933e-02 -6.607369807438956411e-01 3.127211195958959911e-01 -9.337015290539765755e-02 3.968439126164533537e-01 -2.453534177766960034e-01 -6.981158879109883308e-01 -4.765661273106809870e-01 -6.754933291612088553e-01 -5.257102488457233713e-01 1.109690767062414818e-01 6.240692672906822391e-01 -9.274638089040508626e-02 -4.051976970824415769e-01 -5.997685630120143108e-01 1.184012968967750878e-01
1.180450971973487223e-01 -3.493578141767947343e-01 2.009009607550122367e-01 -1.861972030966965383e-02 -2.955143082994744486e-01 -1.382601482370215129e-01 -2.598873854262616634e-01 3.717128563164096566e-01 4.347160211237259819e-01 6.867649293829849455e-01 -1.567275872255396163e-01 -1.907991741090048210e+00 -2.572654785967828150e+00 7.805488514368825737e-01 1.087227127602213272e+01 2.637696376207369076e-01 -2.156745325553514725e+00 -1.186869765815294464e+00 5.222771090895045321e-01 1.613648747061680711e+00 4.107493157520236138e-01 -8.107333822652357247e-01 -1.045032600019648372e+00 -5.625740919858646799e-02 1.111032189740070564e+00 9.985691557424145604e-01 -3.710373196281119279e-01 -5.934117303268522381e-01 -2.043913457771412978e-01 2.920476430947869240e-01 1.151124529133757124e-01 1.582353175763546171e-01 -1.554546374173135792e-01 -1.543204460669267419e-01 2.190829562720407742e-01 2.113256078748069686e-02 2.896968734608413309e-01 2.610345127443320368e-01 -8.854898889689514219e-01 -3.658130966531732836e-02
1.198356432049395154e-01 8.245977355408255771e-02 -2.073077539415400516e-01 3.958993438331140924e-01 -2.272826231158752153e-01 -8.731561323814229780e-02 2.178730174334443381e-01 6.132107894996643299e-02 -3.879533484133136367e-01 4.957115161105713486e-01 1.010732851007523081e+00 -5.352403036367888722e-01 -1.548855078511257366e+00 -2.106452983762074016e+00 2.637696376207369076e-01 9.894006886017269409e+00 7.481016577213561725e-01 -1.869295841448295192e+00 4.875364485441396889e-02 -4.433248067643726087e-02 2.281742927945596688e-01 2.778419747277474094e-01 1.585708562633049157e-01 -5.100550460936218444e-01 -1.711271677081479814e-01 -6.801034689097948949e-01 -5.329023669637250604e-01 4.696425595900708405e-01 4.220930109298561689e-02 1.101091358461803837e+00 9.557059324611785756e-02 -1.210728959718157943e-01 -8.194724755229697288e-02 4.370655068115091857e-01 -1.481594716309875270e-01 -7.984503580357223129e-02 3.879055232584301405e-01 8.419707143120379322e-02 1.907396224459437239e-01 -4.182055447293917538e-01
-3.611823660818061499e-01 -6.765687258341385180e-02 4.545413627575760063e-01 2.199305191688450123e-01 -1.308005780916375871e-01 -3.445798442728551514e-01 3.964140443073878584e-01 -3.958014712902717114e-01 1.944756890307615393e-01 -1.131465777669498768e-01 1.834915209143892778e-01 1.121063989191442234e+00 -6.680859220058314729e-02 -1.337491583321645638e+00 -2.156745325553514725e+00 7.481016577213561725e-01 1.053706593529346769e+01 -1.489439710592196063e-02 -1.942944113992167043e+00 -1.587652497488525993e+00 -5.410515093680616783e-01 1.311741445497471847e+00 -2.798001915551094898e-01 1.630940891123604519e-01 -6.491816843806150761e-01 1.177642344039224742e-01 1.452689343349697071e-01 -4.657585290670306910e-01 -1.222223592158167144e-01 1.511924636597631599e-01 3.748716822818010802e-02 -1.620620878237914175e-01 -7.896360080418587390e-01 3.544040504861550867e-01 -8.487901639017894073e-01 3.592782772611755604e-01 1.509169673636958642e-01 5.019709239737408790e-01 4.769823163561849877e-01 1.151822206973261570e-01
-7.049892507632363747e-01 -5.457449290404933206e-01 3.486785856050790278e-01 5.180082073570608375e-02 6.291298194987157699e-02 -4.212084876293921698e-01 -1.103254486735478213e-01 -3.875226401551069566e-01 5.435190416897742738e-01 -6.033900598678070687e-02 -3.605592533235461583e-01 3.657675296373057994e-01 6.375562918655598432e-01 2.990802870630595439e-02 -1.186869765815294464e+00 -1.869295841448295192e+00 -1.489439710592196063e-02 8.930894478314021612e+00 2.625949931464645615e-01 -2.153054352383506842e+00 -8.526158479244689836e-01 -4.183074003337480806e-02 9.314889450547489957e-01 3.980626659869866413e-01 -3.493100290609443825e-01 -4.519792313966248809e-01 2.972796828202208808e-01 8.545539513597228548e-03 3.374700714050257733e-01 -2.168755205231878355e-02 -4.159674499816194970e-01 7.121138148090018494e-02 -4.251408949939843862e-01 -9.744666606525370645e-01 -8.936768970018083014e-02 -4.691733235381639333e-01 -6.290858934776244471e-01 -1.633252878952251852e-01 7.468931296234783135e-01 1.288556934208943960e-01
2.744091867480473179e-01 1.618882987921166361e-01 -4.185910860590787985e-01 -5.469343893089963909e-02 1.662201659545766708e-01 1.900004169840628643e-01 -5.346167192166370041e-01 -5.090676056505898384e-01 1.112147331295742642e-01 8.504541624570494118e-01 -5.219134286966530256e-01 -2.892631516436283134e-01 -3.385020922669768756e-02 1.453775893695065102e+00 5.222771090895045321e-01 4.875364485441396889e-02 -1.942944113992167043e+00 2.625949931464645615e-01 1.074262468643431845e+01 9.561382340782140776e-01 -2.269397624457021312e+00 -2.637805976702798372e-01 1.685001392623344807e-01 6.036753565640506913e-01 3.654874369426910907e-01 -1.132875226761445447e-01 -1.026508643244838259e+00 -2.477907366453353244e-01 2.564486343569255533e-01 2.664445703513548813e-02 7.387135852161309524e-01 4.327662722485657865e-01 7.492507644373067599e-01 8.581330117949741848e-03 -1.842464106850680017e-01 -6.753055493306787671e-01 -9.180147919999972483e-01 -5.403805047121891247e-01 6.613844883257230522e-02 8.998166302381042092e-01
1.083798224715463165e-01 4.960981967822943317e-01 3.360413979093016534e-01 5.786360690776235494e-01 -1.676566281809548364e-01 5.004121003176267291e-01 -5.668782878817080206e-01 -5.799913490241112024e-01 -5.891822903413569332e-03 3.665471158926099093e-01 2.242664417546622324e-01 -6.289574636166457289e-01 -2.979536714486330506e-01 -3.652301979928218589e-01 1.613648747061680711e+00 -4.433248067643726087e-02 -1.587652497488525993e+00 -2.153054352383506842e+00 9.561382340782140776e-01 1.133083581622837954e+01 -2.527305531334061994e-01 -1.707717068565885787e+00 -1.149352604678265832e+00 -3.081121963828797328e-01 9.603586004030023604e-01 5.954603027942425575e-01 -5.249202707951392544e-01 -5.253445507174538953e-01 -7.382014463737306409e-01 -4.356920831893884016e-01 3.087205553863595631e-01 9.199048962561792164e-01 3.830278679613945969e-01 4.399287549446987966e-01 -1.647558380988483062e-01 -3.252331215304455903e-01 -4.294172432364439795e-01 -6.322769443236762044e-01 -7.262511180258696131e-02 4.913381304161434232e-02
-6.442936742991374477e-02 5.901055360745256495e-01 3.304331544027637180e-01 -5.447636307256480404e-01 -4.924000896755356127e-01 -2.073774440941780206e-01 -2.867297579058165624e-01 3.039041348168061152e-01 -8.747695595705066995e-02 -4.423956072820764973e-01 -8.004579224549364380e-02 -1.690582403774978093e-01 -1.273527933136507084e-01 -5.659099823776486682e-01 4.107493157520236138e-01 2.281742927945596688e-01 -5.410515093680616783e-01 -8.526158479244689836e-01 -2.269397624457021312e+00 -2.527305531334061994e-01 9.965359807703784156e+00 1.156293439725453176e-01 -2.194490831780199436e+00 -7.770046703651798392e-01 -4.698536503562157352e-01 9.961035919774507974e-01 -4.961744935866745365e-01 -5.892443263929397768e-01 -7.685098917488892845e-01 3.031796264648815575e-01 -2.383413933843825105e-01 4.178946701008327130e-02 5.373128082888324331e-01 1.016715065007003406e-02 2.288351535297043216e-01 5.342117655630804762e-01 -4.201319036362223536e-02 -2.604232177283293814e-01 -3.149386903939569993e-01 -7.879902630413523346e-01
-4.024802324161966816e-01 -7.081072325975322768e-01 4.652331759435053837e-01 1.136468924676273584e+00 -3.337093869014015612e-01 -5.835829851850383720e-01 -1.412813345477362537e-01 4.408587296576920167e-01 2.605203705334329101e-01 -2.501667562105156506e-01 -4.421495102661391341e-01 4.531011174926145163e-02 3.306272038578471437e-03 2.897495289945836161e-01 -8.107333822652357247e-01 2.778419747277474094e-01 1.311741445497471847e+00 -4.183074003337480806e-02 -2.637805976702798372e-01 -1.707717068565885787e+00 1.156293439725453176e-01 1.076038686326855931e+01 6.251723739556307446e-01 -2.271408531467153935e+00 -1.028558912972472372e+00 -3.075884523584077046e-01 8.722578882330324079e-01 -1.439557938262716330e-01 -6.491933913940048928e-01 -7.233419871937896151e-02 2.692440306755650714e-01 -1.712000983009484278e-01 -4.142467987065906465e-02 -5.202488744088320516e-01 4.115654058190830189e-01 5.135659131292177326e-01 4.486094942317402356e-01 -3.248631940131772589e-01 -4.127962680292724951e-01 -1.967624577576929379e-01
-3.165230348499498692e-01 -7.881402721957793123e-01 -2.211372010635569429e-01 -1.128405344745662536e-01 1.583713651932769639e-01 -4.050051774035793306e-01 6.099788968303355707e-01 1.350434793320466620e-02 5.563895626521652149e-01 -1.561462329027831775e-01 -1.054968207634883332e-01 5.359845037950011770e-01 3.296524372892591093e-02 -2.070665208314373118e-01 -1.045032600019648372e+00 1.585708562633049157e-01 -2.798001915551094898e-01 9.314889450547489957e-01 1.685001392623344807e-01 -1.149352604678265832e+00 -2.194490831780199436e+00 6.251723739556307446e-01 1.018559261036092245e+01 4.617185515934201234e-01 -2.139713314088290019e+00 -1.514594671911817958e+00 -7.328989048687312158e-02 7.161770103173547009e-01 5.386623022832244256e-01 -4.443517245461441889e-01 1.187138800509047673e-02 -1.380882603972377887e-01 3.900590995575237141e-01 -1.758183154851339358e-01 -1.135654458749459916e-01 -4.350178832651570571e-01 -5.361084763511310136e-01 -3.920651181288830611e-01 2.034086435975974161e-01 5.668637830358954632e-01
-1.516253890911994917e-01 -5.583298711502698852e-02 1.872208998435330729e-01 3.168965682186413724e-01 1.243356803042371256e-01 4.596861310060571665e-02 -1.715531794807415022e-01 -6.844508563120023092e-01 1.113083003335226584e+00 1.362800186966441229e+00 -1.010419343179243118e-01 1.545372547384675777e-01 6.579219530484731182e-01 2.910865626187276733e-01 -5.625740919858646799e-02 -5.100550460936218444e-01 1.630940891123604519e-01 3.980626659869866413e-01 6.036753565640506913e-01 -3.081121963828797328e-01 -7.770046703651798392e-01 -2.271408531467153935e+00 4.617185515934201234e-01 1.064150901225330870e+01 1.005142276508312005e+00 -2.327249063805851836e+00 -1.193425314373923074e+00 2.005452181981732390e-02 9.848776484583112723e-01 2.371464469574355582e-01 -7.868925555687124040e-01 3.937534931441271646e-01 -5.609611545175740011e-01 3.270382341765092349e-01 3.271253108261907849e-01 6.981929660964186594e-03 5.990382278852834919e-02 1.177958131370041434e-01 -2.586429497825979418e-01 3.116898835536257087e-02
-2.237869734076030626e-01 -2.305912660551585891e-01 -4.903940504097817898e-01 5.419486584788271166e-01 -1.471139622995269458e-01 1.856879183298596747e-01 4.454902958770853155e-02 7.725999766280951253e-02 2.217836619210362681e-01 1.248794549320036557e-01 -9.881948610190899318e-02 -2.614525312469519469e-01 4.807482284388490124e-01 -9.641516715670032933e-02 1.111032189740070564e+00 -1.711271677081479814e-01 -6.491816843806150761e-01 -3.493100290609443825e-01 3.654874369426910907e-01 9.603586004030023604e-01 -4.698536503562157352e-01 -1.028558912972472372e+00 -2.139713314088290019e+00 1.005142276508312005e+00 1.101421062884043600e+01 2.328428250647124054e-01 -2.539780431197790733e+00 -8.874707906571643878e-01 -3.629893487458218382e-01 4.904651798745013336e-01 -2.811873177501349463e-01 1.705056644702937774e-01 6.297857251189996619e-01 1.775509937579277386e-01 1.215792369277921336e+00 -3.827809182923972431e-01 1.263899494186485062e-02 7.101032299737459752e-01 -4.502414924882174319e-01 3.111810867573652772e-01
-8.380659171859681233e-01 4.680739132108498457e-01 6.557148292425183378e-01 9.222577015563566960e-02 -2.640377074112464917e-01 3.910902905703095289e-01 -2.876155467715491021e-01 -2.808755738221890286e-01 -4.341475914655639201e-01 -2.195699067058218268e-01 3.989165606307557010e-01 7.139968440242965286e-01 -1.765965865017545822e-01 -6.607369807438956411e-01 9.985691557424145604e-01 -6.801034689097948949e-01 1.177642344039224742e-01 -4.519792313966248809e-01 -1.132875226761445447e-01 5.954603027942425575e-01 9.961035919774507974e-01 -3.075884523584077046e-01 -1.514594671911817958e+00 -2.327249063805851836e+00 2.328428250647124054e-01 9.751834919373239430e+00 9.887521066578260909e-01 -1.947030026512725609e+00 -1.703483905026224043e+00 -2.998676242851434082e-01 3.285588518211501330e-01 1.084127616078883749e+00 -6.562628339077752893e-01 -3.150091020556800014e-01 2.255480242677332658e-01 1.043442941530775547e-01 4.004185596760874155e-01 7.898118010056262572e-02 6.745903860924673534e-02 -5.620690417564637720e-01
-3.966438928589098301e-01 -1.025878197267279662e-01 5.457743119985961622e-01 -9.995171056565993473e-02 -8.462616301208103486e-02 -3.022626455739368390e-01 3.099403186393595022e-01 4.990313001715190183e-02 1.369319039357322076e-01 -7.663658389078161770e-01 -2.524316388658867094e-01 1.231087339762018562e+00 -2.109238546535680252e-03 3.127211195958959911e-01 -3.710373196281119279e-01 -5.329023669637250604e-01 1.452689343349697071e-01 2.972796828202208808e-01 -1.026508643244838259e+00 -5.249202707951392544e-01 -4.961744935866745365e-01 8.722578882330324079e-01 -7.328989048687312158e-02 -1.193425314373923074e+00 -2.539780431197790733e+00 9.887521066578260909e-01 1.074357697856789784e+01 3.695330801350442673e-01 -2.240600220525459818e+00 -9.522965301971246799e-01 -1.741837363122178683e-01 -7.438203568492092813e-03 -1.249005170276520360e+00 -2.190244030002190812e-01 -5.156032862430442315e-02 1.287492202995302315e-01 1.256494156624088365e-01 -1.122240208703112058e-01 3.231418644463178169e-01 1.300188814794024927e-01
4.787441138644895622e-01 -1.337175965985964443e-01 -3.852055451635853500e-01 -1.740140435965627508e-01 5.362826994294096483e-01 -1.847248321233578294e-01 -3.305020813809244618e-01 1.784299641764657274e-01 -4.240433124952380783e-01 1.019320167142705701e-02 1.406948860900640863e-01 -4.775349262118623317e-01 3.454679754355040600e-01 -9.337015290539765755e-02 -5.934117303268522381e-01 4.696425595900708405e-01 -4.657585290670306910e-01 8.545539513597228548e-03 -2.477907366453353244e-01 -5.253445507174538953e-01 -5.892443263929397768e-01 -1.439557938262716330e-01 7.161770103173547009e-01 2.005452181981732390e-02 -8.874707906571643878e-01 -1.947030026512725609e+00 3.695330801350442673e-01 1.052456070483993500e+01 7.795677933834592732e-01 -2.175387986701126763e+00 -7.981878057437892249e-01 -7.307174667987121897e-01 4.320369798702513586e-01 -2.766400650857364085e-01 -7.787878389807729729e-01 -1.430472649493639559e-01 -1.418877535605990170e-01 4.461104874239311679e-01 -4.969895861868203757e-01 2.370205981588903998e-01
-7.230696320703192126e-02 -2.019867402869569839e-01 -4.983384820796828985e-01 -5.197655376502520186e-01 6.809449623323232670e-01 7.935661085514073010e-01 1.943612373255911574e-01 -4.183121258455874819e-02 -4.843942010141144006e-01 2.017431171761653319e-01 -3.607004605318422374e-01 -6.492742572817092883e-01 4.298173085320337594e-01 3.968439126164533537e-01 -2.043913457771412978e-01 4.220930109298561689e-02 -1.222223592158167144e-01 3.374700714050257733e-01 2.564486343569255533e-01 -7.382014463737306409e-01 -7.685098917488892845e-01 -6.491933913940048928e-01 5.386623022832244256e-01 9.848776484583112723e-01 -3.629893487458218382e-01 -1.703483905026224043e+00 -2.240600220525459818e+00 7.795677933834592732e-01 1.099333022512104741e+01 9.736870929567982280e-01 -2.049612001278460660e+00 -1.177792837797445813e+00 -5.498601574605228859e-02 8.871017034717719740e-01 4.266478272664918359e-02 -8.375792892414920532e-01 -2.103556007177394827e-01 -4.432600796811133059e-01 2.999753919258116297e-01 6.321361522949827672e-01
7.814133838700332291e-01 2.150288036544323600e-01 -7.166200626155644349e-01 -2.919591314612895450e-01 -8.884569095742114175e-01 -3.053200141475280113e-02 4.826727002843120284e-01 2.643655242961394647e-01 2.655944235316877178e-01 -8.377468979557806117e-02 2.768894348910711511e-01 -6.834984237289006836e-01 -2.195170807870502339e-01 -2.453534177766960034e-01 2.920476430947869240e-01 1.101091358461803837e+00 1.511924636597631599e-01 -2.168755205231878355e-02 2.664445703513548813e-02 -4.356920831893884016e-01 3.031796264648815575e-01 -7.233419871937896151e-02 -4.443517245461441889e-01 2.371464469574355582e-01 4.904651798745013336e-01 -2.998676242851434082e-01 -9.522965301971246799e-01 -2.175387986701126763e+00 9.736870929567982280e-01 9.217718338643861031e+00 7.182086254400800174e-01 -1.651596500742790852e+00 -1.828018717134793025e+00 4.618497868318413024e-01 1.320926638196418867e+00 3.171473001463700342e-02 2.674807403856593879e-02 4.586687144784397895e-03 -9.799802745849382768e-02 2.516494807818881463e-01
3.182145448423867040e-01 3.418745089270576187e-01 3.506134614657895054e-02 -2.856538427041891981e-01 -2.551067880562694623e-01 -8.996035573293207355e-01 -7.495752274733311071e-02 4.646135789338530220e-01 3.488395996683972822e-01 -4.332899287728991800e-01 2.274303905791522917e-01 2.123415521488326019e-01 -3.982213148786004075e-01 -6.981158879109883308e-01 1.151124529133757124e-01 9.557059324611785756e-02 3.748716822818010802e-02 -4.159674499816194970e-01 7.387135852161309524e-01 3.087205553863595631e-01 -2.383413933843825105e-01 2.692440306755650714e-01 1.187138800509047673e-02 -7.868925555687124040e-01 -2.811873177501349463e-01 3.285588518211501330e-01 -1.741837363122178683e-01 -7.981878057437892249e-01 -2.049612001278460660e+00 7.182086254400800174e-01 9.512147167140295068e+00 1.122623582802608988e+00 -1.791880386814478587e+00 -1.031123167275499908e+00 -2.552980537897518443e-01 4.886628398346617441e-01 9.837976657363110833e-02 1.675079226835437807e-01 -6.699504194798860945e-01 -7.723475280867292403e-02
-3.321481944576720191e-01 3.926677992119539384e-01 5.970161145389294433e-01 4.840238104186914136e-01 -5.408898067397162057e-01 -2.138713522006170376e-01 2.488595530862607874e-01 -5.290228103827872286e-02 5.494329015508775393e-01 -1.447830896245921317e-01 6.072795291993394323e-02 -9.088370357032507507e-02 5.699557603278425644e-01 -4.765661273106809870e-01 1.582353175763546171e-01 -1.210728959718157943e-01 -1.620620878237914175e-01 7.121138148090018494e-02 4.327662722485657865e-01 9.199048962561792164e-01 4.178946701008327130e-02 -1.712000983009484278e-01 -1.380882603972377887e-01 3.937534931441271646e-01 1.705056644702937774e-01 1.084127616078883749e+00 -7.438203568492092813e-03 -7.307174667987121897e-01 -1.177792837797445813e+00 -1.651596500742790852e+00 1.122623582802608988e+00 1.126965118273675337e+01 -8.502320291777872852e-01 -2.640429634229108924e+00 -1.130574077947958278e+00 -1.204664654126106765e-01 9.522641908731196425e-01 5.301231897785483316e-01 1.558888404349482483e-02 -8.194569122805074324e-01
-6.686405494181599796e-01 -7.676307733775265818e-02 -1.908619336120214172e-01 2.487481635688085224e-01 4.555373098853102154e-01 -4.905288027806073980e-01 -6.500062539410583762e-01 1.510318243951712935e-01 -1.254131367906055061e-01 2.804092544210561866e-01 -8.552093818053100316e-01 9.523539835762158401e-02 -2.211878342714859724e-01 -6.754933291612088553e-01 -1.554546374173135792e-01 -8.194724755229697288e-02 -7.896360080418587390e-01 -4.251408949939843862e-01 7.492507644373067599e-01 3.830278679613945969e-01 5.373128082888324331e-01 -4.142467987065906465e-02 3.900590995575237141e-01 -5.609611545175740011e-01 6.297857251189996619e-01 -6.562628339077752893e-01 -1.249005170276520360e+00 4.320369798702513586e-01 -5.498601574605228859e-02 -1.828018717134793025e+00 -1.791880386814478587e+00 -8.502320291777872852e-01 1.171169344874995488e+01 1.485395704214110824e+00 -2.593957945221093908e+00 -1.624592230757791134e+00 -3.062628019974809601e-01 4.534248065313659093e-01 2.341130374403068704e-01 -3.997142015641282908e-01
2.094616218669500818e-01 -3.895595313929000603e-01 -5.703688487855241851e-01 2.614108606409710767e-01 -4.528337588940847258e-01 4.658747339608387827e-01 -5.108008938231001217e-01 -4.879970730722915651e-01 -7.936240980369998477e-01 4.628227675969098232e-01 4.272366818238391706e-01 7.080512452853306993e-01 6.615987715977571515e-01 -5.257102488457233713e-01 -1.543204460669267419e-01 4.370655068115091857e-01 3.544040504861550867e-01 -9.744666606525370645e-01 8.581330117949741848e-03 4.399287549446987966e-01 1.016715065007003406e-02 -5.202488744088320516e-01 -1.758183154851339358e-01 3.270382341765092349e-01 1.775509937579277386e-01 -3.150091020556800014e-01 -2.190244030002190812e-01 -2.766400650857364085e-01 8.871017034717719740e-01 4.618497868318413024e-01 -1.031123167275499908e+00 -2.640429634229108924e+00 1.485395704214110824e+00 1.157590635887574670e+01 8.068201776109173995e-01 -2.147449550152832121e+00 -8.238429673917962992e-01 -8.141260663765069738e-01 1.689673901274617862e-01 -8.485895632972630109e-02
3.913657048121411131e-01 1.091135611224916951e-01 -2.762798720784881978e-01 3.081670236942335439e-01 -6.508863164805301915e-01 5.359332300523713677e-01 9.237670351292562865e-01 -6.530561358756015178e-01 -1.528690910625297994e-01 -2.074833879534591363e-01 -4.752913034730428810e-01 8.527644634070314922e-01 7.928979801845432718e-01 1.109690767062414818e-01 2.190829562720407742e-01 -1.481594716309875270e-01 -8.487901639017894073e-01 -8.936768970018083014e-02 -1.842464106850680017e-01 -1.647558380988483062e-01 2.288351535297043216e-01 4.115654058190830189e-01 -1.135654458749459916e-01 3.271253108261907849e-01 1.215792369277921336e+00 2.255480242677332658e-01 -5.156032862430442315e-02 -7.787878389807729729e-01 4.266478272664918359e-02 1.320926638196418867e+00 -2.552980537897518443e-01 -1.130574077947958278e+00 -2.593957945221093908e+00 8.068201776109173995e-01 1.128095556699556923e+01 5.988975472779513032e-01 -2.245558527976716956e+00 -1.274261237107071398e+00 -9.090621049960593281e-01 1.408468588111108921e-01
3.561260475461927033e-01 4.946641027755022679e-01 9.183446576485390644e-02 -3.240653469362988343e-02 -2.692412489594424585e-01 -1.140920003357732415e-01 -4.234418929926176967e-01 -3.465424338005684834e-01 2.507373845023111447e-01 -1.841741854348170337e-01 -6.782860305766985620e-02 -9.643258527046110196e-01 -2.404784798235247711e-01 6.240692672906822391e-01 2.113256078748069686e-02 -7.984503580357223129e-02 3.592782772611755604e-01 -4.691733235381639333e-01 -6.753055493306787671e-01 -3.252331215304455903e-01 5.342117655630804762e-01 5.135659131292177326e-01 -4.350178832651570571e-01 6.981929660964186594e-03 -3.827809182923972431e-01 1.043442941530775547e-01 1.287492202995302315e-01 -1.430472649493639559e-01 -8.375792892414920532e-01 3.171473001463700342e-02 4.886628398346617441e-01 -1.204664654126106765e-01 -1.624592230757791134e+00 -2.147449550152832121e+00 5.988975472779513032e-01 1.049611211955932255e+01 4.119528580035650145e-01 -1.718948693339749090e+00 -1.429685883954084025e+00 -5.873614917104308386e-01
-8.507707418830955381e-01 -1.545550010836957422e-01 9.556859417590507499e-02 4.269363856924179301e-01 7.653501141869017976e-02 -1.105239027423162015e-04 -7.275799656498734003e-02 -6.495341370391906066e-01 -8.074200832438531428e-02 -4.875523612850145017e-01 3.242305720884864351e-01 -9.931847608057684518e-01 -1.950625817620816049e-01 -9.274638089040508626e-02 2.896968734608413309e-01 3.879055232584301405e-01 1.509169673636958642e-01 -6.290858934776244471e-01 -9.180147919999972483e-01 -4.294172432364439795e-01 -4.201319036362223536e-02 4.486094942317402356e-01 -5.361084763511310136e-01 5.990382278852834919e-02 1.263899494186485062e-02 4.004185596760874155e-01 1.256494156624088365e-01 -1.418877535605990170e-01 -2.103556007177394827e-01 2.674807403856593879e-02 9.837976657363110833e-02 9.522641908731196425e-01 -3.062628019974809601e-01 -8.238429673917962992e-01 -2.245558527976716956e+00 4.119528580035650145e-01 1.052671351893817153e+01 5.460045288499961735e-01 -1.991895475000822202e+00 8.577996891076329622e-02
-3.934358315927191097e-01 -1.497912792299370965e-01 4.408900231482992815e-01 -3.783426049016081483e-01 1.568383258085103704e-01 -2.126093057199799907e-01 -1.482407077450703659e-01 -1.465820325642217536e-01 -1.913509183236591915e-02 6.855604787686375712e-01 5.731379513414989191e-01 4.108418642728169923e-01 -2.829605379803622478e-01 -4.051976970824415769e-01 2.610345127443320368e-01 8.419707143120379322e-02 5.019709239737408790e-01 -1.633252878952251852e-01 -5.403805047121891247e-01 -6.322769443236762044e-01 -2.604232177283293814e-01 -3.248631940131772589e-01 -3.920651181288830611e-01 1.177958131370041434e-01 7.101032299737459752e-01 7.898118010056262572e-02 -1.122240208703112058e-01 4.461104874239311679e-01 -4.432600796811133059e-01 4.586687144784397895e-03 1.675079226835437807e-01 5.301231897785483316e-01 4.534248065313659093e-01 -8.141260663765069738e-01 -1.274261237107071398e+00 -1.718948693339749090e+00 5.460045288499961735e-01 9.701596520901514253e+00 1.183584810728780079e+00 -2.204686738817755565e+00
-1.589979932496913939e+00 -6.704425634548411006e-01 -2.030228810587385302e-01 1.064886974218612004e+00 3.996590347073461502e-01 -1.061474380219907532e-01 2.137283294569070069e-02 -4.101186226610052388e-01 -3.931825951102406180e-01 1.225345339247549958e-01 -1.862463442767042787e-01 7.683721555121373337e-01 2.541353975240536744e-01 -5.997685630120143108e-01 -8.854898889689514219e-01 1.907396224459437239e-01 4.769823163561849877e-01 7.468931296234783135e-01 6.613844883257230522e-02 -7.262511180258696131e-02 -3.149386903939569993e-01 -4.127962680292724951e-01 2.034086435975974161e-01 -2.586429497825979418e-01 -4.502414924882174319e-01 6.745903860924673534e-02 3.231418644463178169e-01 -4.969895861868203757e-01 2.999753919258116297e-01 -9.799802745849382768e-02 -6.699504194798860945e-01 1.558888404349482483e-02 2.341130374403068704e-01 1.689673901274617862e-01 -9.090621049960593281e-01 -1.429685883954084025e+00 -1.991895475000822202e+00 1.183584810728780079e+00 9.156741427663622090e+00 -3.014304717526701261e-01
