9.161746235126136284e+00 9.797512125647350745e-01 -1.437513647133838113e+00 -5.609195500078528740e-01 -3.597519019186130179e-02 5.202951367596259091e-01 -1.113859024832246358e-01 -3.422409961837147990e-02 -4.280891312020779216e-02 1.519423072428827473e-02 -1.788754202043291996e-01 8.805394195781667266e-01 -2.767590368507586995e-01 -9.835198833984817868e-02 4.020686956713483140e-02 3.834933998225485974e-01 -4.029519181821168416e-01 2.331148073333141890e-01 6.067857850893263461e-01 5.979558535153744331e-02 -3.079930886366752940e-01 -6.309855299286986074e-01 -1.414376981523669807e-01 -4.268773273492792453e-01 1.766758832679633517e-01 4.678803366988564666e-02 -3.302590372317867340e-01 -4.123743919885898279e-01 -4.879503401476650848e-02 1.163036058324687788e-01 -7.372073159586559066e-02 -1.731077843847691755e-01 -2.029991349035329684e-01 6.044948905525356075e-02 7.186453685298579974e-02 7.411667946666877782e-02 -9.030971798214952606e-02 -2.182804019045472277e-01 -2.169623708474593737e+00 3.103154595091138779e-01
9.797512125647350745e-01 7.520319671705239628e+00 9.910271847312958071e-01 -1.682498611761303664e+00 -5.043046283798811036e-01 1.063787156344903895e-01 1.943534864841348631e-01 -2.472144973822665848e-01 -8.382812999727788650e-02 1.922555263750063137e-01 -1.431876271015851410e-01 1.116514505693260301e-01 3.285229747490443497e-01 4.158569278883819664e-01 -4.320472305806982716e-01 1.874159022798803087e-01 -1.237481751616801573e-01 -1.341954853357024864e-02 5.828062542712068861e-02 2.187805367733287321e-01 3.107566519641060121e-01 -5.535434898090070277e-01 -1.068355601750655831e-01 4.268464175218761314e-02 -2.083345204032221176e-01 1.125808568047760305e-01 -4.952506952060448109e-02 1.374782743254751860e-01 3.804329403703861634e-01 -8.733583353691198869e-02 -3.963664681568827008e-01 9.806305865019193657e-02 -5.545377745721176421e-02 -1.981368805693183299e-01 2.001319250990251375e-01 1.858180482296772351e-01 2.036262214740832549e-02 8.713487220116483689e-02 -1.352667751215795189e+00 -1.800213047123577992e+00
-1.437513647133838113e+00 9.910271847312958071e-01 7.002441162770383976e+00 2.045604201269917155e-01 -1.921559164259798447e+00 1.506393879809022826e-02 1.146987587928392227e-01 1.660231468710208769e-01 2.397079620861806704e-01 -7.371681422941815665e-02 -2.265757976460894274e-01 -7.429601792549922479e-02 9.227999779913276940e-03 6.216420836232408598e-02 2.252356766667663324e-01 -5.694580478857971251e-01 -1.235018706380366232e-01 -1.432723262606986903e-01 7.672934952967261704e-03 4.056860450495494708e-01 -5.536936659632041985e-02 3.767816713088746328e-01 -2.647450875255853431e-01 5.233891894598440703e-02 4.162108625172568632e-01 1.365739181882839326e-01 2.372885866740370442e-01 -9.060133308499353222e-02 3.599532808989885369e-01 1.221618598050725757e-01 -2.328114775279585824e-01 3.687165751586186646e-01 1.903586951905461011e-01 1.779981307158521042e-01 -3.125978284150192354e-02 -2.482812636564708970e-03 4.772882712487813706e-01 2.663354426466243430e-01 -1.890153263301231068e-01 -3.060938172602747920e-01
-5.609195500078528740e-01 -1.682498611761303664e+00 2.045604201269917155e-01 6.965124219566017238e+00 -1.197609307005443324e-01 -1.278391624765189416e+00 -2.156714396350099816e-02 -1.352250252335833181e-01 -2.663153542311064853e-02 -1.767261983649641433e-01 2.085299823155701560e-01 -3.033626295588686683e-01 7.667562513030874716e-02 -3.680005922533995943e-01 1.373112857909639939e-01 5.121693461764494082e-02 -5.505700193487543526e-02 -2.748927245529741437e-01 -1.956565223331736825e-01 3.189495452937546327e-01 9.993606394108222116e-03 1.977917940085967829e-01 1.590251882638364922e-01 -1.991866385956557808e-02 1.537226044493802402e-01 1.132635782684580233e-01 1.480552032561336349e-02 -8.835481965854596886e-02 6.507793200355621588e-02 2.579151208251756824e-02 5.174996381082189179e-02 -3.752664220038737924e-02 -7.121781943452462627e-03 -1.691599273239983159e-01 -1.269549221038339948e-01 -4.764342204752958221e-02 -4.818922337912697612e-02 5.139392295992150500e-02 8.377909571738081373e-01 6.545695131632405239e-01
-3.597519019186130179e-02 -5.043046283798811036e-01 -1.921559164259798447e+00 -1.197609307005443324e-01 7.502773406908347376e+00 6.806286264212434434e-01 -6.691761630599547539e-01 -3.965046255066771441e-01 6.463226482344980317e-02 4.272382052482389114e-01 1.894818707298269178e-01 -2.407576834021817880e-01 -2.838994456129350641e-01 3.128386932209694660e-01 7.507040915037500872e-02 2.945315961081133027e-01 -1.657937453769061861e-02 4.792234786005308833e-02 1.970045428976511526e-01 -2.303919404735454701e-01 -2.326905636270947542e-01 -4.531513388422304112e-01 4.691387149632444270e-02 2.035105213031725424e-01 -4.935402089144588222e-01 3.533646328283147203e-02 -4.837199287393969399e-02 -1.662624266424323274e-02 1.116284396685958274e-01 -2.148236800902862120e-01 -2.126208681446932758e-01 -4.732649656138396832e-01 2.391940020428763233e-03 4.721958670979019279e-02 1.963240293613830456e-01 -1.570404537064248041e-01 1.752761712244573500e-01 4.769089506332406248e-01 2.886781202807667812e-01 -1.487088530619346260e-01
5.202951367596259091e-01 1.063787156344903895e-01 1.506393879809022826e-02 -1.278391624765189416e+00 6.806286264212434434e-01 7.335898886219963444e+00 9.054737532302710168e-01 -1.710434810140543327e+00 -4.301240511335859829e-01 1.782812895514910567e-01 2.202967831659371212e-01 -4.125463534454955061e-01 -1.812059550840004196e-01 2.740472363322231653e-01 1.879494728154683103e-01 -1.326631927734736871e-01 -2.705072893284005686e-01 -8.081154851092345326e-02 1.084574011056937543e-01 4.566287706547454694e-02 4.347303889870449134e-01 -1.762730996922045462e-02 -1.018589694296122145e-01 -1.597415398306634426e-01 -7.478655839379144687e-02 3.394517797336445986e-01 1.747605795861503497e-01 -6.215053628007989259e-03 -2.944133037527300600e-01 4.197802700284800070e-02 -4.905826923758799252e-02 -6.123763141074235750e-02 -3.588126056896476235e-01 2.607954249569913174e-01 5.594124473826620481e-01 -2.435778387208133167e-01 -1.368313989489998161e-01 -2.277894545047920161e-01 -8.650522295405663198e-02 3.886348094354319382e-01
-1.113859024832246358e-01 1.943534864841348631e-01 1.146987587928392227e-01 -2.156714396350099816e-02 -6.691761630599547539e-01 9.054737532302710168e-01 7.031804312800883139e+00 -2.201875191400587753e-02 -2.086864466785275596e+00 3.893165554962993991e-01 3.410937710917719828e-02 -1.733865798710893247e-01 7.768306965225037219e-02 -9.830751990832023446e-02 1.112830701551645735e-01 1.222770914099135242e-01 -1.634829054833504547e-01 3.675907389076427112e-02 -1.308058259395039058e-01 -3.315821405975608593e-01 1.314281607977413890e-01 1.493919126438193190e-01 3.722597549034094566e-01 -3.036389230082123802e-01 -1.952388408370363815e-01 -1.796809045188453857e-01 3.263504333745660402e-01 6.902621731925365212e-02 -1.270216081988031487e-01 1.599926414742202652e-01 1.552482362909723690e-01 7.577335595862126627e-02 5.139071184501890766e-02 -5.260775289252034304e-01 1.896015712465640712e-01 1.743048054518323842e-01 1.350631978029022406e-01 4.288420358570539659e-02 -2.471456751696125831e-01 2.169055730497666812e-01
-3.422409961837147990e-02 -2.472144973822665848e-01 1.660231468710208769e-01 -1.352250252335833181e-01 -3.965046255066771441e-01 -1.710434810140543327e+00 -2.201875191400587753e-02 8.716015055611567419e+00 1.413791525243969671e+00 -2.261349008875758404e+00 -6.596263936031435682e-01 7.328502078342911119e-01 3.911742741581621385e-01 3.760474979879584873e-02 -1.056457314604964115e-01 -5.034994216662452837e-01 3.442669856304313991e-01 1.806218036781724046e-01 -2.250625404597550450e-01 -3.370764701053639567e-01 1.015716836835615922e-02 -8.857444263946805119e-02 -2.353674419347490665e-01 -5.309156686412808829e-02 3.174165634809060221e-01 4.691971762139664215e-02 -3.943379482457911034e-01 1.896066852137169023e-01 1.553653564154124922e-01 1.867937215920040528e-01 -2.156951204827253221e-01 -2.302319919438887974e-01 3.219392082357823703e-01 -9.228730774953214366e-02 -3.829699082547792788e-01 2.819415248094599979e-01 -1.580112972625264400e-01 8.691977858905067245e-02 2.182340873799186176e-01 -2.705569415847499104e-01
-4.280891312020779216e-02 -8.382812999727788650e-02 2.397079620861806704e-01 -2.663153542311064853e-02 6.463226482344980317e-02 -4.301240511335859829e-01 -2.086864466785275596e+00 1.413791525243969671e+00 8.603022072363438966e+00 3.903202798223098235e-01 -1.926512660351227701e+00 -4.054932756177941910e-01 -3.090823653483417144e-01 1.588879801694858818e-01 1.652175453980510300e-01 -4.470619663673695843e-02 2.425948846341441922e-01 8.594698304275494305e-02 6.725787630514018511e-02 -2.426737564916570944e-01 -3.334066738850006151e-01 -2.636568031983931304e-01 6.934510162200614725e-02 2.730479747012935499e-01 -1.292901890984685387e-01 -3.104817166984831789e-01 -3.392758339146177970e-01 -2.131706364410737575e-01 4.254991424522273635e-01 -9.025220010455056729e-02 5.653959767967980249e-02 -6.626766162928572623e-02 -1.667131426049584808e-01 4.330728179075336165e-02 -2.808038537819661923e-02 1.586686797182012276e-01 -1.200031607908436659e-01 -3.698837147958432547e-01 -3.696304549281947405e-01 -3.051287437909908640e-01
1.519423072428827473e-02 1.922555263750063137e-01 -7.371681422941815665e-02 -1.767261983649641433e-01 4.272382052482389114e-01 1.782812895514910567e-01 3.893165554962993991e-01 -2.261349008875758404e+00 3.903202798223098235e-01 8.696829244139163251e+00 1.813942846728235081e-02 -1.777133839485393940e+00 -3.013397834844754319e-01 -3.474779413645769782e-02 2.329092779897998788e-01 3.345289110681556877e-01 3.662089601746753437e-02 -3.365932963075089490e-01 1.977074314834036811e-02 -1.551414544746897439e-01 2.169819345466447724e-01 8.240023837142375351e-02 6.319889155574374973e-02 1.559575773535430421e-01 3.768399266993373992e-02 -2.535094176333270166e-01 -9.924149272815205314e-02 2.980943172669983099e-01 1.420688639525598262e-01 1.628334695357386841e-01 1.052252858206005615e-01 9.492195870745197273e-02 -2.622682109299536712e-01 1.188690201394175805e-01 1.056579858193949367e-01 -2.379458484757598635e-01 3.926295693632225747e-01 8.786870618780349973e-02 -2.684368393353006588e-01 -2.764809113840833721e-01
-1.788754202043291996e-01 -1.431876271015851410e-01 -2.265757976460894274e-01 2.085299823155701560e-01 1.894818707298269178e-01 2.202967831659371212e-01 3.410937710917719828e-02 -6.596263936031435682e-01 -1.926512660351227701e+00 1.813942846728235081e-02 9.601099633191090277e+00 4.717652010104668170e-01 -1.929610691633326214e+00 -8.212962885680608061e-01 -3.651486637702075488e-01 7.603254336117299950e-01 3.704594961370460959e-01 3.478013454130809284e-02 3.044398656476723919e-01 7.477656707298432903e-02 -9.766491755179050605e-02 1.922001278762685769e-02 3.956436570728065205e-01 -1.518865879086969684e-01 1.748609052339758774e-01 -1.890812322557628988e-01 -1.131710108308795759e-01 2.924356566102591093e-01 -7.880643730930431134e-01 -1.107940102971234075e-01 1.074429955356556304e-01 3.132350657666982952e-01 1.853355875019023769e-01 -1.416171427833169336e-02 1.580228592260621333e-03 -4.887506218004827319e-01 5.608764308755698202e-02 -8.125884671820184091e-02 4.420337004081340698e-02 8.034638630267097736e-02
8.805394195781667266e-01 1.116514505693260301e-01 -7.429601792549922479e-02 -3.033626295588686683e-01 -2.407576834021817880e-01 -4.125463534454955061e-01 -1.733865798710893247e-01 7.328502078342911119e-01 -4.054932756177941910e-01 -1.777133839485393940e+00 4.717652010104668170e-01 8.674340178946646773e+00 1.166904039517654285e-01 -1.800784730516411747e+00 -8.339088809227946930e-01 2.221162366932391899e-02 1.797967017201777470e-02 7.601228704448481643e-01 9.783262026688553659e-02 -2.555736001542454061e-01 -3.626083742520519460e-01 3.127076758443725901e-01 1.756402895402921216e-01 -2.589398760988749770e-01 -2.894520699170818334e-01 5.669967283785001810e-02 -4.516070837173368213e-01 -1.063677168910262677e-01 -1.258649138916254351e-01 9.004095703606791734e-02 1.841509461156801974e-01 3.152296584482754405e-01 2.355409397324446652e-01 -3.573524057316999070e-01 -3.832391372817339076e-02 -1.929431972334600953e-01 1.099240094884068319e-01 8.858388632609888458e-02 -4.043161087948464738e-01 -4.591778372596977964e-01
-2.767590368507586995e-01 3.285229747490443497e-01 9.227999779913276940e-03 7.667562513030874716e-02 -2.838994456129350641e-01 -1.812059550840004196e-01 7.768306965225037219e-02 3.911742741581621385e-01 -3.090823653483417144e-01 -3.013397834844754319e-01 -1.929610691633326214e+00 1.166904039517654285e-01 8.737494631506491416e+00 5.962380845915338234e-01 -2.120133879796365139e+00 -5.273078402986212110e-01 3.301870976295848137e-01 4.603654368428203858e-01 -1.064884200003102521e-01 -2.031068459310925167e-02 1.920943954826320743e-01 4.112977246154873173e-02 -2.267389431587875370e-01 3.207558636502608751e-01 -8.107326627230517294e-03 -1.381377287727340863e-01 -4.279404637678976275e-01 -2.546546635047117202e-01 -4.761773040155337783e-03 4.171024741525939383e-01 4.597164604347760142e-03 1.053418611119068538e-01 -2.226190224517299865e-01 5.230794051707639003e-01 2.301850441137512707e-02 -3.541601255142289711e-02 -3.486809603538135738e-01 -1.042715242651012439e-02 1.235237259534411880e-01 1.014037966587726519e-01
-9.835198833984817868e-02 4.158569278883819664e-01 6.216420836232408598e-02 -3.680005922533995943e-01 3.128386932209694660e-01 2.740472363322231653e-01 -9.830751990832023446e-02 3.760474979879584873e-02 1.588879801694858818e-01 -3.474779413645769782e-02 -8.212962885680608061e-01 -1.800784730516411747e+00 5.962380845915338234e-01 7.700146905350950810e+00 3.959594683942369575e-01 -1.729777003063730945e+00 -4.068301703023308735e-01 6.437930987376432046e-02 3.587686111770218567e-01 -1.444007403627828034e-01 -3.087632383741624187e-01 -2.795832317185146798e-01 3.441383111315322180e-02 8.140673845557867827e-03 2.659294541362814956e-01 1.487354948441284852e-01 -3.284698080378932634e-03 -2.942790881227613786e-01 -1.509037983408869077e-01 -2.214358241702550911e-01 -3.531429393101581105e-01 -1.746982680315565251e-01 -2.867185204097572604e-01 8.256024630736714942e-02 5.026905470308641322e-01 4.490553438898464700e-02 -3.432339399888685860e-01 4.984062981095443295e-02 -2.882250713133806611e-02 -1.857959788109347365e-01
4.020686956713483140e-02 -4.320472305806982716e-01 2.252356766667663324e-01 1.373112857909639939e-01 7.507040915037500872e-02 1.879494728154683103e-01 1.112830701551645735e-01 -1.056457314604964115e-01 1.652175453980510300e-01 2.329092779897998788e-01 -3.651486637702075488e-01 -8.339088809227946930e-01 -2.120133879796365139e+00 3.959594683942369575e-01 8.219898334868069867e+00 9.956966070458386775e-02 -2.035722672496298458e+00 -5.507409445865555364e-01 -1.553628270671000844e-01 1.982946267127023154e-01 1.455293973006526187e-01 -6.704284603040479296e-02 3.627915503916642748e-02 1.324093258242247176e-02 6.945684060442973429e-02 2.643392267611499036e-01 1.596675084167151482e-01 -1.447131579924690326e-01 -3.564306769428619015e-01 1.245989953731499629e-02 1.258344761251763422e-01 -7.219257561669509271e-02 1.007118107180081656e-01 -1.192488794585028211e-01 -1.262774736464702674e-01 -3.174754309815257525e-01 4.648757700425824035e-01 2.773802974034872415e-01 -2.354154693913682733e-02 4.978764219346429321e-01
3.834933998225485974e-01 1.874159022798803087e-01 -5.694580478857971251e-01 5.121693461764494082e-02 2.945315961081133027e-01 -1.326631927734736871e-01 1.222770914099135242e-01 -5.034994216662452837e-01 -4.470619663673695843e-02 3.345289110681556877e-01 7.603254336117299950e-01 2.221162366932391899e-02 -5.273078402986212110e-01 -1.729777003063730945e+00 9.956966070458386775e-02 8.601844671197158121e+00 5.039702306183916347e-01 -1.267000678443786388e+00 2.959098000307823217e-01 -9.979043511324619739e-03 2.971382130252210874e-01 1.368837458233877480e-01 -4.320625680346830144e-01 -2.120307481093613999e-01 -7.135920442462101443e-01 -1.918833355391095785e-01 -1.297536854428445463e-01 1.416428138122821090e-01 2.432887105278259410e-01 7.697702241209705698e-02 -4.022157380018992479e-01 3.462500155416027292e-01 4.983708318754691557e-01 -3.341455084195698588e-01 -5.139476978110335548e-01 3.440262200162982897e-01 4.871391082777078441e-01 -2.040188234138660406e-01 -1.168571315401050886e-01 -2.104555026241254345e-01
-4.029519181821168416e-01 -1.237481751616801573e-01 -1.235018706380366232e-01 -5.505700193487543526e-02 -1.657937453769061861e-02 -2.705072893284005686e-01 -1.634829054833504547e-01 3.442669856304313991e-01 2.425948846341441922e-01 3.662089601746753437e-02 3.704594961370460959e-01 1.797967017201777470e-02 3.301870976295848137e-01 -4.068301703023308735e-01 -2.035722672496298458e+00 5.039702306183916347e-01 7.113881766975167054e+00 5.381224351617267532e-01 -8.725479456255400557e-01 -3.633150967322085201e-01 8.904522753494176213e-02 3.860946611522766969e-01 -1.860025594214418099e-01 1.826535423118021417e-01 -1.213316223247157093e-02 3.751568391593658458e-02 5.598283947985804171e-02 -3.064047083814716022e-01 -1.494977356373787709e-02 -2.284366418427588585e-01 3.978746411317785406e-03 8.508011858885708434e-02 -4.556288483772458209e-01 -1.489040984673705714e-01 -2.820743313206618974e-01 5.637787892236388876e-01 1.400384245954191254e-01 3.040001949696291908e-02 8.708761604016025670e-02 -9.302777770972234239e-02
2.331148073333141890e-01 -1.341954853357024864e-02 -1.432723262606986903e-01 -2.748927245529741437e-01 4.792234786005308833e-02 -8.081154851092345326e-02 3.675907389076427112e-02 1.806218036781724046e-01 8.594698304275494305e-02 -3.365932963075089490e-01 3.478013454130809284e-02 7.601228704448481643e-01 4.603654368428203858e-01 6.437930987376432046e-02 -5.507409445865555364e-01 -1.267000678443786388e+00 5.381224351617267532e-01 6.842038795943691021e+00 3.478300413014666637e-01 -1.368217553729336622e+00 -3.015974802186853210e-01 -2.563472191254893007e-01 4.044727736784135552e-01 -2.388880726416423295e-01 7.172953620472684311e-02 -3.354018140472735943e-01 2.152434477029439019e-01 3.164433280376205415e-02 -2.526528111846616104e-02 -3.645707859795616068e-02 -1.735016779713002277e-01 2.668637616811851687e-02 -1.589374616716849320e-01 3.627382678470110478e-02 -2.364383184411303004e-02 -1.558421554462183223e-01 -8.657426164795050186e-03 -2.027988609925272800e-01 -2.204127778743108224e-01 3.097268802241897601e-01
6.067857850893263461e-01 5.828062542712068861e-02 7.672934952967261704e-03 -1.956565223331736825e-01 1.970045428976511526e-01 1.084574011056937543e-01 -1.308058259395039058e-01 -2.250625404597550450e-01 6.725787630514018511e-02 1.977074314834036811e-02 3.044398656476723919e-01 9.783262026688553659e-02 -1.064884200003102521e-01 3.587686111770218567e-01 -1.553628270671000844e-01 2.959098000307823217e-01 -8.725479456255400557e-01 3.478300413014666637e-01 6.709246438654526301e+00 3.261880099605380390e-01 -1.355378377674139934e+00 -3.673274701411145537e-01 -3.373724879564030665e-01 9.168112806799114112e-02 7.453947461099465210e-02 7.619609272009515710e-02 5.447464165282190490e-02 -5.084051217559782954e-01 -2.667539712210086900e-01 -1.151991532267378493e-01 -2.403576714671881998e-01 -1.483700109522809452e-01 -2.758709467633178175e-02 1.728217290910213644e-01 -2.244050889591855391e-01 -1.268611143198477842e-01 -2.311503874055760577e-01 -2.860308743702009715e-01 -1.296265228153204163e-01 6.154147676883671148e-01
5.979558535153744331e-02 2.187805367733287321e-01 4.056860450495494708e-01 3.189495452937546327e-01 -2.303919404735454701e-01 4.566287706547454694e-02 -3.315821405975608593e-01 -3.370764701053639567e-01 -2.426737564916570944e-01 -1.551414544746897439e-01 7.477656707298432903e-02 -2.555736001542454061e-01 -2.031068459310925167e-02 -1.444007403627828034e-01 1.982946267127023154e-01 -9.979043511324619739e-03 -3.633150967322085201e-01 -1.368217553729336622e+00 3.261880099605380390e-01 7.722414135485477615e+00 5.667741432650452715e-01 -1.125378518616956258e+00 -3.087087827719307565e-01 1.680462493225946541e-01 2.161402166673071501e-01 1.397073401325679143e-01 -1.269797927136940563e-01 5.875333936906926291e-02 -1.353767728933487346e-01 1.503923237733931773e-01 1.500796169072453889e-01 -9.587665095754399625e-02 3.635983515920846454e-01 1.872823443024870249e-01 2.085878085847640839e-01 -5.517831172686540886e-02 -1.363154591027920803e-02 -3.770140352760972119e-02 -1.875409980865723469e-02 4.693205340630241529e-01
-3.079930886366752940e-01 3.107566519641060121e-01 -5.536936659632041985e-02 9.993606394108222116e-03 -2.326905636270947542e-01 4.347303889870449134e-01 1.314281607977413890e-01 1.015716836835615922e-02 -3.334066738850006151e-01 2.169819345466447724e-01 -9.766491755179050605e-02 -3.626083742520519460e-01 1.920943954826320743e-01 -3.087632383741624187e-01 1.455293973006526187e-01 2.971382130252210874e-01 8.904522753494176213e-02 -3.015974802186853210e-01 -1.355378377674139934e+00 5.667741432650452715e-01 7.582222706714962790e+00 3.353019276048460617e-01 -1.331704278041417444e+00 -2.478018085230483114e-01 7.491827374111012516e-02 2.708839130541776732e-02 -9.272130717872763273e-02 8.525135530941539697e-02 -3.402593123445223355e-01 6.728184032161874106e-02 -1.323047422615877267e-01 -3.596032085888283825e-01 -1.265234362446901462e-01 -2.732661597513156085e-02 9.910645153276601005e-02 4.083737277966010826e-01 -1.806833392086344137e-01 2.685693706691141824e-01 9.873287739676361863e-02 -1.085238545028230223e-01
-6.309855299286986074e-01 -5.535434898090070277e-01 3.767816713088746328e-01 1.977917940085967829e-01 -4.531513388422304112e-01 -1.762730996922045462e-02 1.493919126438193190e-01 -8.857444263946805119e-02 -2.636568031983931304e-01 8.240023837142375351e-02 1.922001278762685769e-02 3.127076758443725901e-01 4.112977246154873173e-02 -2.795832317185146798e-01 -6.704284603040479296e-02 1.368837458233877480e-01 3.860946611522766969e-01 -2.563472191254893007e-01 -3.673274701411145537e-01 -1.125378518616956258e+00 3.353019276048460617e-01 7.470036974104118599e+00 5.111833040214619484e-01 -1.834387269938663634e+00 -2.347635710277924392e-01 -3.100980823302162959e-01 1.933438710504148950e-01 4.403918749689599843e-01 -1.515598776098212308e-01 -1.657902461387998627e-01 1.314741864207613457e-02 2.511215771552890996e-01 -7.055282266157733573e-02 -4.475369402605380853e-01 8.486036253808521002e-02 1.768185692192404956e-01 4.319085217444538771e-01 2.948681775129178839e-01 -1.231107709338094963e-01 -1.799720692162321278e-01
-1.414376981523669807e-01 -1.068355601750655831e-01 -2.647450875255853431e-01 1.590251882638364922e-01 4.691387149632444270e-02 -1.018589694296122145e-01 3.722597549034094566e-01 -2.353674419347490665e-01 6.934510162200614725e-02 6.319889155574374973e-02 3.956436570728065205e-01 1.756402895402921216e-01 -2.267389431587875370e-01 3.441383111315322180e-02 3.627915503916642748e-02 -4.320625680346830144e-01 -1.860025594214418099e-01 4.044727736784135552e-01 -3.373724879564030665e-01 -3.087087827719307565e-01 -1.331704278041417444e+00 5.111833040214619484e-01 7.507157678432569980e+00 6.614363725080626422e-01 -1.942967595383463753e+00 -2.538170024224294941e-01 -1.470630963659460277e-01 1.013516742401721418e-02 -2.545033170241152720e-01 -2.008271237950039756e-01 -3.895842209162987679e-02 3.046616253034750144e-01 7.575406190782689730e-01 -2.078429406445660155e-01 -1.274476933759260133e-01 -2.005712729813156903e-01 -4.048375724806049791e-01 -3.031281762376297206e-01 -1.477631700001584558e-01 -4.731565316557131279e-02
-4.268773273492792453e-01 4.268464175218761314e-02 5.233891894598440703e-02 -1.991866385956557808e-02 2.035105213031725424e-01 -1.597415398306634426e-01 -3.036389230082123802e-01 -5.309156686412808829e-02 2.730479747012935499e-01 1.559575773535430421e-01 -1.518865879086969684e-01 -2.589398760988749770e-01 3.207558636502608751e-01 8.140673845557867827e-03 1.324093258242247176e-02 -2.120307481093613999e-01 1.826535423118021417e-01 -2.388880726416423295e-01 9.168112806799114112e-02 1.680462493225946541e-01 -2.478018085230483114e-01 -1.834387269938663634e+00 6.614363725080626422e-01 7.728965845033405557e+00 8.601395081946241472e-01 -1.532303295501483253e+00 -7.127716976467820542e-01 -2.510648806820510170e-01 4.393983571388946352e-01 4.200384523342809984e-01 -3.234783010808967713e-02 3.432846691774111836e-01 2.243965453822682199e-01 4.133557994606266717e-01 2.026554461192849321e-01 2.595159404350684262e-01 -3.678173643981653973e-02 -1.257100462948786967e-01 2.856195157970229381e-01 -1.641084485942845561e-01
1.766758832679633517e-01 -2.083345204032221176e-01 4.162108625172568632e-01 1.537226044493802402e-01 -4.935402089144588222e-01 -7.478655839379144687e-02 -1.952388408370363815e-01 3.174165634809060221e-01 -1.292901890984685387e-01 3.768399266993373992e-02 1.748609052339758774e-01 -2.894520699170818334e-01 -8.107326627230517294e-03 2.659294541362814956e-01 6.945684060442973429e-02 -7.135920442462101443e-01 -1.213316223247157093e-02 7.172953620472684311e-02 7.453947461099465210e-02 2.161402166673071501e-01 7.491827374111012516e-02 -2.347635710277924392e-01 -1.942967595383463753e+00 8.601395081946241472e-01 8.901616991867005169e+00 6.918402222125041856e-01 -1.570080197601283700e+00 -1.756040129752785561e-01 -8.868169875438348948e-02 2.737927315498731584e-01 -1.612280931972327191e-01 1.810203399881110675e-01 -6.917718949756180846e-01 4.223745663987749643e-01 8.425697706271408072e-02 -2.595563599086327944e-01 1.876623956680592564e-01 -1.521388045355686336e-01 -2.802050211351955755e-01 4.149479155285508147e-01
4.678803366988564666e-02 1.125808568047760305e-01 1.365739181882839326e-01 1.132635782684580233e-01 3.533646328283147203e-02 3.394517797336445986e-01 -1.796809045188453857e-01 4.691971762139664215e-02 -3.104817166984831789e-01 -2.535094176333270166e-01 -1.890812322557628988e-01 5.669967283785001810e-02 -1.381377287727340863e-01 1.487354948441284852e-01 2.643392267611499036e-01 -1.918833355391095785e-01 3.751568391593658458e-02 -3.354018140472735943e-01 7.619609272009515710e-02 1.397073401325679143e-01 2.708839130541776732e-02 -3.100980823302162959e-01 -2.538170024224294941e-01 -1.532303295501483253e+00 6.918402222125041856e-01 7.504383660286126911e+00 1.032035859947220358e+00 -1.466270574700287543e+00 -4.092313878984320530e-01 -1.844425407062093986e-02 1.305152310901303847e-01 2.662360315998577032e-01 -1.537999539326974363e-01 -1.618244744959131121e-01 2.727532654378829746e-01 1.158765433853850974e-01 -1.982892144578944638e-01 -1.726475843102583119e-01 -1.242008872758987581e-01 -7.749584117184364629e-02
-3.302590372317867340e-01 -4.952506952060448109e-02 2.372885866740370442e-01 1.480552032561336349e-02 -4.837199287393969399e-02 1.747605795861503497e-01 3.263504333745660402e-01 -3.943379482457911034e-01 -3.392758339146177970e-01 -9.924149272815205314e-02 -1.131710108308795759e-01 -4.516070837173368213e-01 -4.279404637678976275e-01 -3.284698080378932634e-03 1.596675084167151482e-01 -1.297536854428445463e-01 5.598283947985804171e-02 2.152434477029439019e-01 5.447464165282190490e-02 -1.269797927136940563e-01 -9.272130717872763273e-02 1.933438710504148950e-01 -1.470630963659460277e-01 -7.127716976467820542e-01 -1.570080197601283700e+00 1.032035859947220358e+00 8.389856747241616119e+00 1.076511609268608671e+00 -1.331831112647672732e+00 -1.587963382869532758e-01 -9.221211193689211882e-02 2.654062566269461687e-01 -1.561432872495562563e-01 -3.428288625249868438e-01 5.029436564333231163e-02 -4.422113675574034647e-02 -2.300967724465228514e-01 3.374852407416319977e-01 7.410479623616703093e-02 2.924013599201254476e-01
-4.123743919885898279e-01 1.374782743254751860e-01 -9.060133308499353222e-02 -8.835481965854596886e-02 -1.662624266424323274e-02 -6.215053628007989259e-03 6.902621731925365212e-02 1.896066852137169023e-01 -2.131706364410737575e-01 2.980943172669983099e-01 2.924356566102591093e-01 -1.063677168910262677e-01 -2.546546635047117202e-01 -2.942790881227613786e-01 -1.447131579924690326e-01 1.416428138122821090e-01 -3.064047083814716022e-01 3.164433280376205415e-02 -5.084051217559782954e-01 5.875333936906926291e-02 8.525135530941539697e-02 4.403918749689599843e-01 1.013516742401721418e-02 -2.510648806820510170e-01 -1.756040129752785561e-01 -1.466270574700287543e+00 1.076511609268608671e+00 8.292253272689537269e+00 1.804099024918119631e-01 -1.427129756751319034e+00 1.503406546467065674e-01 1.441553668410578970e-01 3.797952694895460057e-01 -4.747236695379755678e-01 -7.299088966209336116e-01 -5.016519399165442206e-01 5.326376542323904562e-02 4.006185820621855909e-01 1.302524395319936031e-02 1.960503825142098037e-03
-4.879503401476650848e-02 3.804329403703861634e-01 3.599532808989885369e-01 6.507793200355621588e-02 1.116284396685958274e-01 -2.944133037527300600e-01 -1.270216081988031487e-01 1.553653564154124922e-01 4.254991424522273635e-01 1.420688639525598262e-01 -7.880643730930431134e-01 -1.258649138916254351e-01 -4.761773040155337783e-03 -1.509037983408869077e-01 -3.564306769428619015e-01 2.432887105278259410e-01 -1.494977356373787709e-02 -2.526528111846616104e-02 -2.667539712210086900e-01 -1.353767728933487346e-01 -3.402593123445223355e-01 -1.515598776098212308e-01 -2.545033170241152720e-01 4.393983571388946352e-01 -8.868169875438348948e-02 -4.092313878984320530e-01 -1.331831112647672732e+00 1.804099024918119631e-01 8.561048826483489194e+00 2.757176523156628090e-01 -1.687465731405422220e+00 -6.505387577774197627e-01 2.886798448604657175e-01 8.220079464017819582e-02 -4.048644628381466992e-01 -7.784133874380035067e-02 2.484484416081586267e-01 4.155978977686397569e-01 -1.223300315900905100e-01 -3.485169196360130561e-01
1.163036058324687788e-01 -8.733583353691198869e-02 1.221618598050725757e-01 2.579151208251756824e-02 -2.148236800902862120e-01 4.197802700284800070e-02 1.599926414742202652e-01 1.867937215920040528e-01 -9.025220010455056729e-02 1.628334695357386841e-01 -1.107940102971234075e-01 9.004095703606791734e-02 4.171024741525939383e-01 -2.214358241702550911e-01 1.245989953731499629e-02 7.697702241209705698e-02 -2.284366418427588585e-01 -3.645707859795616068e-02 -1.151991532267378493e-01 1.503923237733931773e-01 6.728184032161874106e-02 -1.657902461387998627e-01 -2.008271237950039756e-01 4.200384523342809984e-01 2.737927315498731584e-01 -1.844425407062093986e-02 -1.587963382869532758e-01 -1.427129756751319034e+00 2.757176523156628090e-01 8.017653044138000951e+00 7.927288880582264996e-01 -1.059781091038138445e+00 -7.376481892378746741e-01 8.649315078849434402e-02 4.273718030304270998e-01 6.236164234815853857e-02 -1.579437018523144332e-01 -6.374657746427815630e-02 4.499035848649542840e-02 2.648604817570583414e-01
-7.372073159586559066e-02 -3.963664681568827008e-01 -2.328114775279585824e-01 5.174996381082189179e-02 -2.126208681446932758e-01 -4.905826923758799252e-02 1.552482362909723690e-01 -2.156951204827253221e-01 5.653959767967980249e-02 1.052252858206005615e-01 1.074429955356556304e-01 1.841509461156801974e-01 4.597164604347760142e-03 -3.531429393101581105e-01 1.258344761251763422e-01 -4.022157380018992479e-01 3.978746411317785406e-03 -1.735016779713002277e-01 -2.403576714671881998e-01 1.500796169072453889e-01 -1.323047422615877267e-01 1.314741864207613457e-02 -3.895842209162987679e-02 -3.234783010808967713e-02 -1.612280931972327191e-01 1.305152310901303847e-01 -9.221211193689211882e-02 1.503406546467065674e-01 -1.687465731405422220e+00 7.927288880582264996e-01 7.490918531032031424e+00 7.446727596980678987e-01 -1.600558063108282969e+00 8.379938072036638777e-03 -1.779437754655418258e-01 -1.842965821886859978e-01 -3.955297512717414476e-01 -1.100100223694271961e-01 4.129376989729063308e-01 -7.067910589241789554e-02
-1.731077843847691755e-01 9.806305865019193657e-02 3.687165751586186646e-01 -3.752664220038737924e-02 -4.732649656138396832e-01 -6.123763141074235750e-02 7.577335595862126627e-02 -2.302319919438887974e-01 -6.626766162928572623e-02 9.492195870745197273e-02 3.132350657666982952e-01 3.152296584482754405e-01 1.053418611119068538e-01 -1.746982680315565251e-01 -7.219257561669509271e-02 3.462500155416027292e-01 8.508011858885708434e-02 2.668637616811851687e-02 -1.483700109522809452e-01 -9.587665095754399625e-02 -3.596032085888283825e-01 2.511215771552890996e-01 3.046616253034750144e-01 3.432846691774111836e-01 1.810203399881110675e-01 2.662360315998577032e-01 2.654062566269461687e-01 1.441553668410578970e-01 -6.505387577774197627e-01 -1.059781091038138445e+00 7.446727596980678987e-01 9.072290307877365123e+00 1.941441310601760006e-01 -1.451510783311886987e+00 -2.958476729526223203e-01 -4.016269574560845101e-01 2.041761324365369556e-01 -4.931611909020364864e-02 1.681083614126903103e-01 -5.592846937644630617e-02
-2.029991349035329684e-01 -5.545377745721176421e-02 1.903586951905461011e-01 -7.121781943452462627e-03 2.391940020428763233e-03 -3.588126056896476235e-01 5.139071184501890766e-02 3.219392082357823703e-01 -1.667131426049584808e-01 -2.622682109299536712e-01 1.853355875019023769e-01 2.355409397324446652e-01 -2.226190224517299865e-01 -2.867185204097572604e-01 1.007118107180081656e-01 4.983708318754691557e-01 -4.556288483772458209e-01 -1.589374616716849320e-01 -2.758709467633178175e-02 3.635983515920846454e-01 -1.265234362446901462e-01 -7.055282266157733573e-02 7.575406190782689730e-01 2.243965453822682199e-01 -6.917718949756180846e-01 -1.537999539326974363e-01 -1.561432872495562563e-01 3.797952694895460057e-01 2.886798448604657175e-01 -7.376481892378746741e-01 -1.600558063108282969e+00 1.941441310601760006e-01 9.033345068080285145e+00 6.652219313117960775e-01 -1.666804074035364458e+00 -3.558850420425437866e-01 5.085098963783509785e-01 -1.975429108518751004e-02 -2.255414902129392885e-01 -3.344507524169346852e-02
6.044948905525356075e-02 -1.981368805693183299e-01 1.779981307158521042e-01 -1.691599273239983159e-01 4.721958670979019279e-02 2.607954249569913174e-01 -5.260775289252034304e-01 -9.228730774953214366e-02 4.330728179075336165e-02 1.188690201394175805e-01 -1.416171427833169336e-02 -3.573524057316999070e-01 5.230794051707639003e-01 8.256024630736714942e-02 -1.192488794585028211e-01 -3.341455084195698588e-01 -1.489040984673705714e-01 3.627382678470110478e-02 1.728217290910213644e-01 1.872823443024870249e-01 -2.732661597513156085e-02 -4.475369402605380853e-01 -2.078429406445660155e-01 4.133557994606266717e-01 4.223745663987749643e-01 -1.618244744959131121e-01 -3.428288625249868438e-01 -4.747236695379755678e-01 8.220079464017819582e-02 8.649315078849434402e-02 8.379938072036638777e-03 -1.451510783311886987e+00 6.652219313117960775e-01 8.380083113805682160e+00 3.160423726535450673e-01 -1.798015425871358541e+00 -1.244219394238369886e-01 -2.398453730055738475e-01 -9.102696986863932638e-02 1.517492316004280528e-01
7.186453685298579974e-02 2.001319250990251375e-01 -3.125978284150192354e-02 -1.269549221038339948e-01 1.963240293613830456e-01 5.594124473826620481e-01 1.896015712465640712e-01 -3.829699082547792788e-01 -2.808038537819661923e-02 1.056579858193949367e-01 1.580228592260621333e-03 -3.832391372817339076e-02 2.301850441137512707e-02 5.026905470308641322e-01 -1.262774736464702674e-01 -5.139476978110335548e-01 -2.820743313206618974e-01 -2.364383184411303004e-02 -2.244050889591855391e-01 2.085878085847640839e-01 9.910645153276601005e-02 8.486036253808521002e-02 -1.274476933759260133e-01 2.026554461192849321e-01 8.425697706271408072e-02 2.727532654378829746e-01 5.029436564333231163e-02 -7.299088966209336116e-01 -4.048644628381466992e-01 4.273718030304270998e-01 -1.779437754655418258e-01 -2.958476729526223203e-01 -1.666804074035364458e+00 3.160423726535450673e-01 7.847193410773056321e+00 8.818340357864069556e-01 -1.434119421796931970e+00 -6.720723118674784002e-01 -5.292971176712303327e-01 1.326772846111624882e-01
7.411667946666877782e-02 1.858180482296772351e-01 -2.482812636564708970e-03 -4.764342204752958221e-02 -1.570404537064248041e-01 -2.435778387208133167e-01 1.743048054518323842e-01 2.819415248094599979e-01 1.586686797182012276e-01 -2.379458484757598635e-01 -4.887506218004827319e-01 -1.929431972334600953e-01 -3.541601255142289711e-02 4.490553438898464700e-02 -3.174754309815257525e-01 3.440262200162982897e-01 5.637787892236388876e-01 -1.558421554462183223e-01 -1.268611143198477842e-01 -5.517831172686540886e-02 4.083737277966010826e-01 1.768185692192404956e-01 -2.005712729813156903e-01 2.595159404350684262e-01 -2.595563599086327944e-01 1.158765433853850974e-01 -4.422113675574034647e-02 -5.016519399165442206e-01 -7.784133874380035067e-02 6.236164234815853857e-02 -1.842965821886859978e-01 -4.016269574560845101e-01 -3.558850420425437866e-01 -1.798015425871358541e+00 8.818340357864069556e-01 8.822444149832694649e+00 3.076238487033748914e-01 -1.339862255829877835e+00 -6.374653464112191026e-01 -3.425329668037617736e-01
-9.030971798214952606e-02 2.036262214740832549e-02 4.772882712487813706e-01 -4.818922337912697612e-02 1.752761712244573500e-01 -1.368313989489998161e-01 1.350631978029022406e-01 -1.580112972625264400e-01 -1.200031607908436659e-01 3.926295693632225747e-01 5.608764308755698202e-02 1.099240094884068319e-01 -3.486809603538135738e-01 -3.432339399888685860e-01 4.648757700425824035e-01 4.871391082777078441e-01 1.400384245954191254e-01 -8.657426164795050186e-03 -2.311503874055760577e-01 -1.363154591027920803e-02 -1.806833392086344137e-01 4.319085217444538771e-01 -4.048375724806049791e-01 -3.678173643981653973e-02 1.876623956680592564e-01 -1.982892144578944638e-01 -2.300967724465228514e-01 5.326376542323904562e-02 2.484484416081586267e-01 -1.579437018523144332e-01 -3.955297512717414476e-01 2.041761324365369556e-01 5.085098963783509785e-01 -1.244219394238369886e-01 -1.434119421796931970e+00 3.076238487033748914e-01 8.119473154308455065e+00 9.838320458783873512e-01 -1.940454969007314734e+00 -8.378959871154735561e-02
-2.182804019045472277e-01 8.713487220116483689e-02 2.663354426466243430e-01 5.139392295992150500e-02 4.769089506332406248e-01 -2.277894545047920161e-01 4.288420358570539659e-02 8.691977858905067245e-02 -3.698837147958432547e-01 8.786870618780349973e-02 -8.125884671820184091e-02 8.858388632609888458e-02 -1.042715242651012439e-02 4.984062981095443295e-02 2.773802974034872415e-01 -2.040188234138660406e-01 3.040001949696291908e-02 -2.027988609925272800e-01 -2.860308743702009715e-01 -3.770140352760972119e-02 2.685693706691141824e-01 2.948681775129178839e-01 -3.031281762376297206e-01 -1.257100462948786967e-01 -1.521388045355686336e-01 -1.726475843102583119e-01 3.374852407416319977e-01 4.006185820621855909e-01 4.155978977686397569e-01 -6.374657746427815630e-02 -1.100100223694271961e-01 -4.931611909020364864e-02 -1.975429108518751004e-02 -2.398453730055738475e-01 -6.720723118674784002e-01 -1.339862255829877835e+00 9.838320458783873512e-01 8.180646289395907544e+00 -2.544101212589978678e-01 -2.250307147130778063e+00
-2.169623708474593737e+00 -1.352667751215795189e+00 -1.890153263301231068e-01 8.377909571738081373e-01 2.886781202807667812e-01 -8.650522295405663198e-02 -2.471456751696125831e-01 2.182340873799186176e-01 -3.696304549281947405e-01 -2.684368393353006588e-01 4.420337004081340698e-02 -4.043161087948464738e-01 1.235237259534411880e-01 -2.882250713133806611e-02 -2.354154693913682733e-02 -1.168571315401050886e-01 8.708761604016025670e-02 -2.204127778743108224e-01 -1.296265228153204163e-01 -1.875409980865723469e-02 9.873287739676361863e-02 -1.231107709338094963e-01 -1.477631700001584558e-01 2.856195157970229381e-01 -2.802050211351955755e-01 -1.242008872758987581e-01 7.410479623616703093e-02 1.302524395319936031e-02 -1.223300315900905100e-01 4.499035848649542840e-02 4.129376989729063308e-01 1.681083614126903103e-01 -2.255414902129392885e-01 -9.102696986863932638e-02 -5.292971176712303327e-01 -6.374653464112191026e-01 -1.940454969007314734e+00 -2.544101212589978678e-01 8.677673670690886354e+00 1.458569958963825464e+00
