6.952696479586114364e+00 2.411690623295076052e-01 -1.655832733860849171e+00 8.161117320887119331e-02 -2.444676084621438539e-01 -8.129772690638532862e-02 2.748184182327378933e-01 3.319555437909688100e-01 3.205969668336382528e-01 -2.280037715335004878e-01 1.053730410952905400e-01 5.773640695359039815e-02 -3.097080758891185837e-01 -6.637486062930587905e-02 1.922703588248361184e-01 9.202697892894623477e-02 -2.199478482531254941e-01 2.395097488741554717e-03 1.616992755814435634e-01 1.316062107588088503e-01 3.474551806305692446e-05 -2.166171401453408640e-01 -1.771126794869234966e-01 -1.002816489388000942e-01 9.057321520707596607e-02 -2.571915304717526940e-01 -1.146089229116137725e-01 -1.186773104333632978e-01 -1.134619388129768230e-01 3.705189909054704689e-01 -3.795813766734132400e-02 -2.831708310311576993e-01 -1.467977945451698629e-01 -9.761422878411736559e-02 -5.263453073724702613e-02 1.584576485338040353e-01 -1.396651344740495182e-01 -3.090104329339646294e-01 -1.238507159969839622e+00 1.752743970805437645e-01
2.411690623295076052e-01 7.059695129081830167e+00 9.848364048287364669e-01 -9.676501858858357341e-01 -4.691074395666984809e-01 -1.678969041027323916e-01 1.803617823473567250e-01 -3.415714846792475973e-02 -3.573432530312216637e-01 -3.564204074245594378e-01 -1.026128094466280741e-02 -2.738124427968082752e-01 -2.220663290265162959e-01 2.217339067499028982e-01 -1.208707758029265028e-01 -2.410903100050643816e-02 3.888762931690484259e-01 -3.496739436995833367e-02 -8.845119372019734361e-02 3.343301019776508398e-01 2.573956848049487323e-01 1.664248635041455371e-01 8.125757623297981749e-03 2.685730885965281756e-02 -3.659585891175113487e-02 -1.028928810415738332e-01 6.123796313385673068e-02 2.352939466478810859e-01 1.689866230389329427e-01 7.543302385264948062e-02 1.385034405742118779e-01 -9.087710622399466920e-02 -1.012622877168428831e-01 1.866184176687406271e-01 3.040105367722411023e-01 1.528044439587025911e-02 -2.895972522966563378e-01 7.706909608712808613e-02 -5.948999693007350764e-01 -1.711460247754882591e+00
-1.655832733860849171e+00 9.848364048287364669e-01 6.226212575493784485e+00 3.076859951065502030e-01 -1.680453666157915471e+00 2.377380102816620960e-02 -7.762542529367628952e-02 -6.616211870586945210e-02 2.409599285351736730e-01 3.370799599166069971e-01 -1.487642632328844972e-01 1.622058963412937593e-01 1.047442921028857582e-01 -7.641534604144588350e-02 -9.245660985083331562e-02 -3.191458349818438595e-02 3.184356811602616077e-01 -3.077216038300253573e-02 -3.801836703010136320e-02 2.404692786143239891e-01 3.214181182940444460e-03 -1.472091234015967809e-01 -6.795600635228737918e-02 4.046702348078583533e-01 2.369510013127852643e-01 2.374504267671956326e-01 1.154491788993009110e-01 8.391695350560272881e-02 -8.072555854223756322e-02 8.836269785441139279e-02 -9.725423014963173463e-02 9.583099456317009657e-02 2.009400838353694874e-01 7.203912405115425396e-03 1.924084250688774256e-01 -3.942004572114359007e-02 -1.692905892306405258e-01 2.543384455038196212e-01 -6.112397980471212348e-03 -8.867013532546640098e-02
8.161117320887119331e-02 -9.676501858858357341e-01 3.076859951065502030e-01 6.796842387194476309e+00 -2.296193558865888829e-01 -1.232633875424823167e+00 6.733835732096946081e-02 2.814571183357660392e-02 3.813957870669332229e-02 9.939645329136521934e-02 -6.800706704937251046e-02 1.903217777487120621e-01 -2.923361338438755855e-02 -2.284560623667771222e-03 2.145243953657361979e-01 1.256719564586132321e-01 -1.520119942751524955e-01 -2.689562983265336160e-01 -1.331014213047533867e-01 1.171530176571485837e-01 3.386787981595500430e-01 -8.948113981955283305e-03 -1.418620776566019426e-01 5.615038901663882420e-02 7.692675661784417751e-02 2.954798523576901079e-02 -3.264558278171142414e-01 -2.496432666626159091e-01 1.879893603466054608e-01 6.522235147178842563e-02 2.671026550653063936e-01 6.892770812714564543e-02 -2.641951900856825963e-01 -2.120397725696993585e-01 -2.077297615823744253e-02 -5.736104499990962030e-02 -1.162228858860836489e-01 -3.793960751025878680e-02 3.571097339852972730e-01 -2.156717105570041260e-02
-2.444676084621438539e-01 -4.691074395666984809e-01 -1.680453666157915471e+00 -2.296193558865888829e-01 7.193235197527730662e+00 5.044150699210805389e-01 -5.343435021352929137e-01 -3.824013277169296399e-01 -1.508603945806928637e-01 3.551467207040071277e-03 -1.120395826480052454e-01 2.311122293515895706e-03 -5.800598097073854723e-03 2.798815961707354916e-01 4.897614227891736172e-01 -2.300619922703243114e-01 -3.982379576603745086e-02 -9.285145267845655234e-03 -1.301186630326544025e-01 -3.242769160997238664e-01 1.160930245044903691e-01 1.966350730592781593e-01 8.930292235258464884e-03 -1.414384579673549358e-01 -1.404883407566693276e-01 -2.121116758383860545e-01 4.306773761012022694e-02 7.419779624705605259e-02 -4.218595602163479619e-01 -5.506655460573695038e-01 -9.645893705924318828e-02 -4.610908869949462696e-01 -1.623608186657394536e-01 9.036425897048870615e-02 -1.955096050993778700e-01 1.638926925483291663e-01 4.913927421625108871e-01 -6.501626608317169487e-02 1.063840974021676850e-01 2.687354174275252347e-02
-8.129772690638532862e-02 -1.678969041027323916e-01 2.377380102816620960e-02 -1.232633875424823167e+00 5.044150699210805389e-01 6.199444807195199303e+00 1.051971605543251531e+00 -1.404094544867642513e+00 -7.424473988234912003e-01 -1.852848504852911138e-01 1.652428757595673231e-02 -2.129143622900069588e-01 -2.640270086264143723e-01 1.944028186976863581e-01 -1.162551153108473401e-01 -1.141630231786224248e-01 -1.795942357814781995e-02 8.704548689160674160e-03 1.156959894598138250e-01 -1.401070086730754061e-01 2.491693518643492977e-01 1.942538207123955807e-01 -3.832859388906777465e-01 2.441654166571880502e-01 8.424456790559942468e-03 -9.314998392297127450e-02 2.646597108433313972e-01 1.804573097107840529e-01 -5.083060516644304083e-02 -1.348466492715967580e-01 -4.939542455842915389e-03 -1.888343054000234389e-01 -1.935825956072875775e-01 4.437603256317314004e-01 -2.686395439075343061e-01 -1.137583320956826877e-01 3.664819122304722315e-02 -1.788077797427727877e-01 1.064494759971605364e-01 1.685321605935573286e-01
2.748184182327378933e-01 1.803617823473567250e-01 -7.762542529367628952e-02 6.733835732096946081e-02 -5.343435021352929137e-01 1.051971605543251531e+00 6.755107275153423352e+00 2.212686310916119614e-01 -2.166424890160403738e+00 1.357848103150737229e-01 1.377323951408744029e-01 -4.570520600822761681e-01 -6.727441074216556904e-01 -5.238382209812605939e-02 1.106207499449934628e-01 1.060738086133708596e-01 -9.851198071147036772e-02 1.533381814470005933e-01 3.323601396333218660e-02 -1.181335487027463868e-02 -1.070912577508593144e-01 1.487090756011551496e-01 5.869368779073366182e-01 -1.973754516001869352e-01 -4.230143166413250500e-01 -2.442056580596485837e-01 3.946704171373022763e-01 1.513207966066982824e-01 1.330235251784729067e-01 -1.325368982803427353e-01 2.152313394999931795e-01 -2.253732141617537099e-01 4.185972409848005144e-02 1.801752502010296464e-01 -1.187512744809798709e-01 1.439553049953996335e-02 1.565066242279872233e-01 4.234643619878022264e-02 1.566416243770655248e-01 3.826794425190326032e-02
3.319555437909688100e-01 -3.415714846792475973e-02 -6.616211870586945210e-02 2.814571183357660392e-02 -3.824013277169296399e-01 -1.404094544867642513e+00 2.212686310916119614e-01 7.986783302334592882e+00 8.381107287881015555e-01 -2.056284784931779352e+00 -5.858372371885236518e-01 2.183571845812524448e-01 3.112001681298263711e-01 -2.775547622939373293e-01 -1.655831031758755456e-01 -7.727511650830819201e-02 -6.231049961303652268e-02 -5.257091753062583667e-02 -1.066113622744381678e-01 2.762702099714412496e-01 2.237905557548446889e-01 -2.197481799468442021e-01 1.167202911161760032e-01 6.740688483389751726e-03 -3.586912099695142020e-01 2.255820751253272485e-02 -1.430111286916179170e-01 2.682803897256583886e-02 8.298587749688751680e-02 2.733747311878742883e-02 -2.512031396684349938e-01 -9.736528782597302090e-02 1.879813768403619176e-02 -1.895798969504628451e-01 -8.967774165141897957e-02 2.716077980548444737e-01 -3.000527717434385289e-01 8.847966606047706628e-02 3.489446301867140526e-02 -2.351891425599094976e-01
3.205969668336382528e-01 -3.573432530312216637e-01 2.409599285351736730e-01 3.813957870669332229e-02 -1.508603945806928637e-01 -7.424473988234912003e-01 -2.166424890160403738e+00 8.381107287881015555e-01 8.261593777507799885e+00 4.680155179067497229e-01 -1.666095205090676989e+00 -6.863424880348642509e-02 3.017295493903165426e-01 -1.643748257042108030e-01 -1.776431555058385903e-01 6.730244192516288138e-02 -5.029738260714579356e-02 -3.003347430109113425e-01 2.270454280129595437e-01 1.823437380663188792e-02 -1.662176277483487508e-01 -1.291916992506806916e-01 -1.643498004000580603e-01 6.182382852929476508e-02 1.026658431036395480e-01 6.038404340078070559e-02 -8.119005142501826977e-02 -2.951445918041712968e-01 -1.360772907611711435e-01 2.027483985689428891e-01 1.119829160098032711e-01 -7.067766565178450200e-02 -1.313462341619910934e-01 -1.671291247830855031e-01 1.465922066385564118e-02 1.827668788276593792e-01 -1.080214793301149806e-01 -5.497677707562385711e-03 -3.200780672571977847e-01 1.402354828864254242e-02
-2.280037715335004878e-01 -3.564204074245594378e-01 3.370799599166069971e-01 9.939645329136521934e-02 3.551467207040071277e-03 -1.852848504852911138e-01 1.357848103150737229e-01 -2.056284784931779352e+00 4.680155179067497229e-01 7.548535169914343257e+00 3.278437921435051194e-01 -1.255683206295296728e+00 8.194774512938353406e-02 1.553456751972224492e-01 -7.006338160280620175e-02 2.538745925166888684e-01 1.405766846199718034e-01 -9.647439938687148164e-02 1.500484795257005788e-01 8.585275035552727974e-02 -1.064542424991752750e-01 1.907420016294221476e-01 3.614165484312119592e-01 -3.108189484921439205e-02 -1.156786629502492419e-01 -1.730115444681412096e-01 -2.338575079122006892e-02 -9.319887525559185371e-02 -1.731168594723027365e-02 1.814618639287955970e-01 -1.547341427613865145e-03 4.136184788250620858e-01 -2.865706208201535543e-01 1.885875183421191204e-01 1.296534980805492121e-01 7.264918510904419535e-02 3.543610067922520201e-01 -3.028542295184026220e-02 -1.856244198506183662e-01 1.716626072185422347e-01
1.053730410952905400e-01 -1.026128094466280741e-02 -1.487642632328844972e-01 -6.800706704937251046e-02 -1.120395826480052454e-01 1.652428757595673231e-02 1.377323951408744029e-01 -5.858372371885236518e-01 -1.666095205090676989e+00 3.278437921435051194e-01 7.991573252858350074e+00 6.137317340813825961e-01 -1.296051074646622503e+00 -4.441372717131120695e-01 -1.521862469345247326e-01 3.021575978507803351e-01 7.514397174452365491e-02 -9.637649575463608231e-02 2.357908639197256809e-02 1.027083150958375303e-02 -2.219140502302918705e-02 5.101461396173486568e-02 -6.190595248983855881e-02 -2.157387852362680492e-01 -2.402114346322700017e-02 2.575780632035793993e-01 -3.353644158673703690e-01 6.898516563836855353e-02 5.975152190910184430e-02 1.123493295700290356e-01 7.781242565165882863e-02 2.620053357099098590e-01 1.223911072637283853e-01 -3.014105275085485897e-02 -6.061824445112046211e-02 -3.336134335324771882e-01 -2.682404751083386496e-01 1.412266506534416988e-01 1.455729038364827754e-01 -9.975336234500806198e-02
5.773640695359039815e-02 -2.738124427968082752e-01 1.622058963412937593e-01 1.903217777487120621e-01 2.311122293515895706e-03 -2.129143622900069588e-01 -4.570520600822761681e-01 2.183571845812524448e-01 -6.863424880348642509e-02 -1.255683206295296728e+00 6.137317340813825961e-01 6.716923258304516864e+00 3.433326810729019352e-01 -1.433791471833713027e+00 -2.049360222466773684e-01 1.900804550249190761e-01 -3.107878639313556013e-01 1.595411272938782599e-01 2.786662499231023493e-01 -1.910399317254060370e-01 -1.215751692241385101e-01 2.015404568221025247e-02 -1.569462365147518412e-01 3.993230774974282186e-03 -6.391276141149394852e-02 4.139195958522838559e-02 -1.927202193028992316e-01 -1.018328163299471109e-02 -8.631368461248987989e-02 -1.694887822137354227e-01 -1.924203945336005472e-01 1.219366871203634434e-01 -2.345524462659021592e-01 -2.834685833188862469e-01 9.015130152209403780e-02 -1.166768360524265136e-01 -6.853591277574928864e-02 1.203894829103283742e-01 -2.569132428175660010e-01 -2.316737287730493214e-02
-3.097080758891185837e-01 -2.220663290265162959e-01 1.047442921028857582e-01 -2.923361338438755855e-02 -5.800598097073854723e-03 -2.640270086264143723e-01 -6.727441074216556904e-01 3.112001681298263711e-01 3.017295493903165426e-01 8.194774512938353406e-02 -1.296051074646622503e+00 3.433326810729019352e-01 7.883006345870451348e+00 4.243849885858737014e-01 -1.657346837646798132e+00 -2.456813922874269140e-01 7.452756508124945556e-02 1.775101696174090360e-01 -6.662195880218819977e-02 1.187188994550784499e-01 2.609808590365870762e-01 -4.019799298824612739e-03 1.934338171177422405e-01 -2.432406270830510253e-02 1.597840500160908617e-01 -1.509895478651148149e-01 -1.023984456091315415e-01 1.148440593826474121e-01 6.245709171333717336e-02 -4.783903237881646092e-02 -3.051247430667557992e-01 -2.634630007013291295e-02 1.897239831894697581e-01 1.768738289619006532e-01 4.540646578559145302e-02 -1.893008069852069042e-01 -9.997231311309228916e-03 -1.288394864089849878e-01 3.261329306248612059e-01 2.642788751250430557e-01
-6.637486062930587905e-02 2.217339067499028982e-01 -7.641534604144588350e-02 -2.284560623667771222e-03 2.798815961707354916e-01 1.944028186976863581e-01 -5.238382209812605939e-02 -2.775547622939373293e-01 -1.643748257042108030e-01 1.553456751972224492e-01 -4.441372717131120695e-01 -1.433791471833713027e+00 4.243849885858737014e-01 7.332597145259057925e+00 4.633386708244214280e-01 -1.319580696115461915e+00 1.794115628961579223e-01 -6.751623125614154841e-02 -6.265025270144518321e-02 -2.387254203405990982e-01 2.203105821719614776e-01 -6.322412809862167082e-02 9.351993442022287981e-03 8.102675546253956806e-02 2.048791633942550205e-01 2.363689706756226874e-02 7.030602511253133957e-02 -1.655851197300255151e-01 -2.967139225832095360e-03 7.553835316652440790e-02 -1.462535823635381371e-01 -1.658643210813211255e-01 9.932716495000397383e-02 2.487998369966950563e-01 8.026427640959815646e-02 2.226912240973793686e-02 7.493198676156205551e-02 1.671649349672177723e-02 3.420489502495286938e-01 4.177210653107277794e-01
1.922703588248361184e-01 -1.208707758029265028e-01 -9.245660985083331562e-02 2.145243953657361979e-01 4.897614227891736172e-01 -1.162551153108473401e-01 1.106207499449934628e-01 -1.655831031758755456e-01 -1.776431555058385903e-01 -7.006338160280620175e-02 -1.521862469345247326e-01 -2.049360222466773684e-01 -1.657346837646798132e+00 4.633386708244214280e-01 7.193693180793953701e+00 4.304947838100663948e-01 -1.914392343504810245e+00 -4.615512802973085194e-01 2.460767623208960642e-01 1.204771706245752888e-01 -2.148810617520645339e-02 -1.512750903200369978e-01 -1.025662794574724035e-01 -8.914991903117269745e-02 1.328107457413676418e-01 2.283321881527732300e-01 1.643325954278754275e-01 -1.618725693575167601e-01 -7.902601201012886267e-02 -1.430536784966523478e-01 -2.352077994766152702e-01 3.015667670953298130e-01 6.355989826784300134e-02 -7.102119218204022699e-02 3.902526327359876479e-01 1.173870344989476205e-01 2.805906398705328431e-01 4.543091692649047636e-02 -9.542144742724679995e-02 2.069757862100447543e-01
9.202697892894623477e-02 -2.410903100050643816e-02 -3.191458349818438595e-02 1.256719564586132321e-01 -2.300619922703243114e-01 -1.141630231786224248e-01 1.060738086133708596e-01 -7.727511650830819201e-02 6.730244192516288138e-02 2.538745925166888684e-01 3.021575978507803351e-01 1.900804550249190761e-01 -2.456813922874269140e-01 -1.319580696115461915e+00 4.304947838100663948e-01 7.534156920655432188e+00 -2.827692808626228876e-02 -1.462496804781371118e+00 5.441876245892481867e-01 -1.219048850930808670e-01 -9.376411549075766572e-02 -2.852681595857036595e-02 1.289244596053292780e-01 2.410714810403311592e-01 -9.104311159711407642e-02 -2.209147456529389209e-01 -1.531215602224188510e-01 -9.891003071777064101e-03 3.160764163773603364e-01 3.158161899936894890e-01 -1.674546394124762361e-01 1.719076163569120130e-01 -1.852902542965683130e-01 -9.230530906344991404e-02 4.694405295823535218e-02 -1.970575450876184964e-01 -5.284595901826885100e-01 6.876545026231711821e-02 -5.204937915843419610e-02 3.193820945908019265e-02
-2.199478482531254941e-01 3.888762931690484259e-01 3.184356811602616077e-01 -1.520119942751524955e-01 -3.982379576603745086e-02 -1.795942357814781995e-02 -9.851198071147036772e-02 -6.231049961303652268e-02 -5.029738260714579356e-02 1.405766846199718034e-01 7.514397174452365491e-02 -3.107878639313556013e-01 7.452756508124945556e-02 1.794115628961579223e-01 -1.914392343504810245e+00 -2.827692808626228876e-02 7.093264399398795383e+00 8.095085176412926131e-01 -9.946609986126311309e-01 -3.810573534748041835e-01 -1.834554189442615668e-01 8.471912890946486918e-02 1.452808654209131467e-01 2.867786593205730594e-01 -2.160372001119309215e-01 -1.372698145020692373e-01 1.278178420833934736e-01 3.059801642419241949e-02 -2.540967532624856529e-01 1.056215834500758566e-01 2.787136528157049820e-02 2.075251906282710446e-01 1.462491198814863114e-01 4.943689875367372755e-02 -9.753230009317238880e-02 3.089754681553545379e-01 -7.951353525866239336e-02 8.279203679844798769e-02 7.924608272659267039e-02 7.271125941365742806e-02
2.395097488741554717e-03 -3.496739436995833367e-02 -3.077216038300253573e-02 -2.689562983265336160e-01 -9.285145267845655234e-03 8.704548689160674160e-03 1.533381814470005933e-01 -5.257091753062583667e-02 -3.003347430109113425e-01 -9.647439938687148164e-02 -9.637649575463608231e-02 1.595411272938782599e-01 1.775101696174090360e-01 -6.751623125614154841e-02 -4.615512802973085194e-01 -1.462496804781371118e+00 8.095085176412926131e-01 6.635552237773127970e+00 5.115068820964717711e-01 -1.608425405996628976e+00 -2.202077569731470952e-01 1.020754911754118144e-01 2.501205475558975627e-02 1.243605433732421772e-01 -1.598289549639681784e-01 -2.325529508467873152e-01 9.042339726015312037e-03 1.464446778327785914e-01 -1.360585162723368380e-01 -5.025601793654050665e-03 -8.487342280094118188e-03 -1.674551991500426718e-01 3.381153825074029728e-01 -6.090515620598341978e-02 -3.770961742985132203e-02 -3.537887637703848731e-02 -1.052342681683950815e-01 -3.269947518520439633e-01 5.082374434036247661e-03 1.235592342531779547e-01
1.616992755814435634e-01 -8.845119372019734361e-02 -3.801836703010136320e-02 -1.331014213047533867e-01 -1.301186630326544025e-01 1.156959894598138250e-01 3.323601396333218660e-02 -1.066113622744381678e-01 2.270454280129595437e-01 1.500484795257005788e-01 2.357908639197256809e-02 2.786662499231023493e-01 -6.662195880218819977e-02 -6.265025270144518321e-02 2.460767623208960642e-01 5.441876245892481867e-01 -9.946609986126311309e-01 5.115068820964717711e-01 6.145526201337871974e+00 1.208082938430522085e-01 -1.449477390379026787e+00 -8.941000075623832533e-02 -6.575922802784781897e-03 1.288902335570498991e-01 -1.164922060360286532e-01 -6.335966131848380645e-02 -3.115511796594648206e-02 3.486335389618722136e-01 8.302964766219939410e-04 -2.204578014260858421e-01 4.046452185079719988e-02 -2.827995403388248175e-01 -1.757871951797848886e-01 -6.020836325088780444e-02 -1.467830449030000095e-01 8.692453432192753793e-02 -7.784085323736991691e-02 -2.559860808429942347e-01 -1.549370437879425688e-01 3.728630532993302271e-01
1.316062107588088503e-01 3.343301019776508398e-01 2.404692786143239891e-01 1.171530176571485837e-01 -3.242769160997238664e-01 -1.401070086730754061e-01 -1.181335487027463868e-02 2.762702099714412496e-01 1.823437380663188792e-02 8.585275035552727974e-02 1.027083150958375303e-02 -1.910399317254060370e-01 1.187188994550784499e-01 -2.387254203405990982e-01 1.204771706245752888e-01 -1.219048850930808670e-01 -3.810573534748041835e-01 -1.608425405996628976e+00 1.208082938430522085e-01 7.116512041161947799e+00 3.847694572915430489e-01 -1.045302348216640143e+00 3.463164901610480961e-01 -2.314263724381043497e-01 -6.878342039847726297e-02 -4.219457444392356316e-02 -1.676411151229630914e-01 2.094615098741083592e-01 1.434124745844212456e-01 -5.645625037613263147e-02 3.568207437436362456e-02 4.158495381523383272e-02 -1.653642468971250890e-01 3.169156349377632020e-01 2.609550754542494869e-02 2.605499543035749710e-01 2.214041826637425658e-01 -1.278023053959182198e-01 -6.878402651363865750e-02 1.671353054638390068e-01
3.474551806305692446e-05 2.573956848049487323e-01 3.214181182940444460e-03 3.386787981595500430e-01 1.160930245044903691e-01 2.491693518643492977e-01 -1.070912577508593144e-01 2.237905557548446889e-01 -1.662176277483487508e-01 -1.064542424991752750e-01 -2.219140502302918705e-02 -1.215751692241385101e-01 2.609808590365870762e-01 2.203105821719614776e-01 -2.148810617520645339e-02 -9.376411549075766572e-02 -1.834554189442615668e-01 -2.202077569731470952e-01 -1.449477390379026787e+00 3.847694572915430489e-01 6.694280956635988211e+00 5.578996522701946681e-01 -1.187381794316686445e+00 -1.648121569183841895e-01 1.164813002302180905e-01 -2.252770679613985694e-01 -1.482262585537223731e-01 1.235028867350599496e-02 1.077811781157079207e-01 1.299552323851259003e-02 -8.307961567674627956e-02 2.441678748412453304e-01 -3.932293334984127142e-01 1.437143300466712792e-01 2.219251277036101977e-01 9.332214303013910972e-02 1.596736128230016594e-01 4.345631863614724533e-01 3.482768498888367485e-03 -1.026822473494541366e-01
-2.166171401453408640e-01 1.664248635041455371e-01 -1.472091234015967809e-01 -8.948113981955283305e-03 1.966350730592781593e-01 1.942538207123955807e-01 1.487090756011551496e-01 -2.197481799468442021e-01 -1.291916992506806916e-01 1.907420016294221476e-01 5.101461396173486568e-02 2.015404568221025247e-02 -4.019799298824612739e-03 -6.322412809862167082e-02 -1.512750903200369978e-01 -2.852681595857036595e-02 8.471912890946486918e-02 1.020754911754118144e-01 -8.941000075623832533e-02 -1.045302348216640143e+00 5.578996522701946681e-01 6.909803467480831074e+00 6.413688086016644530e-01 -1.529793715565170631e+00 5.600673835535877054e-02 -6.990324593437137468e-02 -1.520884558527786368e-01 -2.220195669185555665e-01 3.019867246065399691e-01 3.278559813283874608e-02 -1.458285401921208257e-01 -5.367002917127928346e-02 -2.845803128570372764e-01 -1.662333628306771616e-01 -7.555561466267929349e-02 4.714982582057985518e-03 2.432728049478070920e-01 2.065667085364632921e-02 -3.537169807759426021e-01 -4.310239328590342867e-02
-1.771126794869234966e-01 8.125757623297981749e-03 -6.795600635228737918e-02 -1.418620776566019426e-01 8.930292235258464884e-03 -3.832859388906777465e-01 5.869368779073366182e-01 1.167202911161760032e-01 -1.643498004000580603e-01 3.614165484312119592e-01 -6.190595248983855881e-02 -1.569462365147518412e-01 1.934338171177422405e-01 9.351993442022287981e-03 -1.025662794574724035e-01 1.289244596053292780e-01 1.452808654209131467e-01 2.501205475558975627e-02 -6.575922802784781897e-03 3.463164901610480961e-01 -1.187381794316686445e+00 6.413688086016644530e-01 6.715340249612895107e+00 2.276734470236813357e-01 -1.834580055863052062e+00 4.077166517333760676e-02 -7.402535935589804605e-02 -1.986715370308814177e-01 2.982404007287491887e-01 5.674407288445711128e-02 -5.398732547938301513e-02 -6.015894716692962718e-02 2.262334848373452334e-01 -1.600522265281830170e-01 -1.138304806283874926e-01 8.064364255101975909e-02 1.230602061997536495e-01 -2.041994176887777512e-01 -4.128782216939030220e-02 2.385140388965576730e-01
-1.002816489388000942e-01 2.685730885965281756e-02 4.046702348078583533e-01 5.615038901663882420e-02 -1.414384579673549358e-01 2.441654166571880502e-01 -1.973754516001869352e-01 6.740688483389751726e-03 6.182382852929476508e-02 -3.108189484921439205e-02 -2.157387852362680492e-01 3.993230774974282186e-03 -2.432406270830510253e-02 8.102675546253956806e-02 -8.914991903117269745e-02 2.410714810403311592e-01 2.867786593205730594e-01 1.243605433732421772e-01 1.288902335570498991e-01 -2.314263724381043497e-01 -1.648121569183841895e-01 -1.529793715565170631e+00 2.276734470236813357e-01 6.757414567024919272e+00 4.400466961825503232e-01 -1.540985421869923044e+00 -3.514188461520351692e-01 1.712376790054069564e-01 6.602414074546335276e-02 1.333711983859425243e-01 -2.209520046349881372e-03 -9.459363978591206479e-02 2.037927504651115551e-01 -1.305842524988410080e-01 1.006696629066534260e-01 -1.129389989775968217e-01 -6.620379764889967877e-02 1.061178054657483175e-02 3.241511859169759480e-01 1.493449143651422173e-01
9.057321520707596607e-02 -3.659585891175113487e-02 2.369510013127852643e-01 7.692675661784417751e-02 -1.404883407566693276e-01 8.424456790559942468e-03 -4.230143166413250500e-01 -3.586912099695142020e-01 1.026658431036395480e-01 -1.156786629502492419e-01 -2.402114346322700017e-02 -6.391276141149394852e-02 1.597840500160908617e-01 2.048791633942550205e-01 1.328107457413676418e-01 -9.104311159711407642e-02 -2.160372001119309215e-01 -1.598289549639681784e-01 -1.164922060360286532e-01 -6.878342039847726297e-02 1.164813002302180905e-01 5.600673835535877054e-02 -1.834580055863052062e+00 4.400466961825503232e-01 7.903857729656997400e+00 7.473204626426528385e-01 -1.084576095939958629e+00 6.925626257553339771e-02 -2.830811674934238242e-01 -1.566601668267573466e-01 8.143236323654697018e-02 1.813537360525471209e-01 1.250887646506712754e-02 2.716746203650022840e-01 -3.056289478291718265e-01 -2.928012681113272841e-01 4.719510683936144479e-01 -4.346898389397810258e-02 -3.494404424663322822e-02 -9.929401326893542989e-02
-2.571915304717526940e-01 -1.028928810415738332e-01 2.374504267671956326e-01 2.954798523576901079e-02 -2.121116758383860545e-01 -9.314998392297127450e-02 -2.442056580596485837e-01 2.255820751253272485e-02 6.038404340078070559e-02 -1.730115444681412096e-01 2.575780632035793993e-01 4.139195958522838559e-02 -1.509895478651148149e-01 2.363689706756226874e-02 2.283321881527732300e-01 -2.209147456529389209e-01 -1.372698145020692373e-01 -2.325529508467873152e-01 -6.335966131848380645e-02 -4.219457444392356316e-02 -2.252770679613985694e-01 -6.990324593437137468e-02 4.077166517333760676e-02 -1.540985421869923044e+00 7.473204626426528385e-01 6.977636606772359862e+00 6.963561330993173204e-01 -1.194069733789886456e+00 -1.809455245251496147e-01 -6.537291921632755465e-02 5.427723428426019237e-02 1.226611417751840849e-01 1.658031206654964895e-01 1.767798921316223737e-01 5.651640590953026927e-02 1.163879968443157636e-01 1.578412983680849979e-01 3.153812796147819064e-01 -2.172240017728952199e-01 -1.061817234553689149e-01
-1.146089229116137725e-01 6.123796313385673068e-02 1.154491788993009110e-01 -3.264558278171142414e-01 4.306773761012022694e-02 2.646597108433313972e-01 3.946704171373022763e-01 -1.430111286916179170e-01 -8.119005142501826977e-02 -2.338575079122006892e-02 -3.353644158673703690e-01 -1.927202193028992316e-01 -1.023984456091315415e-01 7.030602511253133957e-02 1.643325954278754275e-01 -1.531215602224188510e-01 1.278178420833934736e-01 9.042339726015312037e-03 -3.115511796594648206e-02 -1.676411151229630914e-01 -1.482262585537223731e-01 -1.520884558527786368e-01 -7.402535935589804605e-02 -3.514188461520351692e-01 -1.084576095939958629e+00 6.963561330993173204e-01 6.702533048137763849e+00 8.988183817959289890e-01 -1.355142092180982472e+00 1.378631556342519437e-01 3.229150737132327476e-02 8.234205485529451363e-02 -3.137092396951293022e-02 3.758096600039418922e-01 2.196397292907204535e-01 -1.772060692854352526e-01 8.302170964801922071e-02 1.827250509573914716e-01 -1.370177706706691423e-01 3.312192587749136496e-01
-1.186773104333632978e-01 2.352939466478810859e-01 8.391695350560272881e-02 -2.496432666626159091e-01 7.419779624705605259e-02 1.804573097107840529e-01 1.513207966066982824e-01 2.682803897256583886e-02 -2.951445918041712968e-01 -9.319887525559185371e-02 6.898516563836855353e-02 -1.018328163299471109e-02 1.148440593826474121e-01 -1.655851197300255151e-01 -1.618725693575167601e-01 -9.891003071777064101e-03 3.059801642419241949e-02 1.464446778327785914e-01 3.486335389618722136e-01 2.094615098741083592e-01 1.235028867350599496e-02 -2.220195669185555665e-01 -1.986715370308814177e-01 1.712376790054069564e-01 6.925626257553339771e-02 -1.194069733789886456e+00 8.988183817959289890e-01 7.573902693747035286e+00 5.739555004769729685e-01 -1.791123005995856277e+00 -1.166624092552305814e-01 2.033535547298484236e-01 -2.943705511655108076e-01 1.207084434744502555e-01 -2.205849737212152994e-01 -5.172964655540195356e-01 9.360990215794186275e-02 2.237870131588520217e-01 -9.797794755675609535e-02 7.267226029120585351e-02
-1.134619388129768230e-01 1.689866230389329427e-01 -8.072555854223756322e-02 1.879893603466054608e-01 -4.218595602163479619e-01 -5.083060516644304083e-02 1.330235251784729067e-01 8.298587749688751680e-02 -1.360772907611711435e-01 -1.731168594723027365e-02 5.975152190910184430e-02 -8.631368461248987989e-02 6.245709171333717336e-02 -2.967139225832095360e-03 -7.902601201012886267e-02 3.160764163773603364e-01 -2.540967532624856529e-01 -1.360585162723368380e-01 8.302964766219939410e-04 1.434124745844212456e-01 1.077811781157079207e-01 3.019867246065399691e-01 2.982404007287491887e-01 6.602414074546335276e-02 -2.830811674934238242e-01 -1.809455245251496147e-01 -1.355142092180982472e+00 5.739555004769729685e-01 8.081128372179536612e+00 5.580429720284820760e-01 -1.801060164054118617e+00 -8.785145088234826150e-02 2.089670053518705509e-02 1.369009347704445816e-02 2.227088020832222737e-01 5.256973235465669386e-02 1.294745687922041998e-02 2.493450773011100241e-01 -3.893434907692703423e-02 -3.332219072095849999e-01
3.705189909054704689e-01 7.543302385264948062e-02 8.836269785441139279e-02 6.522235147178842563e-02 -5.506655460573695038e-01 -1.348466492715967580e-01 -1.325368982803427353e-01 2.733747311878742883e-02 2.027483985689428891e-01 1.814618639287955970e-01 1.123493295700290356e-01 -1.694887822137354227e-01 -4.783903237881646092e-02 7.553835316652440790e-02 -1.430536784966523478e-01 3.158161899936894890e-01 1.056215834500758566e-01 -5.025601793654050665e-03 -2.204578014260858421e-01 -5.645625037613263147e-02 1.299552323851259003e-02 3.278559813283874608e-02 5.674407288445711128e-02 1.333711983859425243e-01 -1.566601668267573466e-01 -6.537291921632755465e-02 1.378631556342519437e-01 -1.791123005995856277e+00 5.580429720284820760e-01 7.270814410753117407e+00 9.470129658272118389e-01 -1.148884662925883537e+00 -6.816979659880350040e-01 -3.009535118434891743e-01 5.258186861369463783e-01 1.245262405396794919e-01 1.784448503817303300e-01 -1.538271886217109918e-01 -9.040389588993444359e-02 1.432898173795391951e-02
-3.795813766734132400e-02 1.385034405742118779e-01 -9.725423014963173463e-02 2.671026550653063936e-01 -9.645893705924318828e-02 -4.939542455842915389e-03 2.152313394999931795e-01 -2.512031396684349938e-01 1.119829160098032711e-01 -1.547341427613865145e-03 7.781242565165882863e-02 -1.924203945336005472e-01 -3.051247430667557992e-01 -1.462535823635381371e-01 -2.352077994766152702e-01 -1.674546394124762361e-01 2.787136528157049820e-02 -8.487342280094118188e-03 4.046452185079719988e-02 3.568207437436362456e-02 -8.307961567674627956e-02 -1.458285401921208257e-01 -5.398732547938301513e-02 -2.209520046349881372e-03 8.143236323654697018e-02 5.427723428426019237e-02 3.229150737132327476e-02 -1.166624092552305814e-01 -1.801060164054118617e+00 9.470129658272118389e-01 6.961690691684043308e+00 4.919204537162863433e-01 -1.905732761249943952e+00 -1.744148020566883006e-01 1.028607302294730907e-01 -1.472740369875446820e-01 -3.817433831397141764e-01 1.513253281391326380e-02 2.094134516336579321e-01 8.533346110081435620e-02
-2.831708310311576993e-01 -9.087710622399466920e-02 9.583099456317009657e-02 6.892770812714564543e-02 -4.610908869949462696e-01 -1.888343054000234389e-01 -2.253732141617537099e-01 -9.736528782597302090e-02 -7.067766565178450200e-02 4.136184788250620858e-01 2.620053357099098590e-01 1.219366871203634434e-01 -2.634630007013291295e-02 -1.658643210813211255e-01 3.015667670953298130e-01 1.719076163569120130e-01 2.075251906282710446e-01 -1.674551991500426718e-01 -2.827995403388248175e-01 4.158495381523383272e-02 2.441678748412453304e-01 -5.367002917127928346e-02 -6.015894716692962718e-02 -9.459363978591206479e-02 1.813537360525471209e-01 1.226611417751840849e-01 8.234205485529451363e-02 2.033535547298484236e-01 -8.785145088234826150e-02 -1.148884662925883537e+00 4.919204537162863433e-01 7.222665638633716689e+00 3.165287280122342506e-01 -1.359234747677371846e+00 -2.657859972612078847e-01 -1.084336843164394187e-01 -3.672647382306221675e-01 3.149483051787417276e-01 2.801271253400275385e-01 4.084085627223200954e-02
-1.467977945451698629e-01 -1.012622877168428831e-01 2.009400838353694874e-01 -2.641951900856825963e-01 -1.623608186657394536e-01 -1.935825956072875775e-01 4.185972409848005144e-02 1.879813768403619176e-02 -1.313462341619910934e-01 -2.865706208201535543e-01 1.223911072637283853e-01 -2.345524462659021592e-01 1.897239831894697581e-01 9.932716495000397383e-02 6.355989826784300134e-02 -1.852902542965683130e-01 1.462491198814863114e-01 3.381153825074029728e-01 -1.757871951797848886e-01 -1.653642468971250890e-01 -3.932293334984127142e-01 -2.845803128570372764e-01 2.262334848373452334e-01 2.037927504651115551e-01 1.250887646506712754e-02 1.658031206654964895e-01 -3.137092396951293022e-02 -2.943705511655108076e-01 2.089670053518705509e-02 -6.816979659880350040e-01 -1.905732761249943952e+00 3.165287280122342506e-01 7.440063589471180627e+00 1.097034259215827534e+00 -1.212285302495982986e+00 -7.377421333878434462e-01 4.675387524351445889e-01 4.304623680248977069e-02 1.000843290877786035e-01 -1.917540480255579549e-01
-9.761422878411736559e-02 1.866184176687406271e-01 7.203912405115425396e-03 -2.120397725696993585e-01 9.036425897048870615e-02 4.437603256317314004e-01 1.801752502010296464e-01 -1.895798969504628451e-01 -1.671291247830855031e-01 1.885875183421191204e-01 -3.014105275085485897e-02 -2.834685833188862469e-01 1.768738289619006532e-01 2.487998369966950563e-01 -7.102119218204022699e-02 -9.230530906344991404e-02 4.943689875367372755e-02 -6.090515620598341978e-02 -6.020836325088780444e-02 3.169156349377632020e-01 1.437143300466712792e-01 -1.662333628306771616e-01 -1.600522265281830170e-01 -1.305842524988410080e-01 2.716746203650022840e-01 1.767798921316223737e-01 3.758096600039418922e-01 1.207084434744502555e-01 1.369009347704445816e-02 -3.009535118434891743e-01 -1.744148020566883006e-01 -1.359234747677371846e+00 1.097034259215827534e+00 7.469378705169645194e+00 6.223918045565941526e-01 -2.195173875698978705e+00 2.927189967793863978e-01 -1.142072197206762396e-01 -2.385715050695748907e-01 -3.028565355939120685e-01
-5.263453073724702613e-02 3.040105367722411023e-01 1.924084250688774256e-01 -2.077297615823744253e-02 -1.955096050993778700e-01 -2.686395439075343061e-01 -1.187512744809798709e-01 -8.967774165141897957e-02 1.465922066385564118e-02 1.296534980805492121e-01 -6.061824445112046211e-02 9.015130152209403780e-02 4.540646578559145302e-02 8.026427640959815646e-02 3.902526327359876479e-01 4.694405295823535218e-02 -9.753230009317238880e-02 -3.770961742985132203e-02 -1.467830449030000095e-01 2.609550754542494869e-02 2.219251277036101977e-01 -7.555561466267929349e-02 -1.138304806283874926e-01 1.006696629066534260e-01 -3.056289478291718265e-01 5.651640590953026927e-02 2.196397292907204535e-01 -2.205849737212152994e-01 2.227088020832222737e-01 5.258186861369463783e-01 1.028607302294730907e-01 -2.657859972612078847e-01 -1.212285302495982986e+00 6.223918045565941526e-01 7.284381061475178498e+00 6.004772737042448627e-01 -9.838238677033818158e-01 5.505183270196116647e-03 -2.466820863048587442e-01 3.068472729273183375e-01
1.584576485338040353e-01 1.528044439587025911e-02 -3.942004572114359007e-02 -5.736104499990962030e-02 1.638926925483291663e-01 -1.137583320956826877e-01 1.439553049953996335e-02 2.716077980548444737e-01 1.827668788276593792e-01 7.264918510904419535e-02 -3.336134335324771882e-01 -1.166768360524265136e-01 -1.893008069852069042e-01 2.226912240973793686e-02 1.173870344989476205e-01 -1.970575450876184964e-01 3.089754681553545379e-01 -3.537887637703848731e-02 8.692453432192753793e-02 2.605499543035749710e-01 9.332214303013910972e-02 4.714982582057985518e-03 8.064364255101975909e-02 -1.129389989775968217e-01 -2.928012681113272841e-01 1.163879968443157636e-01 -1.772060692854352526e-01 -5.172964655540195356e-01 5.256973235465669386e-02 1.245262405396794919e-01 -1.472740369875446820e-01 -1.084336843164394187e-01 -7.377421333878434462e-01 -2.195173875698978705e+00 6.004772737042448627e-01 7.779044596248242627e+00 6.452737381031473651e-01 -8.672029357431728647e-01 -4.103591978381657679e-01 -2.463191787119299869e-01
-1.396651344740495182e-01 -2.895972522966563378e-01 -1.692905892306405258e-01 -1.162228858860836489e-01 4.913927421625108871e-01 3.664819122304722315e-02 1.565066242279872233e-01 -3.000527717434385289e-01 -1.080214793301149806e-01 3.543610067922520201e-01 -2.682404751083386496e-01 -6.853591277574928864e-02 -9.997231311309228916e-03 7.493198676156205551e-02 2.805906398705328431e-01 -5.284595901826885100e-01 -7.951353525866239336e-02 -1.052342681683950815e-01 -7.784085323736991691e-02 2.214041826637425658e-01 1.596736128230016594e-01 2.432728049478070920e-01 1.230602061997536495e-01 -6.620379764889967877e-02 4.719510683936144479e-01 1.578412983680849979e-01 8.302170964801922071e-02 9.360990215794186275e-02 1.294745687922041998e-02 1.784448503817303300e-01 -3.817433831397141764e-01 -3.672647382306221675e-01 4.675387524351445889e-01 2.927189967793863978e-01 -9.838238677033818158e-01 6.452737381031473651e-01 7.020253245174993495e+00 6.674217831662239142e-01 -1.479459218719708646e+00 -4.465043332558667893e-02
-3.090104329339646294e-01 7.706909608712808613e-02 2.543384455038196212e-01 -3.793960751025878680e-02 -6.501626608317169487e-02 -1.788077797427727877e-01 4.234643619878022264e-02 8.847966606047706628e-02 -5.497677707562385711e-03 -3.028542295184026220e-02 1.412266506534416988e-01 1.203894829103283742e-01 -1.288394864089849878e-01 1.671649349672177723e-02 4.543091692649047636e-02 6.876545026231711821e-02 8.279203679844798769e-02 -3.269947518520439633e-01 -2.559860808429942347e-01 -1.278023053959182198e-01 4.345631863614724533e-01 2.065667085364632921e-02 -2.041994176887777512e-01 1.061178054657483175e-02 -4.346898389397810258e-02 3.153812796147819064e-01 1.827250509573914716e-01 2.237870131588520217e-01 2.493450773011100241e-01 -1.538271886217109918e-01 1.513253281391326380e-02 3.149483051787417276e-01 4.304623680248977069e-02 -1.142072197206762396e-01 5.505183270196116647e-03 -8.672029357431728647e-01 6.674217831662239142e-01 6.826817560447421940e+00 2.833330245887055177e-01 -1.557608618761966213e+00
-1.238507159969839622e+00 -5.948999693007350764e-01 -6.112397980471212348e-03 3.571097339852972730e-01 1.063840974021676850e-01 1.064494759971605364e-01 1.566416243770655248e-01 3.489446301867140526e-02 -3.200780672571977847e-01 -1.856244198506183662e-01 1.455729038364827754e-01 -2.569132428175660010e-01 3.261329306248612059e-01 3.420489502495286938e-01 -9.542144742724679995e-02 -5.204937915843419610e-02 7.924608272659267039e-02 5.082374434036247661e-03 -1.549370437879425688e-01 -6.878402651363865750e-02 3.482768498888367485e-03 -3.537169807759426021e-01 -4.128782216939030220e-02 3.241511859169759480e-01 -3.494404424663322822e-02 -2.172240017728952199e-01 -1.370177706706691423e-01 -9.797794755675609535e-02 -3.893434907692703423e-02 -9.040389588993444359e-02 2.094134516336579321e-01 2.801271253400275385e-01 1.000843290877786035e-01 -2.385715050695748907e-01 -2.466820863048587442e-01 -4.103591978381657679e-01 -1.479459218719708646e+00 2.833330245887055177e-01 7.083023201572433258e+00 9.203697246842431623e-01
