1.143762418782462298e+01 4.727907495505110913e-01 -2.138971976269705699e+00 -1.123817442252655674e+00 -2.968749202141325316e-01 3.291863670490812743e-01 -2.440144271822314304e-02 2.387349429209943419e-01 2.470775602739108123e-01 -5.287034601968478853e-01 -2.886906651450300010e-01 -3.660961418629774533e-01 1.014647932576714789e-01 -5.113181485674745952e-01 4.618092592254784412e-01 -7.389298980418924634e-01 -1.075195629451815849e-01 1.032964082418575819e-01 7.882760291855964718e-01 6.153216644270407265e-01 -1.694925428016873584e-02 1.677771449665462489e-01 -2.666119002162421481e-01 -4.264396714094101370e-01 -6.627114024867651262e-03 -4.362876756484898588e-01 -2.262085129636674102e-02 5.138569190640303042e-01 3.888317876986196325e-02 2.154406436575527217e-01 1.126848530753748606e-01 -4.963222819591577295e-01 -8.804523931931435010e-01 -2.060531583425154190e-01 3.245090796506268083e-01 8.583350348829120735e-01 1.492912565143744152e-01 -6.774523098951459321e-01 -2.336155968506073322e+00 2.895602163597573164e-01
4.727907495505110913e-01 9.575175992877236197e+00 6.301572784953205497e-01 -2.084977357750018800e+00 -9.211643132773633669e-01 -1.285305282413686523e-01 4.597951848159040900e-01 -6.295535272026133722e-01 -5.746200213990735328e-01 2.433522226472731032e-01 1.559102255234463275e-01 2.025020486929569874e-01 2.587084968390460094e-01 3.552500014260633887e-01 2.425429831146890258e-01 -5.019640228149522265e-01 -1.772047057638120870e-01 1.199731064494800048e-01 -1.272195001009292781e-01 3.355949498984036050e-01 6.104501595237419309e-01 -3.968455869236976463e-01 -3.486529804066192950e-01 3.298413695843557258e-01 -1.061100950957877126e-01 -5.394602868749552860e-01 -3.519206404579005576e-01 7.179155168973946344e-01 2.049858611618976256e-01 -1.991343554493800738e-01 3.767892021191894258e-01 4.300372741179320779e-01 1.638849467873813165e-02 -3.129801716713007109e-01 2.042730832685884235e-01 3.266514789278889275e-01 9.684757940514583316e-03 -5.043371990173437514e-01 -1.362502899967071412e+00 -2.332186297749803572e+00
-2.138971976269705699e+00 6.301572784953205497e-01 9.240609389266559504e+00 -6.712681824908875439e-02 -2.369130285106138434e+00 2.735162137566879426e-01 3.520971890745214217e-01 3.598950720786753960e-02 -5.184007939677720556e-01 8.235564031424046083e-02 -2.313287633438400603e-01 2.722266988266521248e-01 1.667110453573698581e-01 9.173001981582666609e-02 -2.720287066264246989e-01 3.051599400457051248e-01 6.269286652526385728e-01 -5.303409476640981168e-01 -7.200905957687312453e-01 3.762432889737860608e-01 4.742279160278591865e-01 1.903231029798032881e-01 -6.002588255196887601e-02 -8.739939438684003747e-02 2.423965301740284572e-01 7.687567305003780715e-01 5.751481424807186604e-01 -1.027557643133046594e-01 -2.266007066485885291e-01 -1.782216174358863259e-01 3.873396945511897727e-01 8.094143359969018237e-01 2.359381740600140220e-01 -5.138416333068971387e-01 2.956986342972869192e-02 4.278092031305652521e-01 3.112619920280858543e-01 1.009737361497551889e-01 -5.956067246990273123e-01 -6.712925929599761199e-01
-1.123817442252655674e+00 -2.084977357750018800e+00 -6.712681824908875439e-02 9.391480124687475950e+00 2.217391883049448509e-01 -1.878499796916374809e+00 -1.111472440842985243e+00 -2.741128028306757947e-01 5.116384265919112773e-01 -3.042027423069737502e-01 -3.316484237438348526e-01 -4.451290500111336479e-02 -1.186770001685329839e-01 1.528945496751740185e-01 -1.489019784456905304e-01 1.665973999935684707e-02 5.656448312591718514e-02 8.439194404924422743e-01 -4.529067022565697043e-01 2.305774498849357534e-01 -6.150621238947123065e-02 -1.583757219694191809e-01 -1.798205009839935753e-01 2.391952598968550836e-01 3.411779121351701805e-01 7.171595336882188310e-01 -1.896938674475422693e-01 -2.432997212454277025e-01 -4.213026112213595908e-01 1.913989827494338158e-01 -6.572336650413117265e-02 3.061910484005144761e-01 9.158046642598006715e-01 5.326126197549069241e-01 -2.470122964557162626e-01 -1.139735108327577295e+00 2.114788931595732169e-01 4.954991110509328611e-01 5.412986797872749722e-01 -1.371643554925506825e-01
-2.968749202141325316e-01 -9.211643132773633669e-01 -2.369130285106138434e+00 2.217391883049448509e-01 8.681146116806957025e+00 2.524524071945735137e-01 -1.303878968285029138e+00 -9.939479902125709643e-01 1.521495130282411908e-02 5.386671479005864516e-01 -2.871867888807072000e-01 -5.813907199120357250e-01 -7.479240389645515352e-02 8.628751487217839466e-01 1.638362686443460003e-01 -3.734492432910815202e-02 -4.309688093504643325e-01 -1.777466418289282146e-02 6.516964837315785131e-01 -5.066583230206385124e-01 -5.741276086872628692e-01 1.286856891178571327e-01 -1.442187463029430752e-02 -3.784130287812249582e-01 -6.398494454972751821e-01 3.145392792010641703e-01 -5.454137284002599229e-01 -1.074625878292755909e-01 6.343836353761350341e-04 5.922064306657687238e-01 -4.423815671613666178e-01 -5.503412760463223252e-01 -3.095052743119387495e-01 9.628583728340622816e-02 7.493997399201688392e-01 6.164868147599664172e-02 4.942381383433719355e-02 -3.246962975071723823e-01 7.734716950249960199e-01 5.995145039333409365e-01
3.291863670490812743e-01 -1.285305282413686523e-01 2.735162137566879426e-01 -1.878499796916374809e+00 2.524524071945735137e-01 1.090995037092820219e+01 1.556420964568329346e+00 -2.958062627048207993e+00 -1.142370075496460746e+00 -5.772930653440033755e-01 7.467845262914146742e-01 -2.082969062979968256e-01 -7.767965226134460055e-01 -3.697047613538657906e-02 2.194799207742927638e-01 -1.385455184499194414e-01 -5.899552140728837601e-01 -2.979028281269506251e-01 4.504481332532284110e-01 2.291566776957489893e-01 2.720880758070882699e-01 -9.136995502641966083e-02 -1.689838693810551129e-01 2.685776105522582613e-01 -1.466498586357593836e-01 -6.019196212885428304e-02 7.449324839167421886e-02 1.532069678369172017e-01 -4.557504710006972659e-01 -4.983736384267761776e-01 -6.242995180274694134e-01 -5.110222897177851831e-01 3.062395546427651993e-01 3.643265062831381740e-01 3.246351465555618043e-01 2.011790939904356812e-01 8.176983223024823777e-02 -6.587698738315056479e-01 -1.069115198396689524e-02 3.807444987219863464e-01
-2.440144271822314304e-02 4.597951848159040900e-01 3.520971890745214217e-01 -1.111472440842985243e+00 -1.303878968285029138e+00 1.556420964568329346e+00 1.011572954943437885e+01 4.040482347868615265e-01 -2.861582037602754092e+00 -4.059392189703930898e-01 5.210829601638142794e-01 4.731750974415660504e-01 2.008071362181574337e-01 -5.320408065440188627e-01 -7.275188356205033458e-01 4.613293066873128123e-01 1.083201210317920049e+00 -1.845950664771024985e-01 -1.701619891953474184e-01 -5.937859968851053605e-01 -2.882029601965869214e-01 3.040995866377178003e-01 5.108305821891595544e-01 -3.085896662151583203e-01 -2.157314426971000676e-01 -4.612123708431499769e-01 4.017740841496786341e-01 -8.021924624185096109e-01 3.605585288574513769e-01 -2.147684984399322872e-01 -3.545983963787682769e-01 8.033871513653043084e-02 -6.902381521574407763e-01 -5.926715471964206783e-01 3.730588405457948564e-01 1.297429873202508299e-01 -2.250698070037413234e-01 -1.057532724447275141e-01 -6.435031440749719445e-02 -3.550680007968091134e-01
2.387349429209943419e-01 -6.295535272026133722e-01 3.598950720786753960e-02 -2.741128028306757947e-01 -9.939479902125709643e-01 -2.958062627048207993e+00 4.040482347868615265e-01 1.140677056646557297e+01 4.957057965972620495e-01 -2.371892411850112126e+00 -1.715098591382104631e+00 -1.717792417707614608e-02 1.338538066319591158e+00 -3.488114366020299284e-02 -5.219020201437100243e-02 -8.647693334196415726e-02 4.659990170229505457e-01 4.077134581642082312e-01 -1.565572407434298041e-01 -4.283105930454468302e-01 -1.418638620966916619e-01 6.686394816372066841e-02 4.035468428878030145e-01 -3.653263421892220808e-02 -5.794563153109768550e-01 -6.569866630471847824e-01 4.930531048373230640e-01 5.311395243831983359e-01 3.362775925270175548e-01 -6.710877491054598742e-01 -2.791477956241464331e-01 1.794104966792579858e-01 -2.832448461824471075e-01 -5.008089475883074071e-01 -1.145085207832707397e+00 -8.366906846585757396e-02 2.790280865197519722e-01 4.292084389960167945e-01 -1.398754668308495042e-01 2.066189779449535135e-01
2.470775602739108123e-01 -5.746200213990735328e-01 -5.184007939677720556e-01 5.116384265919112773e-01 1.521495130282411908e-02 -1.142370075496460746e+00 -2.861582037602754092e+00 4.957057965972620495e-01 1.177914640043995576e+01 9.888165312238097471e-01 -2.457711684604887648e+00 -9.422002434530709625e-01 -1.096463070006475249e+00 7.396087047521290314e-01 8.726794606094482321e-01 -5.159300052843908135e-01 -3.494613041332017001e-01 5.741035607661804097e-01 -2.147265038416987237e-01 5.904096318281667338e-02 -2.804867305076817474e-01 2.451980288003672570e-01 6.484720070046181561e-01 4.587860823972009228e-01 -4.589415019175093202e-01 -5.937674069185112646e-01 5.969582857265794962e-01 -3.764522487485072455e-01 -2.486728231368946079e-02 -7.580190496998234773e-01 8.546480675544088079e-01 8.938716503779643441e-01 2.660303418238402218e-02 -5.012157608755302141e-01 -4.607812287863806144e-01 6.514947012725545716e-02 6.442810788065956862e-01 1.728321350206459273e-01 -2.859785365969574333e-01 -4.660748597210133681e-01
-5.287034601968478853e-01 2.433522226472731032e-01 8.235564031424046083e-02 -3.042027423069737502e-01 5.386671479005864516e-01 -5.772930653440033755e-01 -4.059392189703930898e-01 -2.371892411850112126e+00 9.888165312238097471e-01 1.100978404882881989e+01 6.005742783127214768e-01 -2.694654146681658702e+00 -8.691177545890679257e-01 2.202788177873013231e-01 2.592151194245003176e-01 2.461371485797344827e-01 -5.422886250397306734e-02 -2.743397214059902223e-01 5.907354983388349995e-02 -3.715136310779264539e-01 6.004572938020631689e-02 6.971568662914305881e-01 -2.768737083129782506e-01 -2.272979454134932131e-01 -2.049589194667608139e-01 -4.219578362221581558e-01 -1.356605711787139401e-01 -7.465853720101627011e-02 4.016268280263989299e-01 2.132401116793297413e-01 -2.668840726828419774e-01 2.254415054962389531e-01 6.475225209218355982e-01 2.512116179095077451e-01 2.865664992016902501e-01 3.786794060668862705e-01 5.339186090857892530e-01 -1.148189168690793155e-01 7.588947465014848903e-02 -5.631428619526727131e-01
-2.886906651450300010e-01 1.559102255234463275e-01 -2.313287633438400603e-01 -3.316484237438348526e-01 -2.871867888807072000e-01 7.467845262914146742e-01 5.210829601638142794e-01 -1.715098591382104631e+00 -2.457711684604887648e+00 6.005742783127214768e-01 1.169946693421183781e+01 5.684168564693183878e-01 -2.355675574321626442e+00 -1.990766562062272538e+00 -5.341380391425557539e-01 9.355348672516570208e-01 7.290893358577059669e-01 -4.380842385369811964e-01 -1.792138447471864071e-01 1.457997957876121242e-02 3.079217221415794237e-01 -2.369763869998900985e-01 -3.031753230929770671e-01 -1.166894825032820972e-02 1.574003772348130104e-01 -1.849664652755720617e-01 -6.238005849796383201e-02 -1.355196470859721114e-01 -6.708997108531943032e-02 8.929803089942404126e-01 1.631359298162465832e-01 3.380467368262563953e-03 -4.246789226622583180e-01 5.593931793715145595e-01 -4.824905566227827847e-01 -9.748982097270969538e-01 -3.443286278548236545e-01 3.793838680459281631e-01 1.817961170775252433e-01 -4.111511593794090480e-01
-3.660961418629774533e-01 2.025020486929569874e-01 2.722266988266521248e-01 -4.451290500111336479e-02 -5.813907199120357250e-01 -2.082969062979968256e-01 4.731750974415660504e-01 -1.717792417707614608e-02 -9.422002434530709625e-01 -2.694654146681658702e+00 5.684168564693183878e-01 1.021162964308281218e+01 8.625936454132735465e-01 -2.288634837051403359e+00 -1.092289929714771679e+00 -5.402757421457872189e-01 4.715702786895430987e-01 2.732827789625015269e-01 -3.454246076574879476e-01 -1.204057379426241164e-02 1.487454608446308058e-01 -2.162693863909633807e-01 2.392962340224895346e-02 5.241630228452842655e-01 9.473596256750901889e-02 3.494660293152946351e-01 -2.079000742296672199e-01 8.678802620817005486e-02 -6.079996902636002343e-01 1.167534028981592406e-02 -2.996348835175796643e-02 -2.140221836942043931e-01 -2.486102040394397653e-02 3.182153805770287502e-01 -1.659154876726018635e-01 -9.688279082200197401e-01 -5.166227782660477441e-01 7.201021574717295648e-01 2.261902428985809455e-01 -3.257999631074430802e-01
1.014647932576714789e-01 2.587084968390460094e-01 1.667110453573698581e-01 -1.186770001685329839e-01 -7.479240389645515352e-02 -7.767965226134460055e-01 2.008071362181574337e-01 1.338538066319591158e+00 -1.096463070006475249e+00 -8.691177545890679257e-01 -2.355675574321626442e+00 8.625936454132735465e-01 1.136098738858203561e+01 4.099038865842019597e-01 -2.213107625686843605e+00 -4.611542849409117628e-01 -1.372823331430944038e-01 3.727365928598225797e-01 2.088041031847840401e-01 -5.178436855264871574e-02 -2.699647915714336044e-01 -1.279275460055742664e-01 -1.988729636399445833e-02 6.503688620619287042e-02 -3.461401095976572306e-01 1.062188750900740081e-01 -7.385091426331625852e-01 2.656073553631846385e-01 3.894499038840640859e-01 -3.056903856598878685e-02 -4.761123762688675431e-01 -1.085241714953039949e-01 5.558538360000144785e-01 1.596657375457655181e-01 1.776316275702093106e-01 4.940216188223328087e-01 -6.041502711235249290e-01 -3.640929374491598813e-01 5.988035418844251945e-01 2.613743653294032798e-01
-5.113181485674745952e-01 3.552500014260633887e-01 9.173001981582666609e-02 1.528945496751740185e-01 8.628751487217839466e-01 -3.697047613538657906e-02 -5.320408065440188627e-01 -3.488114366020299284e-02 7.396087047521290314e-01 2.202788177873013231e-01 -1.990766562062272538e+00 -2.288634837051403359e+00 4.099038865842019597e-01 1.129183710150423892e+01 6.970867865406473740e-01 -1.870012448473855393e+00 -1.318341490092443280e+00 1.382863655373992862e-01 5.023157736891648018e-01 -5.921574910914774170e-01 -5.083546935885382423e-01 2.574409729542873615e-01 2.976093807646038591e-01 -3.980374892204044945e-01 -9.041507918788557197e-01 -5.501789553040409980e-02 8.109222635072624863e-01 -1.923641844676184653e-01 4.783623655263970487e-01 -1.622091845835466339e-01 5.475858106722868504e-03 -3.493769504288413708e-01 -1.928158361789535369e-01 -7.215021020972831600e-01 6.303652281350182740e-01 4.754478621518655190e-01 -5.588966367529502044e-01 -1.548745251444982596e-01 3.774591589443037076e-01 3.787922583309407121e-01
4.618092592254784412e-01 2.425429831146890258e-01 -2.720287066264246989e-01 -1.489019784456905304e-01 1.638362686443460003e-01 2.194799207742927638e-01 -7.275188356205033458e-01 -5.219020201437100243e-02 8.726794606094482321e-01 2.592151194245003176e-01 -5.341380391425557539e-01 -1.092289929714771679e+00 -2.213107625686843605e+00 6.970867865406473740e-01 1.012441708738173496e+01 3.046014043062353349e-01 -2.506334176877224262e+00 -1.105560108070559711e+00 -1.217657273840686977e-01 5.332827687198730127e-01 -2.009362729809227588e-01 3.413186646583951656e-01 -2.063666099784176866e-01 -4.314129368498996753e-01 4.718266466754051924e-01 -1.388767324165783579e-01 6.905620637621555646e-01 -2.305003339476836277e-01 -9.219800198565073490e-01 -2.346864424303335972e-01 2.357027755972931071e-01 2.021962169884968241e-01 -4.462152533159499113e-01 -6.114110628392426493e-03 2.116110505124788321e-01 6.773707126533784484e-01 1.651091513251037590e-01 -8.478645501686778996e-01 1.463861330168958197e-01 1.423798851978674562e-01
-7.389298980418924634e-01 -5.019640228149522265e-01 3.051599400457051248e-01 1.665973999935684707e-02 -3.734492432910815202e-02 -1.385455184499194414e-01 4.613293066873128123e-01 -8.647693334196415726e-02 -5.159300052843908135e-01 2.461371485797344827e-01 9.355348672516570208e-01 -5.402757421457872189e-01 -4.611542849409117628e-01 -1.870012448473855393e+00 3.046014043062353349e-01 9.630059812598650737e+00 1.111041637653737091e+00 -1.906619395636831582e+00 -5.387881954309272636e-01 -2.088610795289344013e-01 1.842448224829077441e-01 6.862831558872181659e-02 -2.002952877322677627e-01 -1.500551269062330717e-01 3.236610868891682258e-01 -5.443678981515506221e-01 -8.170285895135639409e-01 1.115737635675079914e-01 6.923070000629905074e-01 5.845181964798478180e-01 -2.588152007686725375e-01 3.119181110715579797e-01 -3.779513459685892585e-01 -2.646119218117658489e-01 -6.849180646516574988e-01 3.203600902745437629e-01 7.162044202705820650e-01 6.444894264165944298e-02 -5.220350034952770946e-01 2.527697107654394149e-01
-1.075195629451815849e-01 -1.772047057638120870e-01 6.269286652526385728e-01 5.656448312591718514e-02 -4.309688093504643325e-01 -5.899552140728837601e-01 1.083201210317920049e+00 4.659990170229505457e-01 -3.494613041332017001e-01 -5.422886250397306734e-02 7.290893358577059669e-01 4.715702786895430987e-01 -1.372823331430944038e-01 -1.318341490092443280e+00 -2.506334176877224262e+00 1.111041637653737091e+00 1.088161815727660553e+01 8.270894984592906951e-01 -2.200556599776974043e+00 -1.599549262296289687e+00 -6.752832672146828752e-02 -3.095037310354083540e-02 9.382653756065073569e-01 8.917533970382818254e-01 -2.547759385675854582e-01 -6.203310068306407965e-01 -1.521514546062422701e-01 6.055791879086341867e-01 -4.438330592936157726e-01 -2.361664179833625754e-01 2.486048032219724535e-01 9.214553578380069165e-02 -1.366731224088689467e-01 2.242162491923372636e-01 -8.560255740134506963e-01 -4.520977808733832592e-01 -7.144880674917537811e-02 7.557022352753240968e-01 1.780804671504349901e-01 -1.304229497076141719e-01
1.032964082418575819e-01 1.199731064494800048e-01 -5.303409476640981168e-01 8.439194404924422743e-01 -1.777466418289282146e-02 -2.979028281269506251e-01 -1.845950664771024985e-01 4.077134581642082312e-01 5.741035607661804097e-01 -2.743397214059902223e-01 -4.380842385369811964e-01 2.732827789625015269e-01 3.727365928598225797e-01 1.382863655373992862e-01 -1.105560108070559711e+00 -1.906619395636831582e+00 8.270894984592906951e-01 9.588236547790957687e+00 8.105847492218434258e-01 -2.254092647859527343e+00 -1.191612387088010427e+00 -1.021428831880010435e+00 8.504185785188664859e-01 6.402386755292821530e-01 3.506989249807053732e-01 -5.153712952359453814e-01 -3.663652764423745989e-01 -2.464774934005867918e-02 1.703413008694076858e-01 8.525410310599118580e-02 -1.487336800353119826e-01 -9.101730184045819794e-01 -1.787238137343727107e-01 4.596347529135352133e-02 1.579061018100568758e-01 -5.405074202519120075e-01 -2.763144302146878228e-01 7.927626420356898018e-01 3.450880146979310448e-01 -8.304528111504348997e-01
7.882760291855964718e-01 -1.272195001009292781e-01 -7.200905957687312453e-01 -4.529067022565697043e-01 6.516964837315785131e-01 4.504481332532284110e-01 -1.701619891953474184e-01 -1.565572407434298041e-01 -2.147265038416987237e-01 5.907354983388349995e-02 -1.792138447471864071e-01 -3.454246076574879476e-01 2.088041031847840401e-01 5.023157736891648018e-01 -1.217657273840686977e-01 -5.387881954309272636e-01 -2.200556599776974043e+00 8.105847492218434258e-01 8.704959545581319347e+00 4.701979190001658315e-01 -1.681458892822271345e+00 -5.444258915576248858e-01 -9.713885142741494061e-01 2.393904496170260188e-01 7.822294872502281171e-01 -5.619392443805464044e-02 -2.344628750998952182e-01 -3.847569414179478064e-01 2.831453215601876794e-01 7.152625548984541393e-01 -2.859148667419879608e-01 -1.274795597487151932e-01 -2.787728423002915901e-01 -2.372777584625733460e-01 3.776459762194289138e-01 1.519895203922707605e-01 -4.627780798263402273e-01 -1.772155013084783792e-01 3.816821537702763667e-01 4.455559381408385339e-03
6.153216644270407265e-01 3.355949498984036050e-01 3.762432889737860608e-01 2.305774498849357534e-01 -5.066583230206385124e-01 2.291566776957489893e-01 -5.937859968851053605e-01 -4.283105930454468302e-01 5.904096318281667338e-02 -3.715136310779264539e-01 1.457997957876121242e-02 -1.204057379426241164e-02 -5.178436855264871574e-02 -5.921574910914774170e-01 5.332827687198730127e-01 -2.088610795289344013e-01 -1.599549262296289687e+00 -2.254092647859527343e+00 4.701979190001658315e-01 9.611667129576463964e+00 5.853972229364102775e-01 -1.867252906137654600e+00 -9.992584107059223619e-01 -9.750100678687506628e-01 6.750480949088423221e-01 8.074352948506035021e-01 2.618332390925091069e-01 -7.537555984452121161e-02 -7.521406029222752476e-01 2.934462726939409127e-01 2.745976238861422836e-01 3.240137237607851328e-01 6.876274195824312596e-02 2.587096490491065937e-01 1.702548998686191362e-01 4.082789471976421836e-01 -1.984090538541297688e-01 -5.315633038520980458e-01 -4.495991171343785009e-01 1.896182422343357377e-01
-1.694925428016873584e-02 6.104501595237419309e-01 4.742279160278591865e-01 -6.150621238947123065e-02 -5.741276086872628692e-01 2.720880758070882699e-01 -2.882029601965869214e-01 -1.418638620966916619e-01 -2.804867305076817474e-01 6.004572938020631689e-02 3.079217221415794237e-01 1.487454608446308058e-01 -2.699647915714336044e-01 -5.083546935885382423e-01 -2.009362729809227588e-01 1.842448224829077441e-01 -6.752832672146828752e-02 -1.191612387088010427e+00 -1.681458892822271345e+00 5.853972229364102775e-01 9.057263102180350245e+00 5.330890254139715179e-01 -2.778760741032741066e+00 -1.097461563173422583e+00 -5.463311129887472584e-01 5.050262562407840106e-01 -9.219882627640613171e-02 4.295956236357242886e-02 -5.079224410736852269e-01 -3.146610644761040770e-02 1.010211056745082964e-01 5.073058284428035858e-01 -2.799376176277226236e-01 2.121091449579284860e-01 8.893788879396284652e-02 1.932729890840580445e-01 -9.371481438491738314e-02 -8.249308465743508956e-01 -2.687495285213180596e-01 -3.107905408612007814e-01
1.677771449665462489e-01 -3.968455869236976463e-01 1.903231029798032881e-01 -1.583757219694191809e-01 1.286856891178571327e-01 -9.136995502641966083e-02 3.040995866377178003e-01 6.686394816372066841e-02 2.451980288003672570e-01 6.971568662914305881e-01 -2.369763869998900985e-01 -2.162693863909633807e-01 -1.279275460055742664e-01 2.574409729542873615e-01 3.413186646583951656e-01 6.862831558872181659e-02 -3.095037310354083540e-02 -1.021428831880010435e+00 -5.444258915576248858e-01 -1.867252906137654600e+00 5.330890254139715179e-01 1.024002543839960389e+01 1.212619397720583914e+00 -2.358072397924537267e+00 -1.448159470786988923e+00 -3.236760356620578261e-01 5.148322549705701690e-01 -2.442517785072276792e-01 8.898670436760955371e-02 -3.195711571407601308e-03 4.313877112383214807e-01 8.094224118980163085e-02 6.564404565599859520e-01 -5.479634290697303900e-01 -2.574488725355555951e-01 4.949748086004724379e-01 1.131453515660213016e+00 1.345113575182136645e-01 -3.118893582259449349e-01 -2.704891278280709410e-01
-2.666119002162421481e-01 -3.486529804066192950e-01 -6.002588255196887601e-02 -1.798205009839935753e-01 -1.442187463029430752e-02 -1.689838693810551129e-01 5.108305821891595544e-01 4.035468428878030145e-01 6.484720070046181561e-01 -2.768737083129782506e-01 -3.031753230929770671e-01 2.392962340224895346e-02 -1.988729636399445833e-02 2.976093807646038591e-01 -2.063666099784176866e-01 -2.002952877322677627e-01 9.382653756065073569e-01 8.504185785188664859e-01 -9.713885142741494061e-01 -9.992584107059223619e-01 -2.778760741032741066e+00 1.212619397720583914e+00 1.084008848050284257e+01 6.553796480268384572e-01 -2.650781719638344747e+00 -1.539630060721938420e+00 -1.769573307912800098e-01 1.047277146791838476e+00 -9.797884217829413989e-03 -7.895555657169921471e-01 -3.233705553733672300e-01 1.040355959795465496e-01 4.698128133748506463e-01 -2.326930580084939915e-01 -6.031590257245638131e-01 -7.449277787563183262e-01 -4.701511691160573797e-02 8.514078203174010318e-01 2.893410400426215112e-01 5.982840167182615909e-01
-4.264396714094101370e-01 3.298413695843557258e-01 -8.739939438684003747e-02 2.391952598968550836e-01 -3.784130287812249582e-01 2.685776105522582613e-01 -3.085896662151583203e-01 -3.653263421892220808e-02 4.587860823972009228e-01 -2.272979454134932131e-01 -1.166894825032820972e-02 5.241630228452842655e-01 6.503688620619287042e-02 -3.980374892204044945e-01 -4.314129368498996753e-01 -1.500551269062330717e-01 8.917533970382818254e-01 6.402386755292821530e-01 2.393904496170260188e-01 -9.750100678687506628e-01 -1.097461563173422583e+00 -2.358072397924537267e+00 6.553796480268384572e-01 1.012856457855329850e+01 9.600545950501393477e-01 -2.464429285692525617e+00 -1.011635847652951448e+00 9.402193355677165854e-02 8.790847464025521862e-01 4.794964900017489873e-01 -7.628424953389989494e-01 -5.716113704815267704e-01 1.670462640014786226e-01 2.027382087114812659e-01 5.584194133123946413e-01 -1.698004763638105152e-01 -4.346351597485749729e-01 -4.113940908180683254e-01 -2.497294700960960567e-01 -1.023145094559145818e-01
-6.627114024867651262e-03 -1.061100950957877126e-01 2.423965301740284572e-01 3.411779121351701805e-01 -6.398494454972751821e-01 -1.466498586357593836e-01 -2.157314426971000676e-01 -5.794563153109768550e-01 -4.589415019175093202e-01 -2.049589194667608139e-01 1.574003772348130104e-01 9.473596256750901889e-02 -3.461401095976572306e-01 -9.041507918788557197e-01 4.718266466754051924e-01 3.236610868891682258e-01 -2.547759385675854582e-01 3.506989249807053732e-01 7.822294872502281171e-01 6.750480949088423221e-01 -5.463311129887472584e-01 -1.448159470786988923e+00 -2.650781719638344747e+00 9.600545950501393477e-01 1.069665501201644631e+01 4.050220159362336592e-01 -2.563946724398379118e+00 -1.398799152513412913e+00 -8.595319851735654104e-02 1.006116340058104575e+00 2.454923431840428660e-01 5.176217892978970392e-01 3.354330470234599682e-02 5.840153352834419609e-01 7.090626260163520600e-01 3.558672587842944685e-02 -5.413758568651235725e-01 -1.750886141496384718e-01 2.327530531150387785e-02 -3.294184593473070514e-03
-4.362876756484898588e-01 -5.394602868749552860e-01 7.687567305003780715e-01 7.171595336882188310e-01 3.145392792010641703e-01 -6.019196212885428304e-02 -4.612123708431499769e-01 -6.569866630471847824e-01 -5.937674069185112646e-01 -4.219578362221581558e-01 -1.849664652755720617e-01 3.494660293152946351e-01 1.062188750900740081e-01 -5.501789553040409980e-02 -1.388767324165783579e-01 -5.443678981515506221e-01 -6.203310068306407965e-01 -5.153712952359453814e-01 -5.619392443805464044e-02 8.074352948506035021e-01 5.050262562407840106e-01 -3.236760356620578261e-01 -1.539630060721938420e+00 -2.464429285692525617e+00 4.050220159362336592e-01 1.042052905659969042e+01 1.327036724478291463e+00 -2.276921367136241159e+00 -1.283349739456327576e+00 -2.648535029963373644e-01 2.839810157706178506e-01 5.995922879732014099e-01 -5.944106415189754911e-01 3.536913471816166554e-01 -3.573168589650567717e-01 1.468409444278885867e-01 5.779713487887058188e-01 5.447868499947252641e-01 -1.064989949464750091e-02 -2.164788284238320093e-01
-2.262085129636674102e-02 -3.519206404579005576e-01 5.751481424807186604e-01 -1.896938674475422693e-01 -5.454137284002599229e-01 7.449324839167421886e-02 4.017740841496786341e-01 4.930531048373230640e-01 5.969582857265794962e-01 -1.356605711787139401e-01 -6.238005849796383201e-02 -2.079000742296672199e-01 -7.385091426331625852e-01 8.109222635072624863e-01 6.905620637621555646e-01 -8.170285895135639409e-01 -1.521514546062422701e-01 -3.663652764423745989e-01 -2.344628750998952182e-01 2.618332390925091069e-01 -9.219882627640613171e-02 5.148322549705701690e-01 -1.769573307912800098e-01 -1.011635847652951448e+00 -2.563946724398379118e+00 1.327036724478291463e+00 1.102868485449188718e+01 6.626451303199816234e-01 -2.582837158437932157e+00 -1.033670778654055100e+00 -4.541134445845090295e-01 1.195387901171736517e-01 2.399616943480720188e-01 -4.792964537001697112e-01 -3.837986295707646600e-01 4.842259342947575346e-02 1.017962328275054285e+00 -3.658945621483977728e-01 1.341434534542538907e-02 1.132890626858735345e-01
5.138569190640303042e-01 7.179155168973946344e-01 -1.027557643133046594e-01 -2.432997212454277025e-01 -1.074625878292755909e-01 1.532069678369172017e-01 -8.021924624185096109e-01 5.311395243831983359e-01 -3.764522487485072455e-01 -7.465853720101627011e-02 -1.355196470859721114e-01 8.678802620817005486e-02 2.656073553631846385e-01 -1.923641844676184653e-01 -2.305003339476836277e-01 1.115737635675079914e-01 6.055791879086341867e-01 -2.464774934005867918e-02 -3.847569414179478064e-01 -7.537555984452121161e-02 4.295956236357242886e-02 -2.442517785072276792e-01 1.047277146791838476e+00 9.402193355677165854e-02 -1.398799152513412913e+00 -2.276921367136241159e+00 6.626451303199816234e-01 1.103303821485195257e+01 6.728056389969372386e-01 -2.010816175946618323e+00 -6.724256989427115361e-01 -1.699868275106693805e+00 1.053449007696848128e+00 2.663245200742814789e-01 -6.942064727279201319e-01 -4.997117425255648282e-02 8.396660216522879722e-03 -3.802789519768027260e-01 1.878288398438583418e-01 -5.205938297280399141e-01
3.888317876986196325e-02 2.049858611618976256e-01 -2.266007066485885291e-01 -4.213026112213595908e-01 6.343836353761350341e-04 -4.557504710006972659e-01 3.605585288574513769e-01 3.362775925270175548e-01 -2.486728231368946079e-02 4.016268280263989299e-01 -6.708997108531943032e-02 -6.079996902636002343e-01 3.894499038840640859e-01 4.783623655263970487e-01 -9.219800198565073490e-01 6.923070000629905074e-01 -4.438330592936157726e-01 1.703413008694076858e-01 2.831453215601876794e-01 -7.521406029222752476e-01 -5.079224410736852269e-01 8.898670436760955371e-02 -9.797884217829413989e-03 8.790847464025521862e-01 -8.595319851735654104e-02 -1.283349739456327576e+00 -2.582837158437932157e+00 6.728056389969372386e-01 1.150952088251301220e+01 8.114187913640393823e-01 -2.565632817688476397e+00 -1.878311807562607294e+00 -5.315477088763833624e-01 5.430733366206585977e-01 1.207374597201121558e-01 -3.756372719775249308e-02 1.821917920792575640e-01 2.958936664771019132e-01 -3.550066911982899809e-01 1.432754637469426662e-01
2.154406436575527217e-01 -1.991343554493800738e-01 -1.782216174358863259e-01 1.913989827494338158e-01 5.922064306657687238e-01 -4.983736384267761776e-01 -2.147684984399322872e-01 -6.710877491054598742e-01 -7.580190496998234773e-01 2.132401116793297413e-01 8.929803089942404126e-01 1.167534028981592406e-02 -3.056903856598878685e-02 -1.622091845835466339e-01 -2.346864424303335972e-01 5.845181964798478180e-01 -2.361664179833625754e-01 8.525410310599118580e-02 7.152625548984541393e-01 2.934462726939409127e-01 -3.146610644761040770e-02 -3.195711571407601308e-03 -7.895555657169921471e-01 4.794964900017489873e-01 1.006116340058104575e+00 -2.648535029963373644e-01 -1.033670778654055100e+00 -2.010816175946618323e+00 8.114187913640393823e-01 1.129031704860087082e+01 1.058782414205347244e+00 -2.792212087368271423e+00 -2.196115213170188429e+00 7.184359855909845383e-01 1.563961694409192749e+00 7.494456274401515294e-01 -1.051059049599801565e+00 -2.611765994847611849e-01 3.396039163406421313e-01 2.351388860107454237e-01
1.126848530753748606e-01 3.767892021191894258e-01 3.873396945511897727e-01 -6.572336650413117265e-02 -4.423815671613666178e-01 -6.242995180274694134e-01 -3.545983963787682769e-01 -2.791477956241464331e-01 8.546480675544088079e-01 -2.668840726828419774e-01 1.631359298162465832e-01 -2.996348835175796643e-02 -4.761123762688675431e-01 5.475858106722868504e-03 2.357027755972931071e-01 -2.588152007686725375e-01 2.486048032219724535e-01 -1.487336800353119826e-01 -2.859148667419879608e-01 2.745976238861422836e-01 1.010211056745082964e-01 4.313877112383214807e-01 -3.233705553733672300e-01 -7.628424953389989494e-01 2.454923431840428660e-01 2.839810157706178506e-01 -4.541134445845090295e-01 -6.724256989427115361e-01 -2.565632817688476397e+00 1.058782414205347244e+00 1.064112640490752959e+01 1.308772757108649820e+00 -2.580562192569757052e+00 -4.921671395575896724e-01 -7.987841763582806398e-02 3.979573973564907163e-01 2.914387768101766030e-01 2.973640297232305052e-01 -3.518096649756976002e-01 -4.695873613352729570e-01
-4.963222819591577295e-01 4.300372741179320779e-01 8.094143359969018237e-01 3.061910484005144761e-01 -5.503412760463223252e-01 -5.110222897177851831e-01 8.033871513653043084e-02 1.794104966792579858e-01 8.938716503779643441e-01 2.254415054962389531e-01 3.380467368262563953e-03 -2.140221836942043931e-01 -1.085241714953039949e-01 -3.493769504288413708e-01 2.021962169884968241e-01 3.119181110715579797e-01 9.214553578380069165e-02 -9.101730184045819794e-01 -1.274795597487151932e-01 3.240137237607851328e-01 5.073058284428035858e-01 8.094224118980163085e-02 1.040355959795465496e-01 -5.716113704815267704e-01 5.176217892978970392e-01 5.995922879732014099e-01 1.195387901171736517e-01 -1.699868275106693805e+00 -1.878311807562607294e+00 -2.792212087368271423e+00 1.308772757108649820e+00 1.191546124914204263e+01 7.469919214992414291e-01 -2.340810769979818406e+00 -1.017306951926853609e+00 -1.326244487878613099e-01 1.064428622254348644e+00 6.537993606061495155e-01 -5.640998223112038135e-01 -7.556014943217566060e-01
-8.804523931931435010e-01 1.638849467873813165e-02 2.359381740600140220e-01 9.158046642598006715e-01 -3.095052743119387495e-01 3.062395546427651993e-01 -6.902381521574407763e-01 -2.832448461824471075e-01 2.660303418238402218e-02 6.475225209218355982e-01 -4.246789226622583180e-01 -2.486102040394397653e-02 5.558538360000144785e-01 -1.928158361789535369e-01 -4.462152533159499113e-01 -3.779513459685892585e-01 -1.366731224088689467e-01 -1.787238137343727107e-01 -2.787728423002915901e-01 6.876274195824312596e-02 -2.799376176277226236e-01 6.564404565599859520e-01 4.698128133748506463e-01 1.670462640014786226e-01 3.354330470234599682e-02 -5.944106415189754911e-01 2.399616943480720188e-01 1.053449007696848128e+00 -5.315477088763833624e-01 -2.196115213170188429e+00 -2.580562192569757052e+00 7.469919214992414291e-01 1.142740822951850532e+01 6.178523595449250116e-01 -1.436220476910083033e+00 -1.412023391670668593e+00 -3.089148021097765096e-02 -9.529694513341844739e-03 -1.234658961382012893e-01 -5.019180263246371121e-01
-2.060531583425154190e-01 -3.129801716713007109e-01 -5.138416333068971387e-01 5.326126197549069241e-01 9.628583728340622816e-02 3.643265062831381740e-01 -5.926715471964206783e-01 -5.008089475883074071e-01 -5.012157608755302141e-01 2.512116179095077451e-01 5.593931793715145595e-01 3.182153805770287502e-01 1.596657375457655181e-01 -7.215021020972831600e-01 -6.114110628392426493e-03 -2.646119218117658489e-01 2.242162491923372636e-01 4.596347529135352133e-02 -2.372777584625733460e-01 2.587096490491065937e-01 2.121091449579284860e-01 -5.479634290697303900e-01 -2.326930580084939915e-01 2.027382087114812659e-01 5.840153352834419609e-01 3.536913471816166554e-01 -4.792964537001697112e-01 2.663245200742814789e-01 5.430733366206585977e-01 7.184359855909845383e-01 -4.921671395575896724e-01 -2.340810769979818406e+00 6.178523595449250116e-01 1.065546533352543968e+01 7.880675019060368047e-01 -1.837404403130460384e+00 -7.407210218489098663e-01 -4.887560265764328560e-01 8.404232143025113233e-01 -1.568196249957373029e-02
3.245090796506268083e-01 2.042730832685884235e-01 2.956986342972869192e-02 -2.470122964557162626e-01 7.493997399201688392e-01 3.246351465555618043e-01 3.730588405457948564e-01 -1.145085207832707397e+00 -4.607812287863806144e-01 2.865664992016902501e-01 -4.824905566227827847e-01 -1.659154876726018635e-01 1.776316275702093106e-01 6.303652281350182740e-01 2.116110505124788321e-01 -6.849180646516574988e-01 -8.560255740134506963e-01 1.579061018100568758e-01 3.776459762194289138e-01 1.702548998686191362e-01 8.893788879396284652e-02 -2.574488725355555951e-01 -6.031590257245638131e-01 5.584194133123946413e-01 7.090626260163520600e-01 -3.573168589650567717e-01 -3.837986295707646600e-01 -6.942064727279201319e-01 1.207374597201121558e-01 1.563961694409192749e+00 -7.987841763582806398e-02 -1.017306951926853609e+00 -1.436220476910083033e+00 7.880675019060368047e-01 1.027247473408437806e+01 5.205369215314319398e-01 -2.466404707948445019e+00 -1.409411065193944879e+00 -1.892939917499718849e-01 6.725679973185995086e-01
8.583350348829120735e-01 3.266514789278889275e-01 4.278092031305652521e-01 -1.139735108327577295e+00 6.164868147599664172e-02 2.011790939904356812e-01 1.297429873202508299e-01 -8.366906846585757396e-02 6.514947012725545716e-02 3.786794060668862705e-01 -9.748982097270969538e-01 -9.688279082200197401e-01 4.940216188223328087e-01 4.754478621518655190e-01 6.773707126533784484e-01 3.203600902745437629e-01 -4.520977808733832592e-01 -5.405074202519120075e-01 1.519895203922707605e-01 4.082789471976421836e-01 1.932729890840580445e-01 4.949748086004724379e-01 -7.449277787563183262e-01 -1.698004763638105152e-01 3.558672587842944685e-02 1.468409444278885867e-01 4.842259342947575346e-02 -4.997117425255648282e-02 -3.756372719775249308e-02 7.494456274401515294e-01 3.979573973564907163e-01 -1.326244487878613099e-01 -1.412023391670668593e+00 -1.837404403130460384e+00 5.205369215314319398e-01 1.058398596279954518e+01 7.253954988596906794e-01 -2.244667397537875253e+00 -1.169626021728149112e+00 -5.441414450648587864e-02
1.492912565143744152e-01 9.684757940514583316e-03 3.112619920280858543e-01 2.114788931595732169e-01 4.942381383433719355e-02 8.176983223024823777e-02 -2.250698070037413234e-01 2.790280865197519722e-01 6.442810788065956862e-01 5.339186090857892530e-01 -3.443286278548236545e-01 -5.166227782660477441e-01 -6.041502711235249290e-01 -5.588966367529502044e-01 1.651091513251037590e-01 7.162044202705820650e-01 -7.144880674917537811e-02 -2.763144302146878228e-01 -4.627780798263402273e-01 -1.984090538541297688e-01 -9.371481438491738314e-02 1.131453515660213016e+00 -4.701511691160573797e-02 -4.346351597485749729e-01 -5.413758568651235725e-01 5.779713487887058188e-01 1.017962328275054285e+00 8.396660216522879722e-03 1.821917920792575640e-01 -1.051059049599801565e+00 2.914387768101766030e-01 1.064428622254348644e+00 -3.089148021097765096e-02 -7.407210218489098663e-01 -2.466404707948445019e+00 7.253954988596906794e-01 1.039514646701454836e+01 5.522711884027627915e-01 -3.031677278379981910e+00 1.215087386795861979e-01
-6.774523098951459321e-01 -5.043371990173437514e-01 1.009737361497551889e-01 4.954991110509328611e-01 -3.246962975071723823e-01 -6.587698738315056479e-01 -1.057532724447275141e-01 4.292084389960167945e-01 1.728321350206459273e-01 -1.148189168690793155e-01 3.793838680459281631e-01 7.201021574717295648e-01 -3.640929374491598813e-01 -1.548745251444982596e-01 -8.478645501686778996e-01 6.444894264165944298e-02 7.557022352753240968e-01 7.927626420356898018e-01 -1.772155013084783792e-01 -5.315633038520980458e-01 -8.249308465743508956e-01 1.345113575182136645e-01 8.514078203174010318e-01 -4.113940908180683254e-01 -1.750886141496384718e-01 5.447868499947252641e-01 -3.658945621483977728e-01 -3.802789519768027260e-01 2.958936664771019132e-01 -2.611765994847611849e-01 2.973640297232305052e-01 6.537993606061495155e-01 -9.529694513341844739e-03 -4.887560265764328560e-01 -1.409411065193944879e+00 -2.244667397537875253e+00 5.522711884027627915e-01 1.040127969720411194e+01 6.440218050962965846e-01 -1.510992852960065358e+00
-2.336155968506073322e+00 -1.362502899967071412e+00 -5.956067246990273123e-01 5.412986797872749722e-01 7.734716950249960199e-01 -1.069115198396689524e-02 -6.435031440749719445e-02 -1.398754668308495042e-01 -2.859785365969574333e-01 7.588947465014848903e-02 1.817961170775252433e-01 2.261902428985809455e-01 5.988035418844251945e-01 3.774591589443037076e-01 1.463861330168958197e-01 -5.220350034952770946e-01 1.780804671504349901e-01 3.450880146979310448e-01 3.816821537702763667e-01 -4.495991171343785009e-01 -2.687495285213180596e-01 -3.118893582259449349e-01 2.893410400426215112e-01 -2.497294700960960567e-01 2.327530531150387785e-02 -1.064989949464750091e-02 1.341434534542538907e-02 1.878288398438583418e-01 -3.550066911982899809e-01 3.396039163406421313e-01 -3.518096649756976002e-01 -5.640998223112038135e-01 -1.234658961382012893e-01 8.404232143025113233e-01 -1.892939917499718849e-01 -1.169626021728149112e+00 -3.031677278379981910e+00 6.440218050962965846e-01 9.795604328871272415e+00 4.139507848559888514e-01
